Time,Voltage
0.0,4.032404074814053
0.05550509413613364,4.032392366326886
0.21959453758779415,4.032357752239585
0.4850968342876342,4.032301744308511
0.8404082598485014,4.032226788767424
1.2700000000000018,4.032136159692063
1.7550968342876363,4.032033816227351
2.274497703300164,4.031924229863896
2.805502296699844,4.0318121892595675
3.3249031657123718,4.031702591092052
3.8100000000000054,4.031600226059456
4.239591740151505,4.03150956938183
4.594903165712374,4.031434584976625
4.860405462412214,4.031378551910405
5.024494905863874,4.031343920762249
5.080000000000008,4.031332206241467
5.080000000000008,4.020794080252413
5.571678983489381,4.020743663338273
7.025227203041492,4.020279075832034
9.377117626563699,4.019519048464002
12.52456135692571,4.018485794732837
16.330000000000027,4.017211813743105
20.627117626563717,4.015740658457158
25.22810957647784,4.0141271115285155
29.93189042352225,4.012436411762502
34.53288237343638,4.010742234225322
38.83000000000006,4.009123501505149
42.63543864307437,4.007659844634467
45.782882373436394,4.006426743593555
48.1347727969586,4.005492461997476
49.58832101651071,4.004909550951254
50.080000000000084,4.004711385783899
50.080000000000084,4.018910960531976
52.70228791194341,4.018590367767098
60.454545082887996,4.01696969948241
72.99796067500642,4.014346932613015
89.78432723693716,4.010836249464916
110.08000000000017,4.006590615056353
132.99796067500654,4.001795130916986
157.53658440788183,3.996658996632379
182.6234155921187,3.991406428478642
207.16203932499405,3.98626692024441
230.08000000000038,3.9814652523521987
250.37567276306333,3.977211665199639
267.1620393249941,3.9736926131520405
279.7054549171126,3.9710625055796673
287.4577120880572,3.96943681644371
290.0800000000005,3.9688868984956915
290.0800000000005,3.9400066754497463
295.241910339581,3.9390868452517642
310.50204110688895,3.934996940848106
335.1934513611611,3.9283777646723355
368.2370079917542,3.922244388149577
408.1885490133343,3.914810065748411
453.302000374495,3.9063927244261425
501.6056877723959,3.897353207482199
550.9885082809403,3.8880812076024895
599.2921956788414,3.878981133822612
644.4056470400019,3.8683643384577198
684.3571880615821,3.8578086820721125
717.4007446921751,3.8490823963337433
742.0921549464474,3.8425640363576288
757.3522857137552,3.8385364783947784
762.5141960533358,3.8371743898202357
762.5141960533358,3.87681400564602
778.1228600319475,3.8746013446999212
824.266678453238,3.866865376876414
898.9289450295893,3.8543499406882553
998.8465604423106,3.837802952403709
1119.6526454399523,3.8204316128816913
1256.0673944162058,3.8009117892408035
1402.1288282502178,3.78012428401032
1551.4533614029203,3.760031858684905
1697.514795236932,3.74097273883962
1833.9295442131856,3.723230063928325
1954.735629210827,3.7070879346348433
2054.6532446235487,3.6929250945023746
2129.3155111999004,3.682324169472947
2175.4593296211906,3.6757648047764775
2191.0679935998023,3.673544711630753
2191.0679935998023,3.673544711630754
2214.0523471479855,3.6719886268021362
2282.0008812513147,3.666164017480702
2391.943918916233,3.656758936117222
2539.0764218315558,3.6440052930650695
2716.9679935998033,3.627658329304126
2917.843918916234,3.60928348052956
3132.9249559348864,3.5897161145382857
3352.8110312647223,3.570401392740974
3567.8920682833746,3.5535338265694243
3768.767993599805,3.537952314935146
3946.6595653680524,3.52429625744231
4093.7920682833756,3.5131060690100506
4203.7351059482935,3.5054830410189437
4271.683640051623,3.5009553348420117
4294.667993599806,3.499428653594653
4294.667993599806,3.499428653594653
4295.040477678207,3.499451945084363
4296.141650571807,3.4993533029679824
4297.923385741143,3.4991936961124694
4300.3078128095985,3.4989800993843456
4303.190720872533,3.498721847167384
4306.44611301387,3.4984302255457917
4309.931712975926,3.498117979181656
4313.495183314596,3.497798754415413
4316.980783276652,3.497486502910397
4320.236175417988,3.4971948718958306
4323.119083480923,3.4969366076579567
4325.503510549379,3.4967229983594565
4327.285245718715,3.4965633805576326
4328.386418612315,3.4964647310117694
4328.758902690715,3.496431361644057
4328.758902690715,3.467570381399768
4330.725618624673,3.4672475401278
4336.539811502881,3.4662930410691715
4345.94737319697,3.4647485842920505
4358.537148118418,3.462681761465103
4373.758902690715,3.460183072853827
4390.94737319697,3.457361929191946
4409.351340996626,3.4543418226553957
4428.166464384804,3.451254887913568
4446.5704321844605,3.448236097980283
4463.758902690715,3.445417353376429
4478.980657263013,3.442921721986761
4491.5704321844605,3.44085807842244
4500.97799387855,3.4393163722281206
4506.792186756758,3.4383637269352714
4508.758902690715,3.43804153666791
4508.758902690715,3.4652828885987343
4528.42606203029,3.4626698735206975
4586.567990812375,3.4549343369941847
4680.643607753263,3.4416456707000616
4806.541356967743,3.42375209540725
4958.758902690715,3.4019493568573833
5130.643607753263,3.3741468685227862
5314.6832857498275,3.3431405927948052
5502.834519631603,3.305063616006062
5686.874197628168,3.258609315576534
5858.758902690715,3.211900763294942
6010.976448413688,3.1370320839541987
6136.874197628168,3.075481744146735
6230.949814569056,3.029504384688571
6289.09174335114,2.984770333064448
6308.758902690715,2.9611092253907922
6308.758902690715,2.9611092253907922
6312.036762580645,2.9613615910514497
6321.727084044325,2.9577578461140175
6337.406353534473,2.951925029914148
6358.389311736887,2.9441151733197337
6383.758902690715,2.9346659346565587
6412.406353534473,2.9239863955740946
6443.0796332005675,2.912539819348725
6474.438172180864,2.900823994467593
6505.111451846958,2.8893500197733313
6533.758902690715,2.8786204061387566
6559.1284936445445,2.8691069726621117
6580.111451846958,2.8612298105184175
6595.790721337106,2.8553381907803974
6605.481042800787,2.8516943826995047
6608.758902690716,2.8504612781858345
6608.758902690716,2.850461278185835
6609.695434087839,2.851454346823055
6612.464097363176,2.8509432688697247
6616.943888646076,2.850125142405069
6622.939019561051,2.8490488897598194
6630.187474119288,2.8477766475570347
6638.372460074647,2.8463777558885055
6647.1362542649595,2.8449228990165984
6656.095836830758,2.843479342594313
6664.859631021071,2.8421077348766923
6673.044616976431,2.840860487197812
6680.293071534667,2.8397813446228035
6686.288202449643,2.83890569267387
6690.767993732542,2.8382608931980493
6693.5366570078795,2.8378664484593483
6694.4731884050025,2.8377338239579855
6694.4731884050025,2.8377338239579855
6695.565808368312,2.837893321189991
6698.795915522873,2.837220453035862
6704.022338686255,2.8361359325198965
6711.01665808706,2.834693048230282
6719.4731884050025,2.8329607835643884
6729.022338686255,2.831018934467189
6739.24676524162,2.8289533621244405
6749.699611568385,2.826852078972001
6759.92403812375,2.824802417844463
6769.4731884050025,2.8228889003674933
6777.929718722946,2.8211913124795216
6784.92403812375,2.8197825088037187
6790.150461287133,2.8187254732559204
6793.380568441693,2.818069667959335
6794.4731884050025,2.8178472300466373
