iteration = 2317.0 , objective = [4.47888413], inputs = [0.01       0.01       0.01       0.5        0.5        0.135
 2.         1.         0.0675     0.52359878 1.         0.5
 0.31415927], constraints = [1.3807998149881, 1.023760347135665, 1.3807998149881, 0.4811030397324907, 0.4811030397324907, 1790.6600433120498, 2.0, 2.0]
iteration = 2318.0 , objective = [4.47888583], inputs = [0.01000058 0.00999942 0.01000058 0.49999942 0.50000058 0.13499942
 1.99999942 0.99999942 0.06750058 0.52359819 1.00000058 0.49999942
 0.31415985], constraints = [1.380808051719817, 1.0237749993791632, 1.380808051719817, 0.48110874266385734, 0.48110874266385734, 1790.7811180345186, 2.000003493596646, 2.000000582281296]
iteration = 2319.0 , objective = [9.96861759], inputs = [-0.1742049   0.01        0.12519819  0.7         0.62611793  0.27
  2.          0.92347647  0.19911155  0.59591967  1.00685522  0.54605598
  0.14103888], constraints = [0.06276657011998701, 0.7440810874875758, 0.06276657011998701, 0.6850089296195218, 0.6850089296195218, 6942279.394104537, 1.8438681145059965, 2.165729258671058]
iteration = 2320.0 , objective = [4.5076821], inputs = [-0.11280326  0.01        0.08679879  0.63333333  0.58407862  0.225
  2.          0.94898431  0.15524103  0.57181271  1.00457014  0.53070399
  0.19874568], constraints = [1.301982121998108, 1.2488225803658222, 1.301982121998108, 0.644885985729565, 0.644885985729565, 0.3001777574597159, 1.8929010623278169, 2.1075164033112856]
iteration = 2321.0 , objective = [4.07840815], inputs = [-0.06220007  0.01        0.05515253  0.57839104  0.54943258  0.18791395
  2.          0.9700062   0.11908583  0.55194533  1.00268694  0.51805188
  0.24630383], constraints = [1.779026185910857, 1.367170813317339, 1.779026185910857, 0.5970992248898898, 0.5970992248898898, 43.46270658975404, 1.935495209089127, 2.0618424893529377]
iteration = 2322.0 , objective = [4.77562396], inputs = [-0.01361812  0.01        0.05515253  0.51906715  0.54943258  0.27
  2.          0.98123507  0.1050637   1.0373998   1.04775688  0.6766859
 -0.25296853], constraints = [0.9932267389774693, 0.9777832120218899, 0.9932267389774693, 0.3828573480490099, 0.3828573480490099, 687.8450311202832, 1.5483651692730411, 2.0382475826167443]
iteration = 2323.0 , objective = [4.07840815], inputs = [-0.06220007  0.01        0.05515253  0.57839104  0.54943258  0.18791396
  2.          0.9700062   0.11908583  0.55194533  1.00268694  0.51805188
  0.24630382], constraints = [1.7790261816854696, 1.3671708122809796, 1.7790261816854696, 0.5970992232784429, 0.5970992232784429, 43.46270636052378, 1.9354952063463833, 2.061842489223479]
iteration = 2324.0 , objective = [4.07839016], inputs = [-0.06219828  0.01        0.05515253  0.57838886  0.54943258  0.18791698
  2.          0.97000661  0.11908532  0.55196321  1.0026886   0.51805773
  0.24628544], constraints = [1.7789974949943037, 1.3671637761746205, 1.7789974949943037, 0.5970882831461757, 0.5970882831461757, 43.46115041989316, 1.9354765857713372, 2.0618416103145556]
iteration = 2325.0 , objective = [4.07692156], inputs = [-0.06205088  0.01        0.05515253  0.57820887  0.54943258  0.18816603
  2.          0.97004068  0.11904277  0.55343611  1.00282534  0.51853903
  0.24477061], constraints = [1.7766320210590887, 1.3665815450755738, 1.7766320210590887, 0.5961879460863292, 0.5961879460863292, 43.3350239112864, 1.9339437935847117, 2.0617691956005415]
iteration = 2326.0 , objective = [4.06482889], inputs = [-0.06071493  0.01        0.05515253  0.57657753  0.54943258  0.19042331
  2.          0.97034946  0.11865718  0.56678556  1.00406472  0.52290129
  0.23104118], constraints = [1.7550455031326562, 1.3610837876073356, 1.7550455031326562, 0.5881231585848091, 0.5881231585848091, 42.37911401847518, 1.9201802251699585, 2.0611131067290938]
iteration = 2327.0 , objective = [4.22083639], inputs = [-0.05905263  0.01        0.05635524  0.50449855  0.54875376  0.23309068
  2.          0.9754431   0.08402809  0.59950899  1.00683374  0.55100794
  0.17399454], constraints = [1.0981116512192322, 1.1940439892426005, 1.0981116512192322, 0.3570332081287114, 0.3570332081287114, 13.947222598871653, 1.8272581422976308, 2.050350236503102]
iteration = 2328.0 , objective = [4.08592579], inputs = [-0.06025103  0.01        0.05548817  0.55646234  0.54924314  0.20233055
  2.          0.97177095  0.10899319  0.57591774  1.00483747  0.53074505
  0.2151211 ], constraints = [1.5522329054927995, 1.3138943175901234, 1.5522329054927995, 0.5157153548010519, 0.5157153548010519, 32.021539480886545, 1.8932582934754953, 2.0580981470223527]
iteration = 2329.0 , objective = [4.2452287], inputs = [-0.03523523  0.01        0.05700117  0.44265128  0.54663953  0.27
  2.          0.97463221  0.11885043  0.62444874  1.00180255  0.58682581
  0.13083492], constraints = [0.9890378372970848, 1.4549687939433489, 0.9890378372970848, 0.42897707050999345, 0.42897707050999345, 10.709019216229393, 1.7071548935580287, 2.0520561378385787]
iteration = 2330.0 , objective = [4.29657402], inputs = [-0.04956509  0.01        0.05622106  0.45451138  0.5473876   0.27
  2.          0.96904845  0.11692365  0.54278915  0.98407327  0.57917579
  0.20607501], constraints = [0.9979460725522933, 1.3981615836642587, 0.9979460725522933, 0.42280165086185906, 0.42280165086185906, 5.035484039588361, 1.6990925599236686, 2.0638803037091926]
iteration = 2331.0 , objective = [4.24801559], inputs = [-0.03684408  0.01        0.05691359  0.44398284  0.54672352  0.27
  2.          0.9740053   0.11863411  0.6152806   0.99981204  0.58596692
  0.13928233], constraints = [0.9902416941106629, 1.4490883331609299, 0.9902416941106629, 0.4282839706264126, 0.4282839706264126, 9.706358102688203, 1.7062602044131194, 2.0533769126713333]
iteration = 2332.0 , objective = [4.29165317], inputs = [-0.03590486  0.01        0.05657249  0.44512541  0.5470552   0.27
  2.          0.96598837  0.15000222  0.58267459  0.97955687  0.61499672
  0.15460517], constraints = [0.9966067879582161, 1.4823940926235082, 0.9966067879582161, 0.5305071589216013, 0.5305071589216013, 4.016727542699565, 1.5927839020089165, 2.070418292415666]
iteration = 2333.0 , objective = [4.2565852], inputs = [-0.03662573  0.01        0.05683429  0.44424847  0.54680063  0.27
  2.          0.97214149  0.12592669  0.60770022  0.99510303  0.59271588
  0.14284464], constraints = [0.9923189096150947, 1.4580964971053527, 0.9923189096150947, 0.452354413477353, 0.452354413477353, 7.916689645316738, 1.6788870687370618, 2.0573136851373177]
iteration = 2334.0 , objective = [4.27907783], inputs = [-0.011921    0.01        0.05607007  0.43564649  0.54767943  0.27
  2.          0.9530542   0.1533112   0.51834768  0.93797474  0.68767767
  0.18106673], constraints = [1.033101251977776, 1.592289306706127, 1.033101251977776, 0.5415155479058881, 0.5415155479058881, 4.494929302669424, 1.363974403811276, 2.0985165479463856]
iteration = 2335.0 , objective = [4.26070867], inputs = [-0.02945125  0.01        0.05661235  0.44175038  0.54705584  0.27
  2.          0.96659837  0.1338794   0.58175143  0.97851246  0.62029365
  0.15394469], constraints = [0.9973699773450125, 1.4889507319596222, 0.9973699773450125, 0.4785124372703011, 0.4785124372703011, 6.319834823262049, 1.5774987450136344, 2.0691117060353554]
iteration = 2336.0 , objective = [4.29600576], inputs = [-0.0098762   0.01        0.05651721  0.43923325  0.54710939  0.27
  2.          0.95270113  0.16980769  0.55566986  0.94151999  0.70141273
  0.13795889], constraints = [1.0038783834641503, 1.547215581011226, 1.0038783834641503, 0.5936081486945655, 0.5936081486945655, 2.9715475044682917, 1.342319500703433, 2.0992942372022925]
iteration = 2337.0 , objective = [4.27189254], inputs = [-0.02326435  0.01        0.05658228  0.44095482  0.54707276  0.27
  2.          0.962206    0.14523491  0.57350808  0.9668206   0.64593218
  0.14889221], constraints = [0.9984559105938018, 1.506859875403936, 0.9984559105938018, 0.5153612576856342, 0.5153612576856342, 4.915517522525368, 1.4967834450372142, 2.0785569772378336]
iteration = 2338.0 , objective = [4.28548692], inputs = [0.01543199 0.01       0.05638902 0.43224494 0.54723136 0.27
 2.         0.93912963 0.1798343  0.51853235 0.9021614  0.78455551
 0.13288478], constraints = [1.0345520720399677, 1.6414385069687223, 1.0345520720399677, 0.625313192587271, 0.625313192587271, 2.9421756156574457, 1.1499012996125626, 2.1296314610637856]
iteration = 2339.0 , objective = [4.27947504], inputs = [-0.00920874  0.01        0.05651208  0.43779114  0.54713037  0.27
  2.          0.95382401  0.1578024   0.55353933  0.94333454  0.69628412
  0.14307786], constraints = [1.0036334080255827, 1.5463312574071453, 1.0036334080255827, 0.5557556758423898, 0.5557556758423898, 3.8542537149480305, 1.3548126481115692, 2.096822881193949]
iteration = 2340.0 , objective = [4.31389911], inputs = [0.01113461 0.01       0.05675175 0.44122687 0.54673625 0.27
 2.         0.93788727 0.18433357 0.54754478 0.90374658 0.78251643
 0.1061413 ], constraints = [1.0021502702598986, 1.5438570065352843, 1.0021502702598986, 0.6392597293488103, 0.6392597293488103, 2.0584945930412486, 1.154923444154953, 2.132452442979436]
iteration = 2341.0 , objective = [4.29331555], inputs = [-8.66826269e-04  1.00000000e-02  5.66103612e-02  4.39199984e-01
  5.46968758e-01  2.70000000e-01  2.00000000e+00  9.47289050e-01
  1.68681663e-01  5.51081225e-01  9.27101253e-01  7.31644206e-01
  1.27931795e-01], constraints = [1.0024439199943578, 1.5451100712346406, 1.0024439199943578, 0.5902742326398278, 0.5902742326398278, 2.9362966699802038, 1.2671476723864326, 2.1112879949558647]
iteration = 2342.0 , objective = [4.30102782], inputs = [0.04049471 0.01       0.05674142 0.43347675 0.54663678 0.27
 2.         0.91934315 0.19201656 0.50819232 0.85102846 0.88745298
 0.09516589], constraints = [1.0360836047053916, 1.644485852255155, 1.0360836047053916, 0.6635662398616028, 0.6635662398616028, 2.0560268317524777, 0.9589561121930362, 2.1754662461165584]
iteration = 2343.0 , objective = [4.29991321], inputs = [0.01494168 0.01       0.05666045 0.43701255 0.54684188 0.27
 2.         0.93660805 0.17760033 0.53468896 0.898026   0.79119478
 0.11540857], constraints = [1.0069326541619068, 1.5731019466408296, 1.0069326541619068, 0.6184823230405118, 0.6184823230405118, 2.4234687207124526, 1.1350251866777574, 2.135364957587065]
iteration = 2344.0 , objective = [4.33024763], inputs = [0.02807488 0.01       0.05702404 0.44718261 0.54623957 0.27
 2.         0.92021992 0.18325883 0.53436595 0.85746905 0.86223337
 0.08573748], constraints = [1.0011242937468867, 1.5034915488300065, 1.0011242937468867, 0.6366406565465397, 0.6366406565465397, 1.4979329375929828, 0.9944744479378012, 2.173393500106301]
iteration = 2345.0 , objective = [4.32868378], inputs = [0.05344673 0.01       0.05726207 0.4443743  0.54575023 0.27
 2.         0.89875065 0.18255    0.50862386 0.80008309 0.96674399
 0.06582849], constraints = [1.0148860110990332, 1.5374381762002334, 1.0148860110990332, 0.6354095725080909, 0.6354095725080909, 1.3572270697117457, 0.8276059581049158, 2.2253113318663607]
iteration = 2346.0 , objective = [4.33098732], inputs = [0.04317582 0.01       0.05716571 0.44551114 0.54594832 0.27
 2.         0.90744173 0.18283695 0.51904465 0.82331379 0.92443651
 0.07388795], constraints = [1.0058340767503284, 1.5197091703629877, 1.0058340767503284, 0.6358926258874862, 0.6358926258874862, 1.3778291715156925, 0.8906115003352217, 2.2039982568872922]
iteration = 2347.0 , objective = [4.33710577], inputs = [0.05327368 0.01       0.05743913 0.45080365 0.54546188 0.27
 2.         0.89402736 0.17248553 0.51186847 0.79186958 0.97532936
 0.05963496], constraints = [1.0021624229838633, 1.474430409152117, 1.0021624229838633, 0.6044351349862158, 0.6044351349862158, 1.2301177585074705, 0.8118996608476292, 2.23706801073266]
iteration = 2348.0 , objective = [4.32061461], inputs = [0.08193387 0.01       0.05810577 0.46087831 0.54429388 0.27
 2.         0.86236222 0.14372778 0.4891165  0.72706385 1.09338271
 0.01818962], constraints = [1.0116696433928953, 1.402689279099578, 1.0116696433928953, 0.5152835394828476, 0.5152835394828476, 1.3479139503688162, 0.6649673912520935, 2.319211065717616]
iteration = 2349.0 , objective = [4.32140065], inputs = [ 0.10379679  0.01        0.05928292  0.49861734  0.54228031  0.27
  2.          0.81449154  0.07568258  0.4762409   0.63717492  1.22945489
 -0.03001314], constraints = [0.9843932279196094, 1.131631009421984, 0.9843932279196094, 0.2927240554577278, 0.2927240554577278, 1.3719012216665807, 0.5182580695818015, 2.455519686636818]
iteration = 2350.0 , objective = [4.3196165], inputs = [ 0.09771388  0.01        0.0589554   0.48811722  0.54284054  0.27
  2.          0.82781058  0.09461478  0.47982327  0.66218469  1.19159557
 -0.0166017 ], constraints = [0.9955937315379639, 1.2051963923173452, 0.9955937315379639, 0.3561402914696774, 0.3561402914696774, 1.3253787950343399, 0.555712617205277, 2.4160116366206834]
iteration = 2351.0 , objective = [4.32132381], inputs = [ 0.10814526  0.01        0.05946968  0.50558673  0.54205395  0.27
  2.          0.80308159  0.0773892   0.48585866  0.63172615  1.24648653
 -0.04853013], constraints = [0.997755577205035, 1.115772331781149, 0.997755577205035, 0.29964207140395466, 0.29964207140395466, 1.2142708345619224, 0.5068054386447917, 2.4904069946777123]
iteration = 2352.0 , objective = [4.32062179], inputs = [ 0.11446457  0.01        0.05951527  0.49511474  0.5420319   0.27
  2.          0.79418655  0.09073942  0.49435439  0.63082335  1.26144313
 -0.06116726], constraints = [0.9977464262064769, 1.1736735953010653, 0.9977464262064769, 0.34602766006241636, 0.34602766006241636, 1.2083854460125456, 0.5000806902922081, 2.5183000107151003]
iteration = 2353.0 , objective = [4.31992435], inputs = [ 0.11276231  0.01        0.05950261  0.49562041  0.54204582  0.27
  2.          0.79085517  0.08970185  0.4951962   0.63169432  1.26338833
 -0.05621819], constraints = [1.0000026974117955, 1.1729281247263321, 1.0000026974117955, 0.3428391248332535, 0.3428391248332535, 1.2005555101182608, 0.5000001242366096, 2.528908054587237]
iteration = 2354.0 , objective = [4.3192435], inputs = [ 0.10961943  0.01        0.05951923  0.49457066  0.54201348  0.27
  2.          0.77470907  0.08740689  0.50026731  0.63763667  1.27527334
 -0.0464747 ], constraints = [1.0000362468412427, 1.17755251784599, 1.0000362468412427, 0.336718792671701, 0.336718792671701, 1.2010187101328142, 0.5000000011578325, 2.5816142779703277]
iteration = 2355.0 , objective = [4.31788548], inputs = [ 0.10259921  0.01        0.05963018  0.49452392  0.54183501  0.27
  2.          0.72969839  0.07931483  0.51457189  0.65474079  1.30948157
 -0.02692258], constraints = [1.000362648019523, 1.176143336477788, 1.000362648019523, 0.3146045195418002, 0.3146045195418002, 1.2024942656101834, 0.5000000000302467, 2.740858453971394]
iteration = 2356.0 , objective = [4.31665349], inputs = [ 0.09670739  0.01        0.05980172  0.49274622  0.54158306  0.27
  2.          0.67459563  0.07285191  0.53420854  0.6767616   1.35352321
 -0.0109248 ], constraints = [1.0006358234537152, 1.1854126414633026, 1.0006358234537152, 0.3010997805739354, 0.3010997805739354, 1.1999295371829501, 0.5000000000009841, 2.9647390295263447]
iteration = 2357.0 , objective = [4.31537413], inputs = [ 0.09335459  0.01        0.0600273   0.48883336  0.54127132  0.27
  2.          0.61618333  0.06947706  0.55762844  0.70204077  1.40408154
 -0.00215014], constraints = [1.0004792609693884, 1.2078739024779481, 1.0004792609693884, 0.30166608235717857, 0.30166608235717857, 1.204493174197017, 0.5000000000000354, 3.245787263919461]
iteration = 2358.0 , objective = [4.31551664], inputs = [ 0.09397358  0.01        0.06006391  0.49017309  0.54122481  0.27
  2.          0.61783409  0.0691072   0.55911987  0.70295926  1.40591852
 -0.00556307], constraints = [0.99998069291248, 1.2005632941067632, 0.99998069291248, 0.30000120118467444, 0.30000120118467444, 1.2007209999426283, 0.5000000000000354, 3.237115004555003]
iteration = 2359.0 , objective = [4.31546962], inputs = [ 0.09468263  0.01        0.06007137  0.49138943  0.54122049  0.27
  2.          0.62601964  0.06967283  0.5588856   0.70184757  1.40369513
 -0.00871043], constraints = [1.000007242344718, 1.1943132423047051, 1.000007242344718, 0.3000385203041624, 0.3000385203041624, 1.2002048205806122, 0.5000000000000355, 3.19478796712564]
iteration = 2360.0 , objective = [4.31544407], inputs = [ 0.09429254  0.01        0.06007903  0.49163323  0.5412127   0.27
  2.          0.62809749  0.06979964  0.56041618  0.70281366  1.40562732
 -0.00802529], constraints = [1.000000499204336, 1.19300415813105, 1.000000499204336, 0.30000241108680153, 0.30000241108680153, 1.2000079221701268, 0.5000000000000354, 3.1842190457946575]
iteration = 2361.0 , objective = [4.31495398], inputs = [0.08666218 0.01       0.06018775 0.49414938 0.54110365 0.27
 2.         0.6566744  0.07167784 0.58639314 0.7200443  1.44008859
 0.00813106], constraints = [1.0000456305171013, 1.1792916785411967, 1.0000456305171013, 0.30043280291646735, 0.30043280291646735, 1.2010917220673663, 0.5000000000000354, 3.045649420549106]
iteration = 2362.0 , objective = [4.31488123], inputs = [0.08259952 0.01       0.06021884 0.49478383 0.54107564 0.27
 2.         0.66787295 0.07219161 0.59745615 0.72739319 1.45478638
 0.01788309], constraints = [1.000006919390621, 1.1753733862540474, 1.000006919390621, 0.30005960259175907, 0.30005960259175907, 1.2002794180133844, 0.5000000000000354, 2.994581550323252]
iteration = 2363.0 , objective = [4.31484158], inputs = [0.08046063 0.01       0.06022302 0.49457041 0.54107524 0.27
 2.         0.67094258 0.0723402  0.60224429 0.73060515 1.4612103
 0.02367261], constraints = [0.9999982057235014, 1.1760761133612352, 0.9999982057235014, 0.3000042999267174, 0.3000042999267174, 1.2002260385032726, 0.5000000000000354, 2.9808809974388017]
iteration = 2364.0 , objective = [4.31485014], inputs = [0.0797845  0.01       0.06022605 0.49437683 0.54107289 0.27
 2.         0.67016167 0.07229737 0.60392434 0.73177356 1.46354711
 0.02554667], constraints = [1.0000000288399664, 1.1770202957028528, 1.0000000288399664, 0.30000027584864886, 0.30000027584864886, 1.2000161008564605, 0.5000000000000354, 2.9843545111375334]
iteration = 2365.0 , objective = [4.31485036], inputs = [0.07973162 0.01       0.0602252  0.49433405 0.54107483 0.27
 2.         0.66981423 0.07227872 0.60405853 0.73173187 1.46346374
 0.02570218], constraints = [1.0000003525277, 1.1772492720556418, 1.0000003525277, 0.3000000547741899, 0.3000000547741899, 1.200000061272614, 0.5000000000000354, 2.985902524072628]
iteration = 2366.0 , objective = [4.31484372], inputs = [0.07921795 0.01       0.06021388 0.49402792 0.54110152 0.27
 2.         0.66722457 0.07214005 0.60554508 0.73077302 1.46154605
 0.02704364], constraints = [1.0000024802875624, 1.1789393673397817, 1.0000024802875624, 0.30000305906653296, 0.30000305906653296, 1.2000111496445334, 0.5000000000000354, 2.9974915388493795]
iteration = 2367.0 , objective = [4.3148223], inputs = [0.07913098 0.01       0.06018023 0.49343929 0.54117094 0.27
 2.         0.66055559 0.07177749 0.60614415 0.72643646 1.45287292
 0.0272381 ], constraints = [1.0000189529479007, 1.1823882397650505, 1.0000189529479007, 0.3000206745379964, 0.3000206745379964, 1.2001173993541303, 0.5000000000000354, 3.027754249423204]
iteration = 2368.0 , objective = [4.31480609], inputs = [0.07793216 0.01       0.06015171 0.49332199 0.54124236 0.27
 2.         0.65948922 0.07171171 0.61006571 0.7233737  1.44674741
 0.02973982], constraints = [1.0000124663972376, 1.1832323533503657, 1.0000124663972376, 0.3000005406049684, 0.3000005406049684, 1.2001042809120708, 0.5000000000000354, 3.0326500403285923]
iteration = 2369.0 , objective = [4.01339201], inputs = [-0.10938556  0.01        0.05590363  0.48088911  0.5520069   0.27
  2.          0.55812931  0.06600087  1.22382472  0.26979566  0.53959131
  0.41773964], constraints = [1.700569981019168, 1.92858336326801, 1.700569981019168, 0.30580435438639586, 0.30580435438639586, 99.70246274596265, 0.5000000000000355, 3.583398973457107]
iteration = 2370.0 , objective = [4.17340312], inputs = [-0.04031267  0.01        0.0574701   0.4854737   0.54803751  0.27
  2.          0.5955055   0.06810673  0.99750278  0.43705131  0.87410262
  0.27466578], constraints = [1.185279788480268, 1.4234095123599266, 1.185279788480268, 0.3021701916547596, 0.3021701916547596, 4.736158814747995, 0.5000000000000354, 3.358491248481107]
iteration = 2371.0 , objective = [4.27382872], inputs = [0.01123091 0.01       0.05863903 0.48889481 0.54507547 0.27
 2.         0.62339636 0.06967816 0.82861681 0.56186083 1.12372166
 0.16790119], constraints = [1.0457695412409058, 1.261853739258591, 1.0457695412409058, 0.30065953773279275, 0.30065953773279275, 1.6920873337956825, 0.5000000000000354, 3.208231781196374]
iteration = 2372.0 , objective = [4.31442742], inputs = [0.07176052 0.01       0.06001175 0.49291236 0.54159703 0.27
 2.         0.65614967 0.07152355 0.63028748 0.70842948 1.41685896
 0.04252342], constraints = [1.0003176837236498, 1.1868149050584382, 1.0003176837236498, 0.30000587380209376, 0.30000587380209376, 1.20275728404747, 0.5000000000000353, 3.048085052946651]
iteration = 2373.0 , objective = [4.31264548], inputs = [0.06209658 0.01       0.05979259 0.49227093 0.54215238 0.27
 2.         0.6509204  0.07122892 0.66195202 0.68502886 1.37005773
 0.06254078], constraints = [1.0021030946319063, 1.1936282822691582, 1.0021030946319063, 0.3000360213641366, 0.3000360213641366, 1.2185366734541532, 0.5000000000000354, 3.072572337819289]
iteration = 2374.0 , objective = [4.2797938], inputs = [-0.00308003  0.01        0.05852602  0.48776402  0.54542887  0.27
  2.          0.6184875   0.06931234  0.86886595  0.55122288  1.10244576
  0.19665116], constraints = [1.0387751932694556, 1.262652894858334, 1.0387751932694556, 0.3005512261839071, 0.3005512261839071, 1.615653451055632, 0.5000000000000354, 3.2336950855145425]
iteration = 2375.0 , objective = [4.30761099], inputs = [0.03462824 0.01       0.0592588  0.49037152 0.54353324 0.27
 2.         0.63725172 0.07042119 0.74915483 0.62863702 1.25727405
 0.1190609 ], constraints = [1.007260309670398, 1.2129156257712292, 1.007260309670398, 0.3001157971534008, 0.3001157971534008, 1.2670458559859012, 0.5000000000000354, 3.138477206508851]
iteration = 2376.0 , objective = [4.31140971], inputs = [0.04758533 0.01       0.05951059 0.49126749 0.54288188 0.27
 2.         0.64369937 0.07080221 0.7080204  0.65523761 1.31047522
 0.0923998 ], constraints = [1.0032483962450125, 1.2023441869288392, 1.0032483962450125, 0.30005422854492564, 0.30005422854492564, 1.229112044642323, 0.5000000000000354, 3.1070404857927976]
iteration = 2377.0 , objective = [4.31158426], inputs = [0.02345417 0.01       0.05919218 0.48999478 0.54379265 0.27
 2.         0.63489702 0.07025039 0.78392415 0.62350059 1.24700118
 0.14199509], constraints = [1.0027547111376094, 1.2117881129826782, 1.0027547111376094, 0.3000404398542435, 0.3000404398542435, 1.2250154691604513, 0.5000000000000354, 3.150117173697457]
iteration = 2378.0 , objective = [4.31056963], inputs = [-0.00841596  0.01        0.0588952   0.48955609  0.54476428  0.27
  2.          0.63320423  0.07013097  0.88555997  0.59569414  1.19138827
  0.20678749], constraints = [1.00327208834337, 1.2181245553801225, 1.00327208834337, 0.3000015413009494, 0.3000015413009494, 1.229833232585909, 0.5000000000000355, 3.1585386023532362]
iteration = 2379.0 , objective = [4.29120444], inputs = [-0.09711054  0.01        0.05822848  0.49048495  0.54716085  0.27
  2.          0.64858767  0.07111692  1.16894848  0.5354343   1.07086861
  0.38495328], constraints = [1.0228093151701505, 1.2398486226614953, 1.0228093151701505, 0.300124966811691, 0.300124966811691, 1.4212239162307312, 0.5000000000000354, 3.0836232194354256]
iteration = 2380.0 , objective = [4.30524651], inputs = [-0.05704439  0.01        0.05852966  0.49006536  0.54607824  0.27
  2.          0.64163848  0.07067154  1.04093292  0.56265558  1.12531116
  0.30447015], constraints = [1.0079912738803467, 1.2245101405801497, 1.0079912738803467, 0.30003867802461043, 0.30003867802461043, 1.273780423417655, 0.5000000000000355, 3.117020025396537]
iteration = 2381.0 , objective = [4.26286051], inputs = [-0.22308797  0.01        0.05767134  0.49344575  0.54979361  0.27
  2.          0.68236939  0.07316594  1.57079633  0.4933834   0.9867668
  0.6358884 ], constraints = [1.0530907660634148, 1.2621822063462265, 1.0530907660634148, 0.3008086853183433, 0.3008086853183433, 1.7716519025161546, 0.5000000000000354, 2.9309638456957865]
iteration = 2382.0 , objective = [4.29712579], inputs = [-0.13505968  0.01        0.05812638  0.49165363  0.5478239   0.27
  2.          0.66077583  0.07184353  1.28988833  0.53010817  1.06021633
  0.46018644], constraints = [1.0151958827628864, 1.2292725177308066, 1.0151958827628864, 0.3002051624619502, 0.3002051624619502, 1.3447194342832423, 0.5000000000000355, 3.0267451041248252]
iteration = 2383.0 , objective = [4.30553906], inputs = [-0.22288295  0.01        0.05789718  0.49526815  0.54935512  0.27
  2.          0.69466032  0.07368083  1.57079633  0.51766578  1.03533156
  0.63342761], constraints = [1.0044552886567433, 1.2064438286452386, 1.0044552886567433, 0.30051628923036705, 0.30051628923036705, 1.2569672111971681, 0.5000000000000354, 2.879104990108178]
iteration = 2384.0 , objective = [4.30840438], inputs = [-0.22615543  0.01        0.05782297  0.49586704  0.54946608  0.27
  2.          0.70840768  0.07418138  1.57079633  0.50471504  1.00943008
  0.63558607], constraints = [1.0007240630774823, 1.1991373301173007, 1.0007240630774823, 0.3000745824140129, 0.3000745824140129, 1.2111473153515353, 0.5000000000000353, 2.823233092776879]
iteration = 2385.0 , objective = [4.3044751], inputs = [-0.23442814  0.01        0.05771705  0.4966408   0.54959704  0.27
  2.          0.70841457  0.07415996  1.57079633  0.48970236  0.96147138
  0.64038023], constraints = [1.0035245714270409, 1.198342148214268, 1.0035245714270409, 0.29999999914138004, 0.29999999914138004, 1.2394127157424184, 0.5093259847182878, 2.823205646286262]
iteration = 2386.0 , objective = [4.30789417], inputs = [-0.23244381  0.01        0.0577098   0.49394195  0.54962838  0.27
  2.          0.68052552  0.07292676  1.57079633  0.48048592  0.95125647
  0.63552032], constraints = [1.00009932206585, 1.2103386778319378, 1.00009932206585, 0.3003073301232199, 0.3003073301232199, 1.2004785044520594, 0.5051066011630225, 2.9389052129646407]
iteration = 2387.0 , objective = [4.30790632], inputs = [-0.23071249  0.01        0.05772449  0.49253423  0.54961879  0.27
  2.          0.65997231  0.07179358  1.57079633  0.47817327  0.94936153
  0.63168198], constraints = [1.0000524258270742, 1.2186508981517994, 1.0000524258270742, 0.3001884013829575, 0.3001884013829575, 1.1998658557410748, 0.5036787968619387, 3.0304301605855923]
iteration = 2388.0 , objective = [4.30788993], inputs = [-0.2299222   0.01        0.05773321  0.49284763  0.54961063  0.27
  2.          0.66288442  0.07190242  1.57079633  0.47854071  0.95168277
  0.63041307], constraints = [1.000011470615905, 1.2168477289746753, 1.000011470615905, 0.3000040182130892, 0.3000040182130892, 1.2001168116775625, 0.5028363645831457, 3.017117228106992]
iteration = 2389.0 , objective = [4.3078622], inputs = [-0.22772879  0.01        0.05774779  0.49324339  0.54960586  0.27
  2.          0.66733305  0.07214772  1.57079633  0.47700014  0.9539872
  0.6263881 ], constraints = [1.000018182916855, 1.2146683224986081, 1.000018182916855, 0.30000922709185573, 0.30000922709185573, 1.2001290495019565, 0.5000068514645312, 2.997004275790018]
iteration = 2390.0 , objective = [4.30787187], inputs = [-0.227815    0.01        0.0577457   0.4933243   0.54960942  0.27
  2.          0.66803145  0.07218289  1.57079633  0.47629056  0.95258114
  0.62617697], constraints = [1.0000028394180636, 1.2142189190373027, 1.0000028394180636, 0.30000022399780796, 0.30000022399780796, 1.2000266369317985, 0.4999999898868556, 2.993871036200908]
iteration = 2391.0 , objective = [4.30787067], inputs = [-0.22788056  0.01        0.05774372  0.49329664  0.5496129   0.27
  2.          0.667408    0.07214915  1.57079633  0.4755453   0.9510906
  0.62594666], constraints = [1.000003098732084, 1.2144086115514066, 1.000003098732084, 0.300000178254127, 0.300000178254127, 1.2000302182210976, 0.5000000000158492, 2.9966677239880117]
iteration = 2392.0 , objective = [4.30787353], inputs = [-0.22787747  0.01        0.0577437   0.49326787  0.54961295  0.27
  2.          0.66706525  0.07213053  1.57079633  0.47552474  0.95104949
  0.62594357], constraints = [1.0000003556127166, 1.2145704395814332, 1.0000003556127166, 0.3000000540098812, 0.3000000540098812, 1.1999999486067447, 0.4999999999999992, 2.99820743911377]
iteration = 2393.0 , objective = [4.30787353], inputs = [-0.22787801  0.01        0.05774366  0.4932591   0.549613    0.27
  2.          0.66697762  0.07212576  1.57079633  0.47552334  0.95104667
  0.62595063], constraints = [1.0000003405890878, 1.2146191563665811, 1.0000003405890878, 0.3000000035346307, 0.3000000035346307, 1.1999999956013152, 0.4999999999999992, 2.9986013419581212]
