iteration = 803.0 , objective = [3.33491623], inputs = [0.01       0.01       0.01       0.5        0.5        0.135
 2.         1.         0.0675     0.52359878 1.         0.5
 0.31415927], constraints = [1.3807998149881, 1.023760347135665, 1.3807998149881, 0.4811030397324907, 0.4811030397324907, 1790.6600433120498, 2.0, 2.0]
iteration = 804.0 , objective = [3.33491923], inputs = [0.01000058 0.00999942 0.01000058 0.49999942 0.50000058 0.13499942
 1.99999942 0.99999942 0.06750058 0.52359819 1.00000058 0.49999942
 0.31415985], constraints = [1.380808051719817, 1.0237749993791632, 1.380808051719817, 0.48110874266385734, 0.48110874266385734, 1790.7811180345186, 2.000003493596646, 2.000000582281296]
iteration = 805.0 , objective = [2.2078754], inputs = [0.03747843 0.01       0.01       0.3        0.5        0.24798767
 2.         0.99644382 0.09611708 0.55003849 1.00383218 0.50019486
 0.30479373], constraints = [0.7194502763590209, 1.7684228479236999, 0.7194502763590209, 0.3809639707871599, 0.3809639707871599, 663.6611052683311, 2.006882244468075, 2.0071377402978947]
iteration = 806.0 , objective = [1.17260433], inputs = [-0.09743007  0.01        0.14721303  0.4691721   0.64370493  0.12641552
  1.99082059  1.01812516  0.027       0.51684726  0.99749712  0.51916306
  0.25907694], constraints = [0.3992387910016099, 0.987771623442945, 0.3992387910016099, 0.2185111077574154, 0.2185111077574154, 6.910032085422733, 1.9213561116181401, 1.9553790277282173]
iteration = 807.0 , objective = [1.67959839], inputs = [-0.03702896  0.01        0.27926642  0.34550652  0.74173352  0.27
  2.          0.92836119  0.14754043  0.6053058   0.9975469   0.56911004
  0.17140092], constraints = [0.6233801595718494, 5.424366262033697, 0.6233801595718494, 0.5240622897955348, 0.5240622897955348, 4.807595401162526, 1.7528190330168705, 2.1543339081777715]
iteration = 808.0 , objective = [1.14011212], inputs = [-0.08780911  0.01        0.16824707  0.44947411  0.65931935  0.14928628
  1.99228273  1.00382717  0.04620021  0.53093732  0.99750505  0.52711883
  0.24511152], constraints = [0.4836306464866307, 1.4514852525711206, 0.4836306464866307, 0.30919078288945473, 0.30919078288945473, 6.236408495888119, 1.8923722455171146, 1.9846869999307666]
iteration = 809.0 , objective = [1.11982008], inputs = [-0.09520903  0.01        0.15206883  0.46462474  0.64730959  0.13169533
  1.99115813  1.01482441  0.03143245  0.52010001  0.99749895  0.52099968
  0.25585297], constraints = [0.4207053714736082, 1.0900749920149684, 0.4207053714736082, 0.24247935019834727, 0.24247935019834727, 6.715586949554032, 1.9145864732631892, 1.962071581872501]
iteration = 810.0 , objective = [8.5845834], inputs = [-0.08380927  0.01        0.52359878  0.7         0.85        0.26342257
  2.          0.75484275  0.06973186  0.76323223  0.98861992  0.71483303
 -0.09916034], constraints = [0.26778286565014225, 5.9787336128556205, 0.26778286565014225, 0.28443849678664535, 0.28443849678664535, 28269.882609437103, 1.3830081771600256, 2.649558472265995]
iteration = 811.0 , objective = [4.76027108], inputs = [-0.08760919  0.01        0.39975546  0.62154158  0.78243653  0.21951349
  1.99705271  0.8415033   0.05696539  0.68218816  0.9915796   0.65022191
  0.01917743], constraints = [0.5803368863871592, 3.7463929261373417, 0.5803368863871592, 0.27106065712562927, 0.27106065712562927, 0.41203436002206417, 1.524986435386565, 2.373196523518909]
iteration = 812.0 , objective = [1.12474269], inputs = [-0.09516508  0.01        0.15350103  0.46553208  0.64809094  0.13220313
  1.99119222  1.01382221  0.03158009  0.52103725  0.99746472  0.52174689
  0.25448444], constraints = [0.422936443689632, 1.099388554746866, 0.422936443689632, 0.24270043214714773, 0.24270043214714773, 6.542785709856439, 1.9117789603176956, 1.9640447717908571]
iteration = 813.0 , objective = [2.40738747], inputs = [ 0.08382622  0.01        0.36428096  0.3         0.85        0.27
  2.          0.60793171  0.1544253   0.91959899  0.99508432  0.80315919
 -0.26497061], constraints = [0.3886828115137911, 8.541515842382971, 0.3886828115137911, 0.5825454176073531, 0.5825454176073531, 80.4354610720489, 1.2389627469169866, 3.2898432061774128]
iteration = 814.0 , objective = [1.3531951], inputs = [-0.03285052  0.01        0.22688257  0.40790325  0.71838415  0.18017613
  1.99425859  0.87251431  0.07434778  0.6597937   0.996636    0.61971859
  0.07363984], constraints = [0.5305650063584043, 2.754352475505106, 0.5305650063584043, 0.4092295708001203, 0.4092295708001203, 11.331188996340515, 1.6082073642447146, 2.285645717785646]
iteration = 815.0 , objective = [1.10606061], inputs = [-0.08826193  0.01        0.16163017  0.45914801  0.65587795  0.13751753
  1.99153191  0.99816825  0.03631786  0.53640856  0.99737291  0.5326001
  0.23445064], constraints = [0.44393480542276287, 1.243268235942709, 0.44393480542276287, 0.26701275630494054, 0.26701275630494054, 6.423399079249201, 1.8726487508860445, 1.9951865839053429]
iteration = 816.0 , objective = [1.12389339], inputs = [-0.09477204  0.01        0.15396387  0.46516859  0.6485343   0.13250571
  1.99121156  1.01293093  0.03184984  0.52191244  0.99745949  0.52236483
  0.25334378], constraints = [0.4241994233522459, 1.1073739015244588, 0.4241994233522459, 0.244140263479444, 0.244140263479444, 6.53134870800759, 1.9095073738550774, 1.9657920319794995]
iteration = 817.0 , objective = [1.13616131], inputs = [-0.09514394  0.01        0.15431371  0.46604694  0.6485343   0.13249975
  1.99121156  1.01325353  0.031666    0.52156908  0.9974453   0.52217088
  0.25370788], constraints = [0.42420261072150767, 1.1047500309014575, 0.42420261072150767, 0.2428260378904397, 0.2428260378904397, 6.444147689874483, 1.9101894456740711, 1.9651661693825897]
iteration = 818.0 , objective = [2.58258908], inputs = [ 0.01846666  0.01        0.40393867  0.46938876  0.85        0.27
  2.          0.81959401  0.09273175  0.85679144  1.11433627  0.60722085
 -0.23748323], constraints = [0.9257364961924691, 7.285932350383454, 0.9257364961924691, 0.3504606733210119, 0.3504606733210119, 615450.3695895439, 1.8351416605685522, 2.4402325650752297]
iteration = 819.0 , objective = [1.12389339], inputs = [-0.09477204  0.01        0.15396387  0.46516859  0.6485343   0.13250571
  1.99121156  1.01293093  0.03184984  0.52191244  0.99745949  0.52236483
  0.25334378], constraints = [0.4241994233527624, 1.1073739015269881, 0.4241994233527624, 0.24414026347962797, 0.24414026347962797, 6.531348708002781, 1.909507373855, 1.965792031979844]
iteration = 820.0 , objective = [1.12389418], inputs = [-0.09477199  0.01        0.15396399  0.46516859  0.6485344   0.13250577
  1.99121156  1.01293084  0.03184987  0.5219126   0.99745955  0.52236487
  0.25334355], constraints = [0.4241996960881422, 1.1073752363076896, 0.4241996960881422, 0.24414036059185917, 0.24414036059185917, 6.531346182751309, 1.909507332908657, 1.9657922138118908]
iteration = 821.0 , objective = [1.12446636], inputs = [-0.09473302  0.01        0.15405001  0.46517004  0.64860372  0.13255309
  1.99121459  1.01286431  0.03187082  0.52202784  0.99749977  0.52239407
  0.25317465], constraints = [0.42439782611290094, 1.108345245390001, 0.42439782611290094, 0.24421088760441875, 0.24421088760441875, 6.529517231038983, 1.909477587093116, 1.9659243233164285]
iteration = 822.0 , objective = [1.13365735], inputs = [-0.09410639  0.01        0.15543331  0.4651934   0.64971858  0.13331395
  1.99126322  1.01179443  0.03220773  0.52388097  0.99814653  0.52286364
  0.25045853], constraints = [0.4275801145141227, 1.124011821329384, 0.4275801145141227, 0.2453382414168323, 0.2453382414168323, 6.501849411147951, 1.9089996988280242, 1.9680511717450295]
iteration = 823.0 , objective = [1.12165093], inputs = [-0.09372342  0.01        0.15520019  0.46419767  0.64971858  0.13331395
  1.99126322  1.01041966  0.03257242  0.52425018  0.99744553  0.52401543
  0.25029695], constraints = [0.427553244931053, 1.1289305849834057, 0.427553244931053, 0.2479708381888525, 0.2479708381888525, 6.50206676229341, 1.9034659394470534, 1.9707288884073586]
iteration = 824.0 , objective = [2.18102432], inputs = [-0.12400515  0.01        0.2476462   0.3         0.68255901  0.27
  2.          0.25        0.14576174  0.74007818  0.59207679  0.6960669
  0.46712884], constraints = [0.4496410175558185, 4.95555294566824, 0.4496410175558185, 0.7819907579925618, 0.7819907579925618, 0.2117565010428555, 0.850603283321511, 8.0]
iteration = 825.0 , objective = [5.39511629], inputs = [-0.41995544  0.01        0.52359878  0.49960857  0.85        0.27
  2.          0.34141632  0.2249292   1.13913235  0.45079513  0.25
  0.77424448], constraints = [2.5070908570047448, 13.899143447229328, 2.5070908570047448, 0.9180213688372237, 0.9180213688372237, 28.19886262966002, 1.8031805127474108, 5.857950854613074]
iteration = 826.0 , objective = [3.29311248], inputs = [-0.31219418  0.01        0.42311907  0.42692721  0.78903148  0.27
  2.          0.30812986  0.19610279  0.99382896  0.50223853  0.41242164
  0.6624177 ], constraints = [1.1309880114606963, 9.42706407459934, 1.1309880114606963, 0.8648891447459823, 0.8648891447459823, 0.7880342585632569, 1.2177792844072926, 6.490769921541232]
iteration = 827.0 , objective = [1.87020408], inputs = [0.06741146 0.01       0.2476462  0.3        0.68255901 0.27
 2.         0.25       0.1705627  1.0060963  0.64144314 0.93654182
 0.09798387], constraints = [0.7952889636780988, 6.281072703140495, 0.7952889636780988, 0.8560811859881028, 0.8560811859881028, 55.64197873153827, 0.6849060269274381, 8.0]
iteration = 828.0 , objective = [2.18804377], inputs = [-0.25447834  0.01        0.41647721  0.37746792  0.79904651  0.27
  2.          0.31408955  0.21016665  0.83093099  0.45819284  0.44431509
  0.69557416], constraints = [1.0133848091232505, 10.220541607748352, 1.0133848091232505, 0.8998399924476772, 0.8998399924476772, 1.9056827594803374, 1.0312340314090367, 6.367610845256679]
iteration = 829.0 , objective = [2.60739643], inputs = [-0.27582226  0.01        0.41893344  0.39575848  0.79534285  0.27
  2.          0.31188559  0.20496569  0.89117237  0.4744814   0.43252056
  0.68331255], constraints = [1.0544732325748702, 9.905966452406325, 1.0544732325748702, 0.8869520443714978, 0.8869520443714978, 1.26918174926984, 1.0970146775335048, 6.412607904818996]
iteration = 830.0 , objective = [2.23687308], inputs = [-0.23776323  0.01        0.44543452  0.38186345  0.82954656  0.27
  2.          0.33079276  0.21574038  0.90926041  0.41389325  0.43517982
  0.60590871], constraints = [0.9936688095973418, 11.36062513509882, 0.9936688095973418, 0.9007363656293592, 0.9007363656293592, 1.1629603409077789, 0.9510855768405628, 6.046081602274233]
iteration = 831.0 , objective = [2.13193078], inputs = [-0.18796833  0.01        0.47506748  0.37818969  0.85        0.27
  2.          0.38490039  0.23184411  0.93652324  0.32184431  0.45215441
  0.52222494], constraints = [0.9826821085083302, 12.464613108723642, 0.9826821085083302, 0.9056463021968031, 0.9056463021968031, 1.0584419491562356, 0.7118017732817076, 5.196149526736482]
iteration = 832.0 , objective = [2.15989501], inputs = [-0.20142105  0.01        0.46706176  0.3791822   0.84447425  0.27
  2.          0.37028254  0.22749349  0.92915785  0.34671248  0.44756851
  0.54483316], constraints = [0.9892868592324306, 12.17442029578824, 0.9892868592324306, 0.903280344743696, 0.903280344743696, 1.115912670417258, 0.77465790830012, 5.401280917153642]
iteration = 833.0 , objective = [2.05832453], inputs = [-0.13287487  0.01        0.48594034  0.37578827  0.84749243  0.27
  2.          0.44370064  0.24465604  0.95278888  0.25342756  0.48583482
  0.44199072], constraints = [0.983584468448227, 12.587816929436377, 0.983584468448227, 0.9083343595554009, 0.9083343595554009, 1.0615414635308222, 0.5216331667606283, 4.5075436027256]
iteration = 834.0 , objective = [2.05531101], inputs = [-0.11649949  0.01        0.47887204  0.37653764  0.83510053  0.27
  2.          0.46570455  0.24553618  0.9614763   0.25134893  0.50199851
  0.41420849], constraints = [1.0007462884974858, 12.127194018819571, 1.0007462884974858, 0.9005688977116216, 0.9005688977116216, 1.2202606438581314, 0.5006965593286941, 4.294568307336419]
iteration = 835.0 , objective = [2.04960895], inputs = [-0.10814976  0.01        0.47124408  0.37683759  0.82512672  0.27
  2.          0.45759787  0.24407199  0.97444155  0.25413694  0.50826515
  0.38961575], constraints = [0.9999723703677857, 11.723502068957693, 0.9999723703677857, 0.9000726404893721, 0.9000726404893721, 1.2102337668416001, 0.5000085882119961, 4.370649749843778]
iteration = 836.0 , objective = [2.0523351], inputs = [-0.10653283  0.01        0.46922448  0.37693029  0.82337205  0.27
  2.          0.44959142  0.24274759  0.97423055  0.25556564  0.51113124
  0.38653482], constraints = [1.0000316404696703, 11.645162218028926, 1.0000316404696703, 0.9000739629507871, 0.9000739629507871, 1.2003705773726199, 0.5000000481570481, 4.448483494130157]
iteration = 837.0 , objective = [2.03307611], inputs = [-0.09564978  0.01        0.45998224  0.37570528  0.81904684  0.27
  2.          0.39586283  0.23365336  0.96485462  0.26959717  0.53919434
  0.37657709], constraints = [1.002937214333889, 11.450258615631107, 1.002937214333889, 0.9037427327731777, 0.9037427327731777, 1.223802496734277, 0.5000000025063984, 5.052255043712334]
iteration = 838.0 , objective = [2.02303481], inputs = [-0.08949451  0.01        0.46005202  0.37534694  0.82652946  0.27
  2.          0.36315662  0.22513919  0.95574653  0.28443465  0.5688693
  0.37718298], constraints = [1.002688118820141, 11.660991238686364, 1.002688118820141, 0.9017242908709656, 0.9017242908709656, 1.223616761487854, 0.5000000001307459, 5.507265771758698]
iteration = 839.0 , objective = [2.00171406], inputs = [-0.0874901   0.01        0.47318405  0.37422701  0.85        0.27
  2.          0.33302706  0.21675453  0.9535757   0.31181681  0.62363362
  0.39781694], constraints = [1.0063464798077082, 12.554091084251576, 1.0063464798077082, 0.9017165760683026, 0.9017165760683026, 1.2629423917423797, 0.5000000000114814, 6.005517962473733]
iteration = 840.0 , objective = [1.97344452], inputs = [-0.09376389  0.01        0.47711693  0.37284647  0.85        0.27
  2.          0.32485675  0.21371103  0.97425008  0.34584621  0.69169242
  0.4349481 ], constraints = [1.005757766136231, 12.618686539511454, 1.005757766136231, 0.900139042742075, 0.900139042742075, 1.2630309283670789, 0.5000000000011298, 6.156559745947329]
iteration = 841.0 , objective = [1.9012822], inputs = [-0.11517604  0.01        0.48628264  0.36902293  0.83260458  0.27
  2.          0.34093526  0.21866644  1.07100272  0.42975647  0.85951293
  0.52482993], constraints = [1.0180569410177474, 12.313024653963073, 1.0180569410177474, 0.9005468992203449, 0.9005468992203449, 1.4074152051452484, 0.5000000000002206, 5.866216277739482]
iteration = 842.0 , objective = [1.93108825], inputs = [-0.10572439  0.01        0.48223676  0.3707107   0.84028318  0.27
  2.          0.33383797  0.21647905  1.02829466  0.39271722  0.78543444
  0.48515474], constraints = [1.0086027720925637, 12.438595211065504, 1.0086027720925637, 0.9002340987541025, 0.9002340987541025, 1.2936441472522264, 0.500000000000574, 5.990930308657552]
iteration = 843.0 , objective = [1.77136654], inputs = [-0.16976702  0.01        0.50093344  0.36239631  0.78852962  0.27
  2.          0.38786495  0.2324918   1.29431108  0.60859007  1.17496047
  0.69888842], constraints = [1.0503969700871, 11.35763140741441, 1.0503969700871, 0.9055440855483378, 0.9055440855483378, 1.918732448409851, 0.5179664224122176, 5.156433985698675]
iteration = 844.0 , objective = [1.85762451], inputs = [-0.13295508  0.01        0.49018652  0.36717545  0.81827776  0.27
  2.          0.35681004  0.22328761  1.14140386  0.48450556  0.95105947
  0.57603351], constraints = [1.0155784687477976, 11.958836642404826, 1.0155784687477976, 0.9011902314048501, 0.9011902314048501, 1.376344884963531, 0.5094377106764691, 5.605223445887342]
iteration = 845.0 , objective = [1.66080713], inputs = [-0.26527805  0.01        0.51509283  0.35792366  0.75374381  0.27
  2.          0.40360826  0.2353354   1.52881715  0.85725455  1.5
  0.93519117], constraints = [1.0566343533523577, 10.524335964771359, 1.0566343533523577, 0.9037699104235174, 0.9037699104235174, 2.3776640372572393, 0.5715030317263681, 4.955299981868371]
iteration = 846.0 , objective = [1.7561667], inputs = [-0.19811146  0.01        0.50245049  0.36261983  0.78650097  0.27
  2.          0.37985368  0.22921999  1.33216778  0.66804872  1.22136008
  0.75288424], constraints = [1.022677909213494, 11.23003714540395, 1.022677909213494, 0.901554812782208, 0.901554812782208, 1.5031567037617153, 0.5469711422776298, 5.265185289812352]
iteration = 847.0 , objective = [1.8035404], inputs = [-0.16687062  0.01        0.49657022  0.36480414  0.80173714  0.27
  2.          0.36880483  0.22637556  1.24070128  0.58004439  1.09175774
  0.66808877], constraints = [1.0157749554832005, 11.571587159744533, 1.0157749554832005, 0.9011475514098116, 0.9011475514098116, 1.3869550789510798, 0.5312940517336244, 5.422922412648359]
iteration = 848.0 , objective = [1.63422809], inputs = [-0.2651317   0.01        0.51059627  0.35818664  0.73586806  0.27
  2.          0.43920286  0.24365544  1.57075151  0.85866089  1.5
  0.91660564], constraints = [1.0276200063321508, 9.919825814947975, 1.0276200063321508, 0.9077420638810765, 0.9077420638810765, 2.0141288286425585, 0.5724405912290621, 4.553704418345957]
iteration = 849.0 , objective = [1.7133215], inputs = [-0.21766311  0.01        0.50382048  0.36138346  0.76768851  0.27
  2.          0.40519454  0.23530777  1.41130876  0.72406507  1.30278375
  0.79655054], constraints = [1.015278271612458, 10.698282498632892, 1.015278271612458, 0.902740547734113, 0.902740547734113, 1.4288205428537029, 0.5557830074471783, 4.935900715741068]
iteration = 850.0 , objective = [1.74411737], inputs = [-0.19994413  0.01        0.50129122  0.36257677  0.77956639  0.27
  2.          0.39249998  0.23219176  1.35179229  0.67382341  1.22916726
  0.75173661], constraints = [1.0137349881317381, 10.999615501452094, 1.0137349881317381, 0.9017078934420512, 0.9017078934420512, 1.37777773798229, 0.5481950535991519, 5.095541700211288]
iteration = 851.0 , objective = [1.68519926], inputs = [-0.26355598  0.01        0.50778801  0.36083504  0.74530937  0.27
  2.          0.42578837  0.23903682  1.52742168  0.83561308  1.44008946
  0.89918876], constraints = [1.0070606297577824, 10.074831503990469, 1.0070606297577824, 0.9016422865317422, 0.9016422865317422, 1.456425949559794, 0.5802508180745618, 4.697169147445111]
iteration = 852.0 , objective = [1.71374343], inputs = [-0.23218263  0.01        0.5045838   0.36169406  0.76220493  0.27
  2.          0.40937054  0.23566084  1.44080129  0.75581845  1.33606267
  0.82646539], constraints = [1.008590952715443, 10.52266031059412, 1.008590952715443, 0.9012756384817918, 0.9012756384817918, 1.3395592141129797, 0.5657058357803547, 4.885549393977458]
iteration = 853.0 , objective = [1.72908555], inputs = [-0.23509619  0.01        0.50292051  0.36261691  0.75781635  0.27
  2.          0.41738785  0.23686235  1.44546338  0.75517086  1.3313094
  0.82773553], constraints = [0.9999703846472758, 10.344950728922287, 0.9999703846472758, 0.900091815229964, 0.900091815229964, 1.2065115516996416, 0.56723918380351, 4.791706326382908]
iteration = 854.0 , objective = [1.73156342], inputs = [-0.22761033  0.01        0.50087494  0.3629017   0.75613649  0.27
  2.          0.42011543  0.23736972  1.44088507  0.74215641  1.31862142
  0.80850367], constraints = [1.000000511858116, 10.276895792385247, 1.000000511858116, 0.9000102679880517, 0.9000102679880517, 1.2016054204702071, 0.5628275116027951, 4.760596378800896]
iteration = 855.0 , objective = [1.73020597], inputs = [-0.23169561  0.01        0.50199128  0.36274628  0.75705325  0.27
  2.          0.4186269   0.23709283  1.4433836   0.74925882  1.32554567
  0.81899913], constraints = [0.9999834225660942, 10.317371980101173, 0.9999834225660942, 0.9000522307134832, 0.9000522307134832, 1.2038828693221588, 0.5652455749025344, 4.777523849695114]
iteration = 856.0 , objective = [1.73203815], inputs = [-0.23086326  0.01        0.50189925  0.36281539  0.75825225  0.27
  2.          0.41457425  0.23627746  1.44064159  0.74836682  1.32340435
  0.81673697], constraints = [1.0000020409691806, 10.349248962693816, 1.0000020409691806, 0.9000227315034391, 0.9000227315034391, 1.200009088301918, 0.5654861393627881, 4.824226247477561]
iteration = 857.0 , objective = [1.73203484], inputs = [-0.23076505  0.01        0.50204696  0.36280537  0.75895058  0.27
  2.          0.41195352  0.2357437   1.44022484  0.74898147  1.32420284
  0.81658307], constraints = [1.0000008958322828, 10.370645157864683, 1.0000008958322828, 0.9000096739090563, 0.9000096739090563, 1.1999950085034472, 0.5656093184128254, 4.854916583987345]
iteration = 858.0 , objective = [1.73201797], inputs = [-0.22993372  0.01        0.50211762  0.36280056  0.75927065  0.27
  2.          0.41074673  0.23549504  1.43967129  0.74775038  1.3240076
  0.81484519], constraints = [1.0000000819991475, 10.380476390959338, 1.0000000819991475, 0.9000020726941826, 0.9000020726941826, 1.2000005357906796, 0.5647629067699556, 4.869180541614434]
iteration = 859.0 , objective = [1.73188311], inputs = [-0.22471894  0.01        0.50250115  0.3627821   0.75995575  0.27
  2.          0.40676924  0.23468118  1.4386449   0.73946167  1.32394557
  0.8040632 ], constraints = [0.999999661566621, 10.403976208516953, 0.999999661566621, 0.9000227634800207, 0.9000227634800207, 1.1999467376912705, 0.5585287520286948, 4.916792682579134]
iteration = 860.0 , objective = [1.73166429], inputs = [-0.21299635  0.01        0.50313684  0.36276652  0.76003271  0.27
  2.          0.40260202  0.23380443  1.43797555  0.7197205   1.32341644
  0.77979303], constraints = [0.9999530956262093, 10.412398800414547, 0.9999530956262093, 0.9000254751486503, 0.9000254751486503, 1.1994014583455939, 0.5438352385870698, 4.967684956171809]
iteration = 861.0 , objective = [1.73130014], inputs = [-0.186726    0.01        0.50440724  0.36274981  0.75815437  0.27
  2.          0.39880374  0.23298725  1.44023507  0.67490539  1.32399878
  0.72556511], constraints = [0.9996632299737254, 10.371037228228918, 0.9996632299737254, 0.9000215820513118, 0.9000215820513118, 1.1960627852737447, 0.5097477424235847, 5.014998117897794]
iteration = 862.0 , objective = [1.73092518], inputs = [-0.1801689   0.01        0.50474483  0.36274473  0.75573257  0.27
  2.          0.40189452  0.23364973  1.4459276   0.664239    1.32839235
  0.71243094], constraints = [0.9999646192417836, 10.306625902806468, 0.9999646192417836, 0.9000144010127378, 0.9000144010127378, 1.1995887561859355, 0.5000322400269703, 4.976430146983787]
iteration = 863.0 , objective = [1.73069354], inputs = [-0.18098775  0.01        0.50438083  0.36278115  0.75300851  0.27
  2.          0.40932036  0.23523028  1.45091321  0.6650964   1.33019268
  0.71398573], constraints = [1.0000077380550743, 10.225795169684309, 1.0000077380550743, 0.9000812751266591, 0.9000812751266591, 1.199999704781539, 0.5000000436347655, 4.886148362079876]
iteration = 864.0 , objective = [1.73078134], inputs = [-0.18104858  0.01        0.50440061  0.36278659  0.7530055   0.27
  2.          0.41004628  0.23535114  1.45056229  0.66479388  1.32958776
  0.71414206], constraints = [0.9999998030288211, 10.225685705537924, 0.9999998030288211, 0.9000007611958684, 0.9000007611958684, 1.2000070289113665, 0.4999999999801474, 4.877498275084412]
iteration = 865.0 , objective = [1.73078483], inputs = [-0.18110388  0.01        0.50446878  0.36278554  0.75304573  0.27
  2.          0.41017266  0.2353768   1.45065697  0.6648394   1.32967879
  0.71429017], constraints = [0.9999996632305831, 10.227522648142145, 0.9999996632305831, 0.9000000229109413, 0.9000000229109413, 1.2000002174907802, 0.49999999999999867, 4.8759954212187075]
iteration = 866.0 , objective = [1.73078492], inputs = [-0.18111286  0.01        0.50452805  0.36278537  0.75311721  0.27
  2.          0.4101862   0.23537957  1.45067523  0.66484429  1.32968859
  0.71431314], constraints = [0.9999996602237731, 10.230125769889305, 0.9999996602237731, 0.9000000002628731, 0.9000000002628731, 1.2000000034614628, 0.49999999999999867, 4.875834443864196]
iteration = 867.0 , objective = [1.73078435], inputs = [-0.1812017   0.01        0.50544969  0.36278397  0.75427326  0.27
  2.          0.41029316  0.23540149  1.45087728  0.66486962  1.32973924
  0.71453061], constraints = [0.9999996599840589, 10.271896247510226, 0.9999996599840589, 0.9000000163956166, 0.9000000163956166, 1.2000002076632703, 0.49999999999999867, 4.874563292654205]
iteration = 868.0 , objective = [1.7307835], inputs = [-0.1813389   0.01        0.50744577  0.36278239  0.75682517  0.27
  2.          0.41041346  0.23542613  1.45122583  0.66486888  1.32973776
  0.71484968], constraints = [0.9999996621528132, 10.357648214336512, 0.9999996621528132, 0.9000000207251138, 0.9000000207251138, 1.2000002865705675, 0.49999999999999867, 4.8731345394879835]
iteration = 869.0 , objective = [1.73078062], inputs = [-0.18170497  0.01        0.5139773   0.36277941  0.76524768  0.27
  2.          0.41064018  0.23547255  1.45223272  0.66478301  1.32956603
  0.71566585], constraints = [0.9999997255546571, 10.661786509239318, 0.9999997255546571, 0.9000000735667372, 0.9000000735667372, 1.2000016567755498, 0.49999999999999867, 4.870443944428243]
iteration = 870.0 , objective = [1.73077638], inputs = [-0.18216679  0.01        0.52359878  0.36277743  0.77776167  0.27
  2.          0.41080249  0.23550572  1.45362862  0.6645908   1.3291816
  0.71665042], constraints = [0.9999998557985149, 11.118441245329581, 0.9999998557985149, 0.9000000376613725, 0.9000000376613725, 1.2000024556200817, 0.49999999999999867, 4.8685197216553915]
iteration = 871.0 , objective = [1.7307739], inputs = [-0.18210095  0.01        0.52359878  0.36277962  0.77798847  0.27
  2.          0.4106533   0.23547522  1.4535587   0.66450693  1.32901386
  0.71645791], constraints = [0.9999996731606045, 11.12509853311353, 0.9999996731606045, 0.900000031812548, 0.900000031812548, 1.200000703419247, 0.49999999999999867, 4.8702884425929875]
iteration = 872.0 , objective = [1.73076813], inputs = [-0.18186995  0.01        0.52359878  0.36278589  0.77894638  0.27
  2.          0.41011914  0.23536596  1.4531711   0.66411731  1.32823462
  0.71578843], constraints = [0.9999998464055356, 11.153308561093754, 0.9999998464055356, 0.9000004083789446, 0.9000004083789446, 1.2000064647524928, 0.49999999999999867, 4.876631743318927]
iteration = 873.0 , objective = [1.7307705], inputs = [-0.18189048  0.01        0.52359878  0.36278639  0.77919249  0.27
  2.          0.41009936  0.23536176  1.45328257  0.66413142  1.32826284
  0.71582748], constraints = [0.9999996597461015, 11.160569491413295, 0.9999996597461015, 0.9000000005599317, 0.9000000005599317, 1.200000039891942, 0.49999999999999867, 4.876866883384426]
iteration = 874.0 , objective = [1.73076662], inputs = [-0.18214875  0.01        0.52359878  0.36278866  0.78230761  0.27
  2.          0.40998659  0.23533863  1.45441645  0.66414554  1.32829109
  0.71633673], constraints = [0.9999996506932087, 11.252795264137843, 0.9999996506932087, 0.9000000182380203, 0.9000000182380203, 1.2000018641244785, 0.49999999999999867, 4.878208311802988]
iteration = 875.0 , objective = [1.73076134], inputs = [-0.1826543   0.01        0.52359878  0.36279111  0.78871299  0.27
  2.          0.40986391  0.23531345  1.4563643   0.66395305  1.32790611
  0.71733489], constraints = [0.9999999091733255, 11.443707226830398, 0.9999999091733255, 0.9000000215954488, 0.9000000215954488, 1.2000046615939612, 0.49999999999999867, 4.8796684315373335]
iteration = 876.0 , objective = [1.73074149], inputs = [-0.18449961  0.01        0.52359878  0.36279601  0.81217941  0.27
  2.          0.40960947  0.2352612   1.46301088  0.66296654  1.32593307
  0.72100218], constraints = [1.0000044963592347, 12.15707483451002, 1.0000044963592347, 0.9000000929779167, 0.9000000929779167, 1.200060191789837, 0.49999999999999867, 4.882699661889518]
iteration = 877.0 , objective = [1.73071316], inputs = [-0.18747472  0.01        0.52359878  0.36279955  0.85        0.27
  2.          0.40943288  0.23522487  1.47318491  0.66104408  1.32208815
  0.72693594], constraints = [1.000015377537527, 13.352817959632853, 1.000015377537527, 0.9000000448305009, 0.9000000448305009, 1.2001711133709485, 0.49999999999999867, 4.884805564504518]
iteration = 878.0 , objective = [1.73067116], inputs = [-0.19095367  0.01        0.46908808  0.36280022  0.85        0.27
  2.          0.40931692  0.23520099  1.48474235  0.65865929  1.31731859
  0.73389474], constraints = [1.0000228197443854, 12.688728786466159, 1.0000228197443854, 0.9000000193455625, 0.9000000193455625, 1.2002452246109678, 0.49999999999999867, 4.886189406726592]
iteration = 879.0 , objective = [1.73072739], inputs = [-0.21725956  0.01        0.04785391  0.36279766  0.84537514  0.27
  2.          0.40889202  0.23511351  1.57079633  0.63912729  1.27825457
  0.78632843], constraints = [1.0015291403449875, 5.945066000751617, 1.0015291403449875, 0.9000002600370557, 0.9000002600370557, 1.2162076411315939, 0.4999999999999987, 4.891266894241004]
iteration = 880.0 , objective = [1.73058459], inputs = [-0.20542538  0.01        0.23735374  0.36279881  0.84745572  0.27
  2.          0.40908317  0.23515286  1.53208338  0.64791411  1.29582823
  0.76274019], constraints = [1.00046583609631, 8.768720923887805, 1.00046583609631, 0.9000000873767177, 0.9000000873767177, 1.204918080739338, 0.4999999999999987, 4.8889813892591185]
iteration = 881.0 , objective = [1.73032963], inputs = [-0.21773913  0.01        0.01184662  0.36278793  0.81865761  0.27
  2.          0.40904151  0.23514425  1.57079633  0.638479    1.276958
  0.78712642], constraints = [1.0003558642536698, 4.96750405708668, 1.0003558642536698, 0.9000000025003809, 0.9000000025003809, 1.203791912652807, 0.4999999999999987, 4.889479289021815]
iteration = 882.0 , objective = [1.73020484], inputs = [-0.21815534  0.01       -0.00575397  0.36277448  0.80592289  0.27
  2.          0.40960161  0.23525971  1.57079633  0.63809118  1.27618236
  0.78808131], constraints = [0.9999999485688923, 4.518494202231969, 0.9999999485688923, 0.9000004517022112, 0.9000004517022112, 1.200041406695811, 0.49999999999999867, 4.882793333265385]
iteration = 883.0 , objective = [1.73022155], inputs = [-0.21823126  0.01       -0.00839778  0.36277511  0.80533867  0.27
  2.          0.40978389  0.23529703  1.57079633  0.63770083  1.27540165
  0.78818174], constraints = [0.9999999345802102, 4.4686357247655355, 0.9999999345802102, 0.9000000477474251, 0.9000000477474251, 1.2000045185492607, 0.49999999999999867, 4.8806213935821186]
iteration = 884.0 , objective = [1.73022229], inputs = [-0.21822862  0.01       -0.00837182  0.36277503  0.80530964  0.27
  2.          0.409758    0.23529169  1.57079633  0.63772008  1.27544017
  0.78817976], constraints = [0.9999996609890083, 4.46869934908271, 0.9999996609890083, 0.9000000009624705, 0.9000000009624705, 1.200000009327772, 0.49999999999999867, 4.880929762453122]
