iteration = 1150.0 , objective = [3.74347619], inputs = [0.01       0.01       0.01       0.5        0.5        0.135
 2.         1.         0.0675     0.52359878 1.         0.5
 0.31415927], constraints = [1.3807998149881, 1.023760347135665, 1.3807998149881, 0.4811030397324907, 0.4811030397324907, 1790.6600433120498, 2.0, 2.0]
iteration = 1151.0 , objective = [3.74347873], inputs = [0.01000058 0.00999942 0.01000058 0.49999942 0.50000058 0.13499942
 1.99999942 0.99999942 0.06750058 0.52359819 1.00000058 0.49999942
 0.31415985], constraints = [1.380808051719817, 1.0237749993791632, 1.380808051719817, 0.48110874266385734, 0.48110874266385734, 1790.7811180345186, 2.000003493596646, 2.000000582281296]
iteration = 1152.0 , objective = [3.16516674], inputs = [0.03835168 0.01       0.01       0.3        0.5        0.24810405
 2.         0.99829106 0.0961833  0.56602548 1.00642675 0.50097895
 0.29194979], constraints = [0.7211831617336311, 1.7694165159310413, 0.7211831617336311, 0.3809831696006258, 0.3809831696006258, 672.895952998402, 2.0089202398641866, 2.003423730856913]
iteration = 1153.0 , objective = [nan], inputs = [-0.23412751  0.01        0.29953499  0.45469894  0.79983777  0.23564302
  1.99955087  1.00368847  0.06922677  0.52874365  0.99524828  0.55473589
  0.16482463], constraints = [-0.3931084386753141, 1.3683240429398393, -0.3931084386753141, 0.2945417900620878, 0.2945417900620878, 107060.53461250273, 1.7940939020331523, 1.9922026882257937]
iteration = 1154.0 , objective = [3.04124005], inputs = [0.01110376 0.01       0.0389535  0.31546989 0.52998378 0.24685795
 1.99995509 0.9988308  0.09348764 0.5622973  1.0053089  0.50635464
 0.27923727], constraints = [0.7245188416656598, 1.751166137884048, 0.7245188416656598, 0.3728333949049817, 0.3728333949049817, 368.58332780099295, 1.9853849802491979, 2.0022961693998473]
iteration = 1155.0 , objective = [3.13390734], inputs = [-0.12692756  0.01        0.22764576  0.50595013  0.72788633  0.15533002
  1.99469555  1.01315475  0.03914343  0.55043077  1.00080556  0.53357911
  0.2090693 ], constraints = [0.3272884330468415, 1.6357696593771451, 0.3272884330468415, 0.2551080933627688, 0.2551080933627688, 0.1029006256496881, 1.8756460643642427, 1.968796522242859]
iteration = 1156.0 , objective = [2.67215643], inputs = [-0.02766151  0.01        0.07857982  0.35095274  0.57283536  0.27
  2.          0.99979266  0.09366804  0.5409634   0.99841601  0.51746194
  0.27076265], constraints = [0.7606361936551331, 2.0007700904522236, 0.7606361936551331, 0.3437812882685572, 0.3437812882685572, 73.11076266438513, 1.929448208352687, 2.000414770838742]
iteration = 1157.0 , objective = [3.16602935], inputs = [-0.09296215  0.01        0.22155783  0.53069786  0.71754776  0.11975231
  1.9921944   1.01876823  0.02880958  0.56604645  1.00564044  0.52649062
  0.21791896], constraints = [0.5531241704223846, 1.4474142847842286, 0.5531241704223846, 0.24414954068914224, 0.24414954068914224, 14.697716476154845, 1.9100823263775766, 1.9554932585408369]
iteration = 1158.0 , objective = [2.90157171], inputs = [-0.06607495  0.01        0.07653584  0.35469768  0.57231862  0.27
  1.98497214  1.045435    0.0907975   0.39553697  0.96209658  0.50881591
  0.39567163], constraints = [0.6015565565451516, 1.6926522077856732, 0.6015565565451516, 0.3328978074455013, 0.3328978074455013, 26.273180325052, 1.8908539784542315, 1.8987045082057954]
iteration = 1159.0 , objective = [3.91868534], inputs = [-0.13288558  0.01        0.17431633  0.51208138  0.66927406  0.26032947
  1.95520753  1.11740089  0.07831645  0.40445696  0.99616235  0.36481652
  0.38886687], constraints = [0.9137846765841179, 2.195138273001314, 0.9137846765841179, 0.2989666206778025, 0.2989666206778025, 6.521895456624902, 2.73058454242633, 1.7497816164305589]
iteration = 1160.0 , objective = [4.00695113], inputs = [-0.07459298  0.01        0.18424906  0.51799547  0.67926944  0.21336363
  1.94082433  1.14740538  0.11403836  0.38039104  1.05878811  0.41790877
  0.26362377], constraints = [0.9993738004447636, 2.4697283169294826, 0.9993738004447636, 0.5100829209197902, 0.5100829209197902, 3.6316263370510695, 2.533538865936037, 1.6914896545182683]
iteration = 1161.0 , objective = [4.09824124], inputs = [-0.03642231  0.01        0.18530212  0.51894655  0.6803543   0.21903362
  1.92518336  1.19186057  0.13144618  0.31543868  1.13166469  0.3678692
  0.16876655], constraints = [0.9787477077581266, 2.565082891380442, 0.9787477077581266, 0.5672477952841319, 0.5672477952841319, 1.6102180769940788, 3.0762691783650236, 1.6152756575208147]
iteration = 1162.0 , objective = [2.67026016], inputs = [ 0.12650788  0.01        0.11718482  0.39396633  0.61288397  0.26453586
  1.89464248  1.27474247  0.22818521  0.26314004  1.36544362  0.25
 -0.21326341], constraints = [0.7967879858214669, 2.5404084408284255, 0.7967879858214669, 0.7867267393837211, 0.7867267393837211, 1.7919775956117345, 5.461774489269446, 1.486294309758331]
iteration = 1163.0 , objective = [4.27312645], inputs = [-0.0403676   0.01        0.18530212  0.53247259  0.6803543   0.21903362
  1.92518336  1.19186057  0.13191558  0.31543868  1.13166469  0.3678692
  0.16876655], constraints = [0.9988293834298819, 2.52587694242087, 0.9988293834298819, 0.5690897770646487, 0.5690897770646487, 1.2422943320478876, 3.0762691783650236, 1.6152756575208147]
iteration = 1164.0 , objective = [3.27552371], inputs = [ 0.09936348  0.01        0.11172182  0.41825218  0.60651378  0.27
  1.90825711  1.25694216  0.27        0.24717859  1.31570727  0.25
 -0.11578906], constraints = [1.0169945173965715, 2.6739278805501754, 1.0169945173965715, 0.8939961095087849, 0.8939961095087849, 1.3733868578083133, 5.262829082027844, 1.5181741575724115]
iteration = 1165.0 , objective = [3.5343193], inputs = [ 0.11542117  0.01        0.11718482  0.44598543  0.61288397  0.26453586
  1.89464248  1.27474247  0.24595552  0.26314004  1.36544362  0.25
 -0.21326341], constraints = [0.9994103563625273, 2.457240270884835, 0.9994103563625273, 0.8401078970430476, 0.8401078970430476, 1.1959134292226268, 5.461774489269446, 1.486294309758331]
iteration = 1166.0 , objective = [3.21170512], inputs = [ 0.08597265  0.01        0.1144246   0.41021664  0.6086937   0.27
  1.92824577  1.22764898  0.27        0.22421834  1.27862953  0.25
 -0.04812614], constraints = [0.9998797964317091, 2.7737111002397796, 0.9998797964317091, 0.8927586963641517, 0.8927586963641517, 1.3017309136210913, 5.114518116209342, 1.5706816865728985]
iteration = 1167.0 , objective = [3.22668431], inputs = [ 0.09321195  0.01        0.11401074  0.41097841  0.60825134  0.27
  1.94073664  1.20949295  0.27        0.21485465  1.28071651  0.25
 -0.06088913], constraints = [0.9999631364336766, 2.7638562819502113, 0.9999631364336766, 0.8920570039618472, 0.8920570039618472, 1.2038560018891018, 5.122866041008183, 1.6045869810906928]
iteration = 1168.0 , objective = [3.12608721], inputs = [ 0.13741272  0.01        0.10964111  0.40316284  0.60362885  0.27
  2.          1.07816371  0.27        0.17021155  1.27799546  0.26845808
 -0.12522149], constraints = [1.003834164323364, 2.794570619819287, 1.003834164323364, 0.8897093332945779, 0.8897093332945779, 1.2473366927955387, 4.760502783441434, 1.8550058676365544]
iteration = 1169.0 , objective = [3.05085708], inputs = [ 0.17678207  0.01        0.10596975  0.39598724  0.59964254  0.27
  2.          0.93644603  0.27        0.12062655  1.26804362  0.28089166
 -0.17623702], constraints = [1.0032742326479411, 2.824360216790635, 1.0032742326479411, 0.8922202097954719, 0.8922202097954719, 1.2250444232900495, 4.51435121938347, 2.1357344010877592]
iteration = 1170.0 , objective = [2.80824479], inputs = [ 0.3549264   0.01        0.09150098  0.35807818  0.58345054  0.27
  2.          0.25        0.26525459 -0.12565412  1.19894203  0.34230931
 -0.38006195], constraints = [1.0781467879040114, 3.2793844181999994, 1.0781467879040114, 1.122515231273314, 1.122515231273314, 1.680308229896982, 3.5025107326039144, 8.0]
iteration = 1171.0 , objective = [2.88173206], inputs = [ 0.26991725  0.01        0.09840537  0.3761681   0.59117725  0.27
  2.          0.57756693  0.26751906 -0.00813082  1.23191679  0.31300127
 -0.28279821], constraints = [1.0230660663091566, 3.004038046224971, 1.0230660663091566, 0.9248067131409815, 0.9248067131409815, 1.339503965439415, 3.935820475852034, 3.4628021662679505]
iteration = 1172.0 , objective = [2.83645995], inputs = [ 0.34061602  0.01        0.10101371  0.36579716  0.59333421  0.27
  2.          0.25        0.22949948 -0.11653156  1.19539903  0.33580125
 -0.37080581], constraints = [1.023280760574969, 3.2272179731181114, 1.023280760574969, 1.0248476056015086, 1.0248476056015086, 1.2584780738997443, 3.559840915302034, 8.0]
iteration = 1173.0 , objective = [2.84434104], inputs = [ 0.30257774  0.01        0.09961034  0.37137707  0.59217369  0.27
  2.          0.42624186  0.24995528 -0.05820837  1.2150468   0.3235341
 -0.32345481], constraints = [1.0172688474055716, 3.089958028261276, 1.0172688474055716, 0.9322155479053533, 0.9322155479053533, 1.2883527742334833, 3.755544733063473, 4.692171673068209]
iteration = 1174.0 , objective = [2.82837433], inputs = [ 0.29708028  0.01        0.10419753  0.37166313  0.59674171  0.27
  2.          0.42673497  0.23857361 -0.06612287  1.20233038  0.3270125
 -0.30411861], constraints = [1.0000346993736913, 3.128718663575666, 1.0000346993736913, 0.8998185902026103, 0.8998185902026103, 1.216440418271026, 3.6767107568258592, 4.6867497485246785]
iteration = 1175.0 , objective = [2.8183564], inputs = [ 0.30425141  0.01        0.10760506  0.36933854  0.59993685  0.27
  2.          0.38838762  0.23139188 -0.09556332  1.18278399  0.33558328
 -0.29453797], constraints = [1.001419005180421, 3.227281446587901, 1.001419005180421, 0.9020757003619552, 0.9020757003619552, 1.2265907044987894, 3.5245617032986813, 5.149494766710559]
iteration = 1176.0 , objective = [2.82216074], inputs = [ 0.30362564  0.01        0.1079087   0.36947124  0.60020687  0.27
  2.          0.40308408  0.23401672 -0.09871559  1.1814744   0.33508978
 -0.29060343], constraints = [1.000023573558483, 3.2280368281895577, 1.000023573558483, 0.9003378786225956, 0.9003378786225956, 1.2008252196937619, 3.5258442871982187, 4.961743974345348]
iteration = 1177.0 , objective = [2.82010636], inputs = [ 0.30839004  0.01        0.10863143  0.36912249  0.60087926  0.27
  2.          0.41316834  0.23603873 -0.10973823  1.17847712  0.33777693
 -0.29371303], constraints = [1.0001349438267086, 3.2463407723383515, 1.0001349438267086, 0.9001486157310007, 0.9001486157310007, 1.2018710816457983, 3.4889212453759937, 4.840641918916977]
iteration = 1178.0 , objective = [2.8114715], inputs = [ 0.33359188  0.01        0.1114043   0.36803372  0.60351024  0.27
  2.          0.43544039  0.24048574 -0.15620124  1.1693516   0.3495004
 -0.32193774], constraints = [1.0022313788390085, 3.317734827115744, 1.0022313788390085, 0.9006756068008924, 0.9006756068008924, 1.2249860703308075, 3.3457803937762836, 4.593051169842159]
iteration = 1179.0 , objective = [2.79831772], inputs = [ 0.38953929  0.01        0.11657973  0.36665887  0.60849261  0.27
  2.          0.46504785  0.2456072  -0.24978067  1.15677341  0.36977373
 -0.39691505], constraints = [1.0073007340387288, 3.4461690056101326, 1.0073007340387288, 0.9010601504735449, 0.9010601504735449, 1.2811257993143772, 3.1283277289351914, 4.300632677487276]
iteration = 1180.0 , objective = [2.80322178], inputs = [ 0.3664366   0.01        0.11444261  0.3672266   0.60643521  0.27
  2.          0.45282187  0.24349236 -0.21113838  1.16196739  0.36140215
 -0.36595424], constraints = [1.0034633975092375, 3.3896578294695723, 1.0034633975092375, 0.9006516889693126, 0.9006516889693126, 1.2379171745388886, 3.215164601092296, 4.416747759151923]
iteration = 1181.0 , objective = [2.78104683], inputs = [ 0.4614146   0.01        0.12173488  0.36560841  0.61352657  0.27
  2.          0.49007296  0.24945018 -0.35877742  1.14963844  0.38960242
 -0.50651427], constraints = [1.014981154264373, 3.5768674315262996, 1.014981154264373, 0.9015238204968882, 0.9015238204968882, 1.373046952138137, 2.9507990493028564, 4.081024995524327]
iteration = 1182.0 , objective = [2.79220409], inputs = [ 0.40929719  0.01        0.11773338  0.36649636  0.60963532  0.27
  2.          0.46963212  0.24618094 -0.27776325  1.15640372  0.37412804
 -0.42938457], constraints = [1.0050097803740305, 3.4668391019632656, 1.0050097803740305, 0.9006783307314451, 0.9006783307314451, 1.2551073014665102, 3.090930343098508, 4.258652492585073]
iteration = 1183.0 , objective = [2.76490043], inputs = [ 0.52359878  0.01        0.12527423  0.36505827  0.61703164  0.27
  2.          0.49723031  0.25015887 -0.44692886  1.14855391  0.40140154
 -0.60955088], constraints = [1.0156628132491068, 3.6568653407084986, 1.0156628132491068, 0.9007836144620975, 0.9007836144620975, 1.3948749644572631, 2.8613589943148927, 4.022280928035461]
iteration = 1184.0 , objective = [2.77917946], inputs = [ 0.45974752  0.01        0.12106175  0.36586162  0.6128999   0.27
  2.          0.48181339  0.24793671 -0.35242942  1.15293898  0.386166
 -0.50890622], constraints = [1.0059112290046912, 3.5431599448232576, 1.0059112290046912, 0.9005354392818805, 0.9005354392818805, 1.2679249402571222, 2.98560461072121, 4.150984712358499]
iteration = 1185.0 , objective = [2.76308506], inputs = [ 0.52359878  0.01        0.12446746  0.36529333  0.61627656  0.27
  2.          0.47716601  0.247079   -0.44169952  1.15237702  0.39717528
 -0.61606919], constraints = [1.0031632835380964, 3.6151801025198176, 1.0031632835380964, 0.9000218799225542, 0.9000218799225542, 1.2486400484058513, 2.9014318877795344, 4.1914133894118395]
iteration = 1186.0 , objective = [2.76523249], inputs = [ 0.52359878  0.01        0.12434132  0.3651742   0.61614758  0.27
  2.          0.44973521  0.24303374 -0.44109432  1.15220141  0.39558405
 -0.61703564], constraints = [1.0000940168092758, 3.611231627330573, 1.0000940168092758, 0.9008161924156394, 0.9008161924156394, 1.2003853282704224, 2.9126589194648367, 4.447061194129095]
iteration = 1187.0 , objective = [2.76524773], inputs = [ 0.52359878  0.01        0.12461753  0.36493897  0.61641812  0.27
  2.          0.42440372  0.23847297 -0.44151969  1.15132586  0.39573039
 -0.61658237], constraints = [1.0000943122064279, 3.621459710430941, 1.0000943122064279, 0.9007907014616598, 0.9007907014616598, 1.1993761979168864, 2.9093693713893787, 4.712493994574288]
iteration = 1188.0 , objective = [2.7654299], inputs = [ 0.52359878  0.01        0.12459105  0.36506578  0.61639712  0.27
  2.          0.43162963  0.23957572 -0.44129474  1.15234057  0.39592916
 -0.61691011], constraints = [1.0000071507735575, 3.6182783188261562, 1.0000071507735575, 0.9000693305260683, 0.9000693305260683, 1.1999484160614264, 2.9104716057604607, 4.6336022282607]
iteration = 1189.0 , objective = [2.76544026], inputs = [ 0.52359878  0.01        0.12459038  0.36507575  0.6163982   0.27
  2.          0.43211735  0.23964125 -0.44121012  1.1532758   0.39617137
 -0.61700651], constraints = [0.9999996311918182, 3.6180648346900397, 0.9999996311918182, 0.9000003085817394, 0.9000003085817394, 1.1999993279381924, 2.9110528429583, 4.628372331581498]
iteration = 1190.0 , objective = [2.76438424], inputs = [ 0.52359878  0.01        0.12428278  0.36516152  0.61617611  0.27
  2.          0.44686466  0.24235465 -0.43629876  1.20821835  0.41019698
 -0.62191557], constraints = [0.9998579525177136, 3.6105685539540264, 0.9998579525177136, 0.9002735093260997, 0.9002735093260997, 1.198539486405775, 2.945458926757078, 4.47562803330728]
iteration = 1191.0 , objective = [2.76249691], inputs = [ 0.52359878  0.01        0.12397859  0.36529442  0.61604808  0.27
  2.          0.4628424   0.24499155 -0.42666299  1.32303942  0.44017769
 -0.63164686], constraints = [0.9992700130418544, 3.602221115887763, 0.9992700130418544, 0.9002986271623339, 0.9002986271623339, 1.1941151142696445, 3.0056939349111493, 4.321125323016843]
iteration = 1192.0 , objective = [2.75476617], inputs = [ 0.52359878  0.01        0.12359078  0.3655627   0.61614791  0.27
  2.          0.48858558  0.2489549  -0.40058469  1.65238282  0.52803251
 -0.6576053 ], constraints = [0.994699309174653, 3.5853563880680386, 0.994699309174653, 0.90070617599006, 0.90070617599006, 1.1618881545649176, 3.1293202517176057, 4.093448661978499]
iteration = 1193.0 , objective = [2.75888023], inputs = [ 0.52359878  0.01        0.12375075  0.36545203  0.61610673  0.27
  2.          0.47796683  0.24732007 -0.41134168  1.51653264  0.49179346
 -0.64689776], constraints = [0.9977549742010239, 3.5945250807459526, 0.9977549742010239, 0.9003711615108545, 0.9003711615108545, 1.1830751612017143, 3.0836779568333554, 4.18439079727429]
iteration = 1194.0 , objective = [2.74703081], inputs = [ 0.52359878  0.01        0.12407011  0.3657395   0.61708925  0.27
  2.          0.49552014  0.24976239 -0.37741169  1.99585843  0.62382646
 -0.67970536], constraints = [0.990683591852736, 3.5896334436028647, 0.990683591852736, 0.9003094448961351, 0.9003094448961351, 1.1404733647598604, 3.1993808483269035, 4.036162894497288]
iteration = 1195.0 , objective = [2.75546679], inputs = [ 0.52359878  0.01        0.12388938  0.36557682  0.61653323  0.27
  2.          0.48558662  0.24838026 -0.39661287  1.72460517  0.54910821
 -0.66113935], constraints = [0.996756328765105, 3.5963997049279186, 0.996756328765105, 0.9002693008180637, 0.9002693008180637, 1.1765412518778198, 3.140738252864743, 4.11872964202372]
iteration = 1196.0 , objective = [2.75086936], inputs = [ 0.52359878  0.01        0.12479998  0.36530237  0.61777016  0.27
  2.          0.47686179  0.24705356 -0.38169341  2.          0.62830294
 -0.67464022], constraints = [0.9970492590579795, 3.624462504622974, 0.9970492590579795, 0.9000767220640598, 0.9000767220640598, 1.179108094296979, 3.1831778321986466, 4.194087318227852]
iteration = 1197.0 , objective = [2.74912717], inputs = [ 0.52359878  0.01        0.1257647   0.3640483   0.61864938  0.27
  2.          0.44296792  0.24203004 -0.38926328  2.          0.63163851
 -0.66659058], constraints = [1.0001557576513682, 3.670795691045106, 1.0001557576513682, 0.9012615090228726, 0.9012615090228726, 1.2051782607289772, 3.166368064108841, 4.514999640385094]
iteration = 1198.0 , objective = [2.75076089], inputs = [ 0.52359878  0.01        0.12571409  0.36435581  0.61862234  0.27
  2.          0.43573526  0.24032343 -0.38723574  2.          0.63122435
 -0.6686851 ], constraints = [1.0000051136289658, 3.6649462794561254, 1.0000051136289658, 0.9000638523519873, 0.9000638523519873, 1.2004923486001122, 3.168445578082843, 4.589942994049551]
iteration = 1199.0 , objective = [2.75082382], inputs = [ 0.52359878  0.01        0.12567273  0.36438747  0.61858945  0.27
  2.          0.42918026  0.23911614 -0.38634908  2.          0.63112151
 -0.66946284], constraints = [1.0000055583413212, 3.6639844007623883, 1.0000055583413212, 0.9000549756890672, 0.9000549756890672, 1.2000612418215786, 3.1689618544925846, 4.660046612134968]
iteration = 1200.0 , objective = [2.75087737], inputs = [ 0.52359878  0.01        0.12567311  0.36439588  0.61859021  0.27
  2.          0.42945337  0.23914776 -0.3863595   2.          0.63112898
 -0.66946785], constraints = [0.9999996693786843, 3.6638211362643087, 0.9999996693786843, 0.9000000980152518, 0.9000000980152518, 1.1999999423651708, 3.1689243409917487, 4.657082986770469]
iteration = 1201.0 , objective = [2.7508772], inputs = [ 0.52359878  0.01        0.12566373  0.36439674  0.61858132  0.27
  2.          0.42960617  0.23917621 -0.38636306  2.          0.63114244
 -0.66946882], constraints = [0.9999996637026178, 3.663610203538382, 0.9999996637026178, 0.9000000304684223, 0.9000000304684223, 1.199999981079288, 3.16885680336074, 4.655426653622993]
iteration = 1202.0 , objective = [2.75087611], inputs = [ 0.52359878  0.01        0.12560943  0.36439954  0.61853021  0.27
  2.          0.43008111  0.23926468 -0.38637251  2.          0.63123177
 -0.66948431], constraints = [0.9999996917779959, 3.662439809646128, 0.9999996917779959, 0.900000294001215, 0.900000294001215, 1.1999998027819947, 3.1684083175221227, 4.650285661623338]
iteration = 1203.0 , objective = [2.75087392], inputs = [ 0.52359878  0.01        0.12548115  0.3644036   0.61840985  0.27
  2.          0.43069853  0.23937933 -0.38638103  2.          0.63145733
 -0.66953333], constraints = [0.9999996970588716, 3.6597351650219614, 0.9999996970588716, 0.900000495620483, 0.900000495620483, 1.1999995451985694, 3.167276565383287, 4.6436192782977885]
iteration = 1204.0 , objective = [2.75086745], inputs = [ 0.52359878  0.01        0.12509808  0.36441174  0.61805106  0.27
  2.          0.43177666  0.23957893 -0.38638554  2.          0.63215251
 -0.66969835], constraints = [0.9999996145334948, 3.6517582765453844, 0.9999996145334948, 0.9000015055235608, 0.9000015055235608, 1.1999974129245659, 3.1637934822414997, 4.63202438865968]
iteration = 1205.0 , objective = [2.750851], inputs = [ 0.52359878  0.01        0.12411336  0.36442687  0.61712966  0.27
  2.          0.43340773  0.23987902 -0.38636608  2.          0.6339727
 -0.67015021], constraints = [0.9999984492216043, 3.6314329287270737, 0.9999984492216043, 0.9000034248543156, 0.9000034248543156, 1.1999855560246813, 3.1547099497611466, 4.61459233500219]
iteration = 1206.0 , objective = [2.75080576], inputs = [ 0.52359878  0.01        0.12159268  0.36445667  0.61477243  0.27
  2.          0.43583173  0.240321   -0.38626952  2.          0.63868554
 -0.67134709], constraints = [0.9999893958147974, 3.579899559712266, 0.9999893958147974, 0.9000074949177539, 0.9000074949177539, 1.199909161547842, 3.1314314626604167, 4.58892702651111]
iteration = 1207.0 , objective = [2.75068677], inputs = [ 0.52359878  0.01        0.115809    0.3645121   0.60936586  0.27
  2.          0.43877764  0.24085056 -0.38598426  2.          0.64959765
 -0.67414055], constraints = [0.9999405984764373, 3.4634821641579476, 0.9999405984764373, 0.9000109319095719, 0.9000109319095719, 1.1995229893260553, 3.0788288483700375, 4.558117403226559]
iteration = 1208.0 , objective = [2.75043689], inputs = [ 0.52359878  0.01        0.10509392  0.36459575  0.59935204  0.27
  2.          0.44055706  0.24116352 -0.38541209  2.          0.67003579
 -0.6793113 ], constraints = [0.9997912495457715, 3.2535968083455247, 0.9997912495457715, 0.900003940428117, 0.900003940428117, 1.1983699758454032, 2.984915196405204, 4.539707043140375]
iteration = 1209.0 , objective = [2.75027147], inputs = [ 0.52359878  0.01        0.09359646  0.36466201  0.58860979  0.27
  2.          0.43806479  0.24072228 -0.38480713  2.          0.69235272
 -0.68475231], constraints = [0.9997616354935583, 3.035842557744016, 0.9997616354935583, 0.9000077149671496, 0.9000077149671496, 1.1981353054777686, 2.8887010283673185, 4.565534740738666]
iteration = 1210.0 , objective = [2.75034773], inputs = [ 0.52359878  0.01        0.08919166  0.3646488   0.58449705  0.27
  2.          0.43260075  0.23974327 -0.38468371  2.          0.7012499
 -0.68668853], constraints = [0.9999690379615758, 2.9555783900483594, 0.9999690379615758, 0.9000377191001364, 0.9000377191001364, 1.1997029321336061, 2.8520503062701366, 4.623200443547457]
iteration = 1211.0 , objective = [2.75037311], inputs = [ 0.52359878  0.01        0.09036945  0.36462471  0.58559984  0.27
  2.          0.42994053  0.23924166 -0.38469724  2.          0.69906542
 -0.68617683], constraints = [0.999998644778788, 2.977583475468941, 0.999998644778788, 0.9000091311041164, 0.9000091311041164, 1.1999773169022516, 2.8609625679876425, 4.651806139179496]
iteration = 1212.0 , objective = [2.75037591], inputs = [ 0.52359878  0.01        0.09132818  0.36462109  0.58649614  0.27
  2.          0.4295847   0.23917226 -0.38466627  2.          0.69718159
 -0.68579532], constraints = [0.9999983107782188, 2.995246393095876, 0.9999983107782188, 0.9000001647454386, 0.9000001647454386, 1.199990387348926, 2.868693093295711, 4.655659345316306]
iteration = 1213.0 , objective = [2.75037734], inputs = [ 0.52359878  0.01        0.09147681  0.36462108  0.58663501  0.27
  2.          0.42962225  0.2391792  -0.38466283  2.          0.69688633
 -0.68573459], constraints = [0.999999626041754, 2.997982214541899, 0.999999626041754, 0.9000000018400328, 0.9000000018400328, 1.1999997515933167, 2.869908491650117, 4.655252397539677]
