iteration = 1696.0 , objective = [4.15203616], inputs = [0.01       0.01       0.01       0.5        0.5        0.135
 2.         1.         0.0675     0.52359878 1.         0.5
 0.31415927], constraints = [1.3807998149881, 1.023760347135665, 1.3807998149881, 0.4811030397324907, 0.4811030397324907, 1790.6600433120498, 2.0, 2.0]
iteration = 1697.0 , objective = [4.15203823], inputs = [0.01000058 0.00999942 0.01000058 0.49999942 0.50000058 0.13499942
 1.99999942 0.99999942 0.06750058 0.52359819 1.00000058 0.49999942
 0.31415985], constraints = [1.380808051719817, 1.0237749993791632, 1.380808051719817, 0.48110874266385734, 0.48110874266385734, 1790.7811180345186, 2.000003493596646, 2.000000582281296]
iteration = 1698.0 , objective = [3.92958083], inputs = [-0.00547947  0.01        0.01        0.3         0.5         0.27
  2.          0.96524212  0.19929303  0.60659948  1.01137648  0.51485375
  0.22986467], constraints = [0.7778762357366132, 1.8703474066498726, 0.7778762357366132, 0.6841202330447399, 0.6841202330447399, 70.24097005392417, 1.9643956966888796, 2.072018994651937]
iteration = 1699.0 , objective = [3.38828382], inputs = [5.75653769e-04 1.00000000e-02 1.00000000e-02 3.78234251e-01
 5.00000000e-01 2.17191880e-01 2.00000000e+00 9.78838401e-01
 1.47739385e-01 5.74131991e-01 1.00692633e+00 5.09043387e-01
 2.62838295e-01], constraints = [1.1747659798491095, 1.6236557460868584, 1.1747659798491095, 0.6358506763779918, 0.6358506763779918, 308.04261525496406, 1.9780756504741641, 2.0432381861742166]
iteration = 1700.0 , objective = [3.86229124], inputs = [ 0.03726111  0.01        0.01        0.3         0.5         0.27
  2.          0.935371    0.24806821  0.88146103  1.04014608  0.59746735
 -0.03647831], constraints = [0.7936451942760326, 1.902476860840553, 0.7936451942760326, 0.8295606091491542, 0.8295606091491542, 215.23683438230546, 1.7409253939585714, 2.1381890259473204]
iteration = 1701.0 , objective = [3.29315359], inputs = [0.00675254 0.01       0.01       0.36506161 0.5        0.22608341
 2.         0.97151961 0.16463218 0.6258783  1.01251968 0.52393171
 0.21244107], constraints = [1.1369247000924931, 1.704906510636348, 1.1369247000924931, 0.6757803567926551, 0.6757803567926551, 264.74457627106256, 1.9325413291898408, 2.0586306065565174]
iteration = 1702.0 , objective = [3.71783499], inputs = [0.03139175 0.01       0.01       0.30612558 0.5        0.27
 2.         0.89011938 0.25759822 0.75519039 1.02248099 0.60066437
 0.06807575], constraints = [0.8764869743775995, 2.008880838446258, 0.8764869743775995, 0.8586745240030517, 0.8586745240030517, 104.14383589457313, 1.7022501286903435, 2.2468896211719653]
iteration = 1703.0 , objective = [3.26439333], inputs = [0.0090812  0.01       0.01       0.35949156 0.5        0.23023397
 2.         0.96382646 0.17341841 0.63809961 1.01346113 0.53118372
 0.19879709], constraints = [1.1225666950858229, 1.7448465463050555, 1.1225666950858229, 0.6965245207281665, 0.6965245207281665, 241.17239837911848, 1.9079295551372102, 2.0750623505863848]
iteration = 1704.0 , objective = [3.30520392], inputs = [0.01268514 0.01       0.01       0.35087107 0.5        0.23665759
 2.         0.95192017 0.18701642 0.6570139  1.01491815 0.5424073
 0.17768098], constraints = [1.0949418965884654, 1.80178392110643, 1.0949418965884654, 0.7269621859399544, 0.7269621859399544, 209.2511628960242, 1.871136602638318, 2.101016527922515]
iteration = 1705.0 , objective = [3.26477555], inputs = [0.01052967 0.01       0.01       0.35602686 0.5        0.23281572
 2.         0.95904115 0.17888365 0.64570154 1.01404673 0.53569464
 0.19031021], constraints = [1.1122183671644563, 1.768432878612575, 1.1122183671644563, 0.7089927650445533, 0.7089927650445533, 227.7320801333051, 1.8929566323320286, 2.0854162579865827]
iteration = 1706.0 , objective = [3.25670613], inputs = [0.00971507 0.01       0.01       0.35797537 0.5        0.23136377
 2.         0.96173235 0.17581006 0.6414263  1.01371739 0.53315775
 0.19508314], constraints = [1.1181666542938904, 1.7552901972177564, 1.1181666542938904, 0.7020206931665823, 0.7020206931665823, 235.18209363322995, 1.9013460582037038, 2.0795806579263836]
iteration = 1707.0 , objective = [3.25651589], inputs = [0.01007435 0.01       0.01       0.35711596 0.5        0.23200417
 2.         0.96054537 0.1771657  0.64331193 1.01386265 0.53427667
 0.192978  ], constraints = [1.1155827107936955, 1.7611233966002606, 1.1155827107936955, 0.7051083159383593, 0.7051083159383593, 231.86231534408026, 1.8976360124519491, 2.0821504666940807]
iteration = 1708.0 , objective = [3.25463843], inputs = [0.00988652 0.01       0.01       0.35756526 0.5        0.23166937
 2.         0.96116592 0.17645698 0.64232612 1.01378671 0.5336917
 0.19407856], constraints = [1.1169431741251192, 1.7580809626412097, 1.1169431741251192, 0.7034965972396442, 0.7034965972396442, 233.59162542538877, 1.8995736737730673, 2.0808061858989153]
iteration = 1709.0 , objective = [3.25474772], inputs = [0.00997625 0.01       0.01       0.35735063 0.5        0.2318293
 2.         0.96086949 0.17679553 0.64279704 1.01382298 0.53397114
 0.19355282], constraints = [1.1162957916421374, 1.7595361992728855, 1.1162957916421374, 0.7042671912792144, 0.7042671912792144, 232.76400396320804, 1.898647524295252, 2.0814481315612126]
iteration = 1710.0 , objective = [3.25422211], inputs = [0.00992112 0.01       0.01       0.3574825  0.5        0.23173104
 2.         0.96105162 0.17658752 0.6425077  1.0138007  0.53379945
 0.19387585], constraints = [1.116694316038119, 1.7586424068749869, 1.116694316038119, 0.703793869022926, 0.703793869022926, 233.27220299929905, 1.899216455070599, 2.0810536597926497]
iteration = 1711.0 , objective = [3.2541486], inputs = [0.00994295 0.01       0.01       0.35743027 0.5        0.23176996
 2.         0.96097948 0.17666991 0.6426223  1.01380952 0.53386745
 0.1937479 ], constraints = [1.1165366811080886, 1.7589965579825761, 1.1165366811080886, 0.7039814031153969, 0.7039814031153969, 233.07075009794346, 1.8989910635961962, 2.081209888173836]
iteration = 1712.0 , objective = [5.18596408], inputs = [ 0.10930062  0.01        0.01        0.36619046  0.5         0.27
  2.          0.62292633  0.25867342  1.39642     1.08046446  0.91161242
 -0.62584118], constraints = [0.40627209445673695, 0.72731587771439, 0.40627209445673695, 0.8898372915580459, 0.8898372915580459, 24687.264969175845, 1.1852234962637311, 3.210652521708563]
iteration = 1713.0 , objective = [3.86063082], inputs = [ 0.0761814   0.01        0.01        0.3632704   0.5         0.25725665
  2.          0.73561072  0.23133892  1.1451541   1.05824615  0.78569743
 -0.35264482], constraints = [0.7790385783195654, 1.2962005281447946, 0.7790385783195654, 0.8274756375706961, 0.8274756375706961, 1010.5613524449293, 1.346887626177168, 2.718829344987494]
iteration = 1714.0 , objective = [3.46782759], inputs = [ 0.05409722  0.01        0.01        0.36132327  0.5         0.24875928
  2.          0.81074961  0.21311204  0.97760788  1.04343079  0.70173625
 -0.17047519], constraints = [0.9154606621866391, 1.437534202508884, 0.9154606621866391, 0.7872048345518385, 0.7872048345518385, 415.7683111276656, 1.486927294437249, 2.4668528583538656]
iteration = 1715.0 , objective = [3.24085347], inputs = [0.01295719 0.01       0.01       0.35769603 0.5        0.23292975
 2.         0.9507239  0.17915766 0.66549041 1.01583165 0.54532718
 0.16888387], constraints = [1.1122025130144149, 1.751522952037177, 1.1122025130144149, 0.7099044987752161, 0.7099044987752161, 227.46200800429278, 1.862793002086399, 2.1036601736999105]
iteration = 1716.0 , objective = [3.81666267], inputs = [ 0.0646438   0.01        0.01        0.34613263  0.5         0.27
  2.          0.73704156  0.26016419  1.02957922  1.03837553  0.75931657
 -0.24607647], constraints = [0.7689555309457061, 1.3822797634897017, 0.7689555309457061, 0.8770229317634924, 0.8770229317634924, 322.0121684268013, 1.3675133293206365, 2.7135511736655613]
iteration = 1717.0 , objective = [3.23925723], inputs = [0.01332239 0.01       0.01       0.35761432 0.5        0.23319168
 2.         0.94921406 0.17973004 0.66806298 1.01599094 0.54683918
 0.16595185], constraints = [1.111392870953672, 1.751539100683603, 1.111392870953672, 0.711246138993113, 0.711246138993113, 225.88809762259126, 1.8579336977989198, 2.10700628495751]
iteration = 1718.0 , objective = [3.23058889], inputs = [0.01548705 0.01       0.01       0.35713005 0.5        0.2347442
 2.         0.94026497 0.18312262 0.68331116 1.01693508 0.55580113
 0.14857316], constraints = [1.1059166139962966, 1.7506481950784427, 1.1059166139962966, 0.7191361915931053, 0.7191361915931053, 217.48713460208478, 1.8296743663362434, 2.1270599891451925]
iteration = 1719.0 , objective = [3.25118476], inputs = [0.01068086 0.01       0.01       0.36056614 0.5        0.27
 2.         0.9061554  0.17136413 0.69282194 1.00580127 0.61119435
 0.10658819], constraints = [0.9846144792310088, 1.5561916099724324, 0.9846144792310088, 0.6003549000370203, 0.6003549000370203, 71.51427030932399, 1.645632475736966, 2.2071269367108846]
iteration = 1720.0 , objective = [3.22901627], inputs = [0.01428455 0.01       0.01       0.35798975 0.5        0.24356512
 2.         0.93173084 0.18018067 0.68569073 1.01414943 0.56966039
 0.13806861], constraints = [1.0784408056680066, 1.705636433636445, 1.0784408056680066, 0.6865876537995368, 0.6865876537995368, 168.35227309684734, 1.7802702249944822, 2.146542676010553]
iteration = 1721.0 , objective = [3.2542364], inputs = [0.01072053 0.01       0.01       0.36106411 0.5        0.27
 2.         0.89308501 0.16740434 0.62999179 1.00637916 0.60376822
 0.1432124 ], constraints = [0.9933209859675857, 1.5651895933296966, 0.9933209859675857, 0.5886062584103028, 0.5886062584103028, 56.23220571557649, 1.6668302826005383, 2.239428482849669]
iteration = 1722.0 , objective = [3.23109607], inputs = [0.0135025  0.01       0.01       0.35866435 0.5        0.2493657
 2.         0.92325082 0.17737718 0.67346877 1.01244441 0.57714463
 0.13919731], constraints = [1.0609017808694874, 1.6759916687400742, 1.0609017808694874, 0.6635240812783088, 0.6635240812783088, 134.71484694625832, 1.754229954614975, 2.166258564637169]
iteration = 1723.0 , objective = [3.28159623], inputs = [ 0.12619064  0.01        0.01        0.34959047  0.5         0.27
  2.          0.64416163  0.22805857  0.70317324  0.9938979   0.88198788
 -0.11544312], constraints = [1.0022117470795386, 1.7140106562950326, 1.0022117470795386, 0.7978709183472347, 0.7978709183472347, 106.9736244491437, 1.1268838484471997, 3.1048108100191603]
iteration = 1724.0 , objective = [3.22559993], inputs = [0.03699532 0.01       0.01       0.35677266 0.5        0.25366746
 2.         0.8650673  0.18794305 0.67966145 1.0085779  0.64069727
 0.08611078], constraints = [1.047747484730795, 1.6833480278363049, 1.047747484730795, 0.6906094798363294, 0.6906094798363294, 113.66415558728322, 1.5741878997608285, 2.311958857112163]
iteration = 1725.0 , objective = [3.26142051], inputs = [0.03921468 0.01       0.01       0.35338328 0.5        0.27
 2.         0.83726074 0.20545519 0.62962626 0.97354832 0.69417148
 0.10193571], constraints = [0.9957468554747344, 1.6599425040561884, 0.9957468554747344, 0.7086322715592396, 0.7086322715592396, 39.26647306822167, 1.4024608349222851, 2.388742127037409]
iteration = 1726.0 , objective = [3.23555091], inputs = [0.03779331 0.01       0.01       0.35555399 0.5        0.25953994
 2.         0.85506925 0.19423967 0.66167095 0.99598276 0.6599243
 0.09180074], constraints = [1.0300471715727664, 1.675981981867048, 1.0300471715727664, 0.6973085567975262, 0.6973085567975262, 78.96778386040404, 1.5092378945082547, 2.338991831727291]
iteration = 1727.0 , objective = [3.29980263], inputs = [0.05345132 0.01       0.01       0.34146106 0.5        0.27
 2.         0.81768918 0.26425506 0.6477524  0.95340429 0.72238624
 0.062611  ], constraints = [0.9754093338277724, 1.7751731502901495, 0.9754093338277724, 0.8816219759819436, 0.8816219759819436, 27.910135289040415, 1.3197985150392464, 2.4459171649872933]
iteration = 1728.0 , objective = [3.23974802], inputs = [0.04039509 0.01       0.01       0.35321226 0.5        0.26127802
 2.         0.84885807 0.20587363 0.6593582  0.9889078  0.67030316
 0.08695049], constraints = [1.024297293911243, 1.6966580900464172, 1.024297293911243, 0.7297510083817601, 0.7297510083817601, 66.99367435060199, 1.4753142329966513, 2.3561064825360947]
iteration = 1729.0 , objective = [3.31621186], inputs = [0.04041509 0.01       0.01       0.34014909 0.5        0.27
 2.         0.83580267 0.26764979 0.63249024 0.93590293 0.69531648
 0.103797  ], constraints = [0.9822296260288007, 1.8035665710753024, 0.9822296260288007, 0.8900655975558784, 0.8900655975558784, 23.033167471621237, 1.3460099937417975, 2.3929093252059097]
iteration = 1730.0 , objective = [3.24289555], inputs = [0.04039726 0.01       0.01       0.35179418 0.5        0.26222484
 2.         0.84744083 0.21257977 0.65644154 0.98315383 0.6730185
 0.08877927], constraints = [1.021429271131241, 1.710060971499215, 1.021429271131241, 0.748108932249595, 0.748108932249595, 60.166817155376734, 1.4608124983871593, 2.3600467654027195]
iteration = 1731.0 , objective = [3.3254289], inputs = [0.03600652 0.01       0.01       0.33948075 0.5        0.27
 2.         0.83025683 0.2682416  0.62556319 0.91586475 0.68845469
 0.12273942], constraints = [0.9857184212755357, 1.8184176335387967, 0.9857184212755357, 0.892079964172209, 0.892079964172209, 20.924314468114407, 1.3303195806682406, 2.408893170413787]
iteration = 1732.0 , objective = [3.24908013], inputs = [0.03987119 0.01       0.01       0.35031887 0.5        0.2631564
 2.         0.84538196 0.21924879 0.6527419  0.97509171 0.67486796
 0.09284814], constraints = [1.0186198267348792, 1.7244952255321846, 1.0186198267348792, 0.7661882455246926, 0.7661882455246926, 53.42619577025402, 1.4448629577294347, 2.365794500828583]
iteration = 1733.0 , objective = [3.24470005], inputs = [0.04018399 0.01       0.01       0.35119607 0.5        0.26260251
 2.         0.84660614 0.2152835  0.65494165 0.97988532 0.6737683
 0.09042885], constraints = [1.020350104900827, 1.715961573677866, 1.020350104900827, 0.7554672332860485, 0.7554672332860485, 57.35761349699256, 1.4543357529465977, 2.36237361732881]
iteration = 1734.0 , objective = [3.29880149], inputs = [0.04671147 0.01       0.01       0.34552368 0.5        0.27
 2.         0.81373357 0.23950249 0.5896781  0.89192776 0.73866306
 0.13721624], constraints = [1.0061989525153978, 1.7754677236836738, 1.0061989525153978, 0.8108804302148643, 0.8108804302148643, 22.097407855180577, 1.2074893206206025, 2.457806906429321]
iteration = 1735.0 , objective = [3.26337298], inputs = [0.04294402 0.01       0.01       0.3487976  0.5        0.26573041
 2.         0.83270656 0.22552407 0.62734612 0.94269403 0.70120789
 0.11021207], constraints = [1.012453234648748, 1.7380389054633338, 1.012453234648748, 0.7793405798244718, 0.7793405798244718, 37.74031124890155, 1.3443859400849418, 2.401806469852375]
iteration = 1736.0 , objective = [3.32018957], inputs = [0.06896781 0.01       0.01       0.33919076 0.5        0.27
 2.         0.73820852 0.2675218  0.57562342 0.83815078 0.81081894
 0.11667081], constraints = [1.0115322666864774, 1.8696865490329515, 1.0115322666864774, 0.8977019079013598, 0.8977019079013598, 15.44779432299158, 1.0337089275100413, 2.7092616111389694]
iteration = 1737.0 , objective = [3.27740009], inputs = [0.05038558 0.01       0.01       0.3460505  0.5        0.26695131
 2.         0.80568464 0.23753341 0.6125559  0.91279966 0.73255141
 0.11205896], constraints = [1.009788085922376, 1.7711509179219438, 1.009788085922376, 0.8136314180549964, 0.8136314180549964, 28.755420820015857, 1.2460554301499083, 2.4823608429596353]
iteration = 1738.0 , objective = [3.35040632], inputs = [0.06168604 0.01       0.01       0.33812516 0.5        0.27
 2.         0.6888151  0.26668001 0.56736488 0.78854635 0.80828884
 0.14654635], constraints = [1.007033294588112, 1.8793680957059724, 1.007033294588112, 0.9013840294004283, 0.9013840294004283, 11.75386530255648, 0.9755749624960488, 2.9035368309196343]
iteration = 1739.0 , objective = [3.29805342], inputs = [0.05406156 0.01       0.01       0.34347243 0.5        0.26794303
 2.         0.76766755 0.24701466 0.59785548 0.87238067 0.75718842
 0.12327754], constraints = [1.0071336729049838, 1.803490841512301, 1.0071336729049838, 0.8418254418702869, 0.8418254418702869, 21.08820995408628, 1.152131554253078, 2.6052944304780357]
iteration = 1740.0 , objective = [3.39162506], inputs = [0.05680121 0.01       0.01       0.33681663 0.5        0.27
 2.         0.60580703 0.26383901 0.56963509 0.70970266 0.82252763
 0.1763966 ], constraints = [1.0046239568559217, 1.8963697839804003, 1.0046239568559217, 0.9079424367948731, 0.9079424367948731, 8.72337065380188, 0.8628313902667983, 3.301381321667013]
iteration = 1741.0 , objective = [3.32661732], inputs = [0.05505421 0.01       0.01       0.34106086 0.5        0.26868832
 2.         0.70902122 0.25311056 0.58763049 0.81343814 0.78086254
 0.14252397], constraints = [1.0051480770621866, 1.8349520156663686, 1.0051480770621866, 0.8637603678400256, 0.8637603678400256, 15.062752897871235, 1.0417174651521428, 2.820790044184603]
iteration = 1742.0 , objective = [3.45351568], inputs = [0.05740495 0.01       0.01       0.3357678  0.5        0.27
 2.         0.4858628  0.25712432 0.58793696 0.59621794 0.86414607
 0.19871821], constraints = [0.9999931746464058, 1.9081773286734884, 0.9999931746464058, 0.9247869744724173, 0.9247869744724173, 5.931423664019446, 0.6899504233294064, 4.116388403162205]
iteration = 1743.0 , objective = [3.36547698], inputs = [0.05595669 0.01       0.01       0.33902879 0.5        0.26919189
 2.         0.62334814 0.25465149 0.58774815 0.73004481 0.81283604
 0.16409758], constraints = [1.003054753814611, 1.8625642863321494, 1.003054753814611, 0.8805293418005626, 0.8805293418005626, 10.49549638200189, 0.8981452298499016, 3.208479939192482]
iteration = 1744.0 , objective = [3.53570556], inputs = [0.06030417 0.01       0.01       0.33592003 0.5        0.27
 2.         0.35259158 0.243361   0.60678548 0.49681987 0.91348997
 0.21470369], constraints = [1.0002283666166296, 1.913447486927794, 1.0002283666166296, 0.961159995081874, 0.961159995081874, 4.224749712496157, 0.5438700856434747, 5.672285226777305]
iteration = 1745.0 , objective = [3.41163638], inputs = [0.05750832 0.01       0.01       0.33791926 0.5        0.26948031
 2.         0.526714   0.25062187 0.59454265 0.64680586 0.84875985
 0.18215912], constraints = [1.0018881933418136, 1.8794501778207466, 1.0018881933418136, 0.8931388441036652, 0.8931388441036652, 7.57835495230936, 0.7620599214281002, 3.797127103342712]
iteration = 1746.0 , objective = [3.61677991], inputs = [0.04701339 0.01       0.01       0.33888919 0.5        0.27
 2.         0.25       0.22182397 0.59715414 0.5150153  0.96769456
 0.25868881], constraints = [1.0195954422614235, 1.9104782966232807, 1.0195954422614235, 1.0034287413272125, 1.0034287413272125, 3.893115233039678, 0.5322085325979727, 8.0]
iteration = 1747.0 , objective = [3.46697311], inputs = [0.0540367  0.01       0.01       0.3382401  0.5        0.26965222
 2.         0.43517963 0.2410958  0.59540651 0.60321079 0.88810232
 0.20747441], constraints = [1.0032149913405297, 1.8819797247535757, 1.0032149913405297, 0.9034208575931678, 0.9034208575931678, 5.830706893314554, 0.6792131698448107, 4.595803342389493]
iteration = 1748.0 , objective = [3.63435489], inputs = [0.06031466 0.01       0.01       0.34687338 0.5        0.27
 2.         0.25       0.20666699 0.57720315 0.64120424 1.17836919
 0.23711028], constraints = [1.0536295412051997, 1.864736927273442, 1.0536295412051997, 0.9606487572635102, 0.9606487572635102, 4.12223681026278, 0.5441454557715147, 8.0]
iteration = 1749.0 , objective = [3.56695147], inputs = [0.11745626 0.01       0.01       0.35518571 0.5        0.27
 2.         0.30779339 0.21145815 0.59272923 0.71251282 1.40501488
 0.06742036], constraints = [1.0094097340468096, 1.702020843390307, 1.0094097340468096, 0.9095670432880889, 0.9095670432880889, 2.8522148062727966, 0.5071211896791211, 6.4978653806205]
iteration = 1750.0 , objective = [3.67283568], inputs = [0.03883403 0.01       0.01       0.35306391 0.5        0.27
 1.94709821 0.32011254 0.21267642 0.67359861 0.71998897 1.42785229
 0.2725019 ], constraints = [0.9991473151312347, 1.711706743425515, 0.9991473151312347, 0.9004201603791592, 0.9004201603791592, 2.222022023007829, 0.5042461168184473, 6.082542785498792]
iteration = 1751.0 , objective = [3.5882064], inputs = [0.09975656 0.01       0.01       0.35470804 0.5        0.27
 1.98809058 0.31056672 0.21173241 0.61093481 0.71419588 1.41015612
 0.11358899], constraints = [1.007237960217958, 1.7046363641517326, 1.007237960217958, 0.9074347201904559, 0.9074347201904559, 2.544103485201749, 0.506465821495923, 6.401492742653213]
iteration = 1752.0 , objective = [3.72048158], inputs = [0.03682965 0.01       0.01       0.35706432 0.5        0.27
 1.93119466 0.29141348 0.20315591 0.65546696 0.75058091 1.5
 0.27672941], constraints = [1.0000294051548693, 1.6700635590052153, 1.0000294051548693, 0.900775684896952, 0.900775684896952, 1.93100950274331, 0.5003872763463522, 6.626991583884319]
iteration = 1753.0 , objective = [3.61913256], inputs = [0.08391056 0.01       0.01       0.35530139 0.5        0.27
 1.97376327 0.30574362 0.20957271 0.62214872 0.72335821 1.43278025
 0.15467037], constraints = [1.0054418894047907, 1.695905937765817, 1.0054418894047907, 0.9056102455738687, 0.9056102455738687, 2.262893513324773, 0.5048633336846251, 6.455615505066606]
iteration = 1754.0 , objective = [3.77055408], inputs = [0.05943613 0.01       0.01       0.3623827  0.5        0.27
 1.91572375 0.25       0.18902779 0.55031041 0.75032691 1.5
 0.22163579], constraints = [1.0017203459150756, 1.6171323199690346, 1.0017203459150756, 0.9079168928323441, 0.9079168928323441, 1.679178623457763, 0.5002179413893831, 7.662895013145903]
iteration = 1755.0 , objective = [3.67226932], inputs = [0.07492769 0.01       0.01       0.35790045 0.5        0.27
 1.95246098 0.285284   0.20203209 0.59578185 0.73325655 1.45745197
 0.17924874], constraints = [1.003662368879682, 1.6657033782504729, 1.003662368879682, 0.9045468687042216, 0.9045468687042216, 1.9508877467003347, 0.5031085569266037, 6.843920426401451]
iteration = 1756.0 , objective = [3.77348493], inputs = [0.1252869  0.01       0.01       0.36874897 0.5        0.27
 1.9003435  0.25       0.18758701 0.36644721 0.75013226 1.5
 0.05797276], constraints = [1.000412769802057, 1.5510925955083907, 1.000412769802057, 0.9033537050406849, 0.9033537050406849, 1.361528960180766, 0.5000881753258678, 7.601374004572898]
iteration = 1757.0 , objective = [3.78240807], inputs = [ 0.17049922  0.01        0.01        0.37263629  0.5         0.27
  1.90140082  0.25931653  0.19057332  0.23067592  0.75        1.5
 -0.05207168], constraints = [0.9995707138405114, 1.5131561302618826, 0.9995707138405114, 0.9002746151652631, 0.9002746151652631, 1.220901754076246, 0.5, 7.332354834387892]
iteration = 1758.0 , objective = [3.76588946], inputs = [ 0.19645387  0.01        0.01        0.37274238  0.5         0.27
  1.93254706  0.28458304  0.20096697  0.17280601  0.75        1.5
 -0.11504866], constraints = [1.0001463776276691, 1.5136877156519901, 1.0001463776276691, 0.901790356697351, 0.901790356697351, 1.2097262783736156, 0.5, 6.790801984091267]
iteration = 1759.0 , objective = [3.74198301], inputs = [ 0.24775859  0.01        0.01        0.37314954  0.5         0.27
  2.          0.34451446  0.22240264  0.05122923  0.75        1.5
 -0.23878655], constraints = [1.000762484088068, 1.5124602684956996, 1.000762484088068, 0.9083039525620665, 0.9083039525620665, 1.226164612650399, 0.5, 5.805271532904261]
iteration = 1760.0 , objective = [3.75045613], inputs = [ 0.25465235  0.01        0.01        0.37430989  0.5         0.27
  2.          0.35523293  0.22252682  0.01837614  0.75074561  1.5
 -0.25421975], constraints = [0.999962320452292, 1.5003805337545713, 0.999962320452292, 0.9002213732074154, 0.9002213732074154, 1.2006167688012863, 0.5004970755889349, 5.630108604360219]
iteration = 1761.0 , objective = [3.74967466], inputs = [ 0.25453252  0.01        0.01        0.37396689  0.5         0.27
  2.          0.36880166  0.22609076  0.01599895  0.75        1.5
 -0.25296852], constraints = [1.0000268540779398, 1.5037096563320635, 1.0000268540779398, 0.9003373359969029, 0.9003373359969029, 1.2000770730448356, 0.5, 5.422969076179846]
iteration = 1762.0 , objective = [3.74886358], inputs = [ 0.25279352  0.01        0.01        0.37345643  0.5         0.27
  2.          0.38695558  0.23053186  0.01681884  0.75        1.5
 -0.24747412], constraints = [1.000040929915078, 1.5085116781374501, 1.000040929915078, 0.9005609463213989, 0.9005609463213989, 1.2002854811988173, 0.5, 5.16855187289793]
iteration = 1763.0 , objective = [3.74903504], inputs = [ 0.25253385  0.01        0.01        0.37345117  0.5         0.27
  2.          0.39017513  0.23107471  0.01659423  0.75        1.5
 -0.24668387], constraints = [1.0000010119450353, 1.5084821712537029, 1.0000010119450353, 0.900016657149597, 0.900016657149597, 1.2000117789275082, 0.5, 5.1259032946617324]
iteration = 1764.0 , objective = [3.74791578], inputs = [ 0.24918717  0.01        0.01        0.37309123  0.5         0.27
  2.          0.40522058  0.23447172  0.02501211  0.75        1.5
 -0.23821377], constraints = [1.0000290382969559, 1.5118561581943957, 1.0000290382969559, 0.9003487069789303, 0.9003487069789303, 1.200070720595633, 0.5, 4.935583491689069]
iteration = 1765.0 , objective = [3.74592526], inputs = [ 0.24257767  0.01        0.01        0.37270331  0.5         0.27
  2.          0.42598544  0.23871126  0.0447861   0.75        1.5
 -0.22249554], constraints = [1.0000542706898738, 1.515412761490073, 1.0000542706898738, 0.9006121798497323, 0.9006121798497323, 1.200024183003553, 0.5, 4.694996111301413]
iteration = 1766.0 , objective = [3.74088932], inputs = [ 0.22574473  0.01        0.01        0.37214375  0.5         0.27
  2.          0.46251899  0.24542483  0.10096807  0.75        1.5
 -0.18410652], constraints = [1.0001683528802963, 1.5204804137424937, 1.0001683528802963, 0.9016702453283439, 0.9016702453283439, 1.1998997792013224, 0.5, 4.324146772052112]
iteration = 1767.0 , objective = [3.73061466], inputs = [ 0.18946612  0.01        0.01        0.37170536  0.5         0.27
  2.          0.52025315  0.25397614  0.23023397  0.75        1.5
 -0.10389376], constraints = [1.000415954804832, 1.5240270525419821, 1.000415954804832, 0.9033832504648458, 0.9033832504648458, 1.2007362300184095, 0.5, 3.8442823128945274]
iteration = 1768.0 , objective = [3.7143824], inputs = [0.12671898 0.01       0.01       0.37189816 0.5        0.27
 2.         0.59284909 0.26139478 0.46180703 0.75285138 1.5
 0.03176012], constraints = [1.0012091541346835, 1.5214409546441534, 1.0012091541346835, 0.9039633846818781, 0.9039633846818781, 1.2174093583635126, 0.5019009187514785, 3.3735397867156416]
iteration = 1769.0 , objective = [3.7070634], inputs = [0.08250362 0.01       0.01       0.37295841 0.5        0.27
 2.         0.62670617 0.26276665 0.62927779 0.75441896 1.5
 0.12436544], constraints = [1.0003590242044762, 1.508983180475784, 1.0003590242044762, 0.9006454940073679, 0.9006454940073679, 1.2168316334388611, 0.502945976604145, 3.1912882133007923]
iteration = 1770.0 , objective = [3.70478359], inputs = [0.06128922 0.01       0.01       0.37277126 0.5        0.27
 2.         0.61126024 0.26147323 0.71511578 0.75       1.5
 0.16905722], constraints = [0.9997004396102307, 1.5096483767432667, 0.9997004396102307, 0.9001233812014845, 0.9001233812014845, 1.2008433199205066, 0.5, 3.271928834005115]
iteration = 1771.0 , objective = [3.69867826], inputs = [0.04231442 0.01       0.01       0.37033688 0.5        0.27
 2.         0.52495254 0.2549867  0.79342556 0.75       1.5
 0.21085553], constraints = [1.0006086929439422, 1.534791804814368, 1.0006086929439422, 0.9046783447750202, 0.9046783447750202, 1.2029607944935747, 0.5, 3.809868246757519]
iteration = 1772.0 , objective = [3.69916397], inputs = [0.04248078 0.01       0.01       0.36973847 0.5        0.27
 2.         0.48568941 0.24877466 0.79029487 0.74891019 1.49782039
 0.21151157], constraints = [1.000185888424341, 1.5400728508771313, 1.000185888424341, 0.9013436535167262, 0.9013436535167262, 1.1991750297495627, 0.5, 4.117857930734688]
iteration = 1773.0 , objective = [3.69909681], inputs = [0.04249408 0.01       0.01       0.36964969 0.5        0.27
 2.         0.48501214 0.2482039  0.78759127 0.74534365 1.49068729
 0.21185063], constraints = [1.000001757524962, 1.5405844887808589, 1.000001757524962, 0.9000000968698318, 0.9000000968698318, 1.2002870022840662, 0.5, 4.123608124419248]
iteration = 1774.0 , objective = [3.69905194], inputs = [0.03975072 0.01       0.01       0.36951528 0.5        0.27
 2.         0.48502851 0.24820618 0.79521265 0.73961995 1.47923991
 0.21788502], constraints = [1.00003534673853, 1.5418930948295078, 1.00003534673853, 0.9000000002673689, 0.9000000002673689, 1.2004701167837186, 0.5, 4.123468982806994]
iteration = 1775.0 , objective = [3.69871896], inputs = [0.03023421 0.01       0.01       0.36927479 0.5        0.27
 2.         0.4849247  0.24819149 0.82457652 0.72238684 1.44477369
 0.23804802], constraints = [1.0003867745098447, 1.5446396615104447, 1.0003867745098447, 0.900000010755005, 0.900000010755005, 1.2044176738890595, 0.5, 4.124351701393005]
iteration = 1776.0 , objective = [3.69831738], inputs = [0.01819672 0.01       0.01       0.36917071 0.5        0.27
 2.         0.48479267 0.24817279 0.86295777 0.69922182 1.39844364
 0.26241106], constraints = [1.0007620808318394, 1.546174659448236, 1.0007620808318394, 0.9000000174065376, 0.9000000174065376, 1.2084516910858105, 0.5, 4.125474925623993]
iteration = 1777.0 , objective = [3.6971089], inputs = [-4.27231652e-05  1.00000000e-02  1.00000000e-02  3.69348027e-01
  5.00000000e-01  2.70000000e-01  2.00000000e+00  4.85293087e-01
  2.48243690e-01  9.23560879e-01  6.64174576e-01  1.32834915e+00
  2.97507189e-01], constraints = [1.0020461803600476, 1.5463546789168672, 1.0020461803600476, 0.9000002499614252, 0.9000002499614252, 1.2226504487004075, 0.5, 4.121220874052693]
iteration = 1778.0 , objective = [3.69544149], inputs = [-0.02213386  0.01        0.01        0.37008481  0.5         0.27
  2.          0.48641799  0.24840261  0.99990986  0.62342897  1.24685794
  0.3368541 ], constraints = [1.0034683658873167, 1.5415118584075298, 1.0034683658873167, 0.9000012587688103, 0.9000012587688103, 1.239512013851075, 0.5, 4.111690058608237]
iteration = 1779.0 , objective = [3.69656511], inputs = [-0.0129738   0.01        0.01        0.36977931  0.5         0.27
  2.          0.48595155  0.24833671  0.96825186  0.64032408  1.28064816
  0.32053896], constraints = [1.0019984905938446, 1.542301021315378, 1.0019984905938446, 0.9000005352759242, 0.9000005352759242, 1.222508472892443, 0.5, 4.115636643363415]
iteration = 1780.0 , objective = [3.69637327], inputs = [-0.03179181  0.01        0.01        0.37027173  0.5         0.27
  2.          0.48636779  0.24839517  1.03348122  0.61961675  1.23923349
  0.35551087], constraints = [1.001301043640794, 1.536741999547643, 1.001301043640794, 0.9000001720104811, 0.9000001720104811, 1.2150827430379285, 0.5, 4.112114425101663]
iteration = 1781.0 , objective = [3.69598403], inputs = [-0.05555114  0.01        0.01        0.37053377  0.5         0.27
  2.          0.48625274  0.24837893  1.11336967  0.60243688  1.20487376
  0.40190721], constraints = [1.0012951190107837, 1.5342535594052942, 1.0012951190107837, 0.9000000131240636, 0.9000000131240636, 1.2144490372771743, 0.5, 4.11308735292864]
iteration = 1782.0 , objective = [3.69461741], inputs = [-0.09353845  0.01        0.01        0.37056622  0.5         0.27
  2.          0.48611383  0.24835938  1.23783514  0.58179583  1.16359166
  0.47795766], constraints = [1.002498410675944, 1.535499111850411, 1.002498410675944, 0.9000000191462615, 0.9000000191462615, 1.2272181877657942, 0.5, 4.114262713417192]
iteration = 1783.0 , objective = [3.68534497], inputs = [-0.19666166  0.01        0.01        0.37042067  0.5         0.27
  2.          0.48599937  0.24834326  1.57079633  0.53486449  1.06972897
  0.68446272], constraints = [1.0171965068276434, 1.5568717157019523, 1.0171965068276434, 0.9000000130064473, 0.9000000130064473, 1.3949780913617613, 0.5, 4.115231657719332]
iteration = 1784.0 , objective = [3.69281585], inputs = [-0.13616747  0.01        0.01        0.37050606  0.5         0.27
  2.          0.48606651  0.24835272  1.37547446  0.56239538  1.12479075
  0.56332261], constraints = [1.0042514358581214, 1.5383550578839542, 1.0042514358581214, 0.9000000134539204, 0.9000000134539204, 1.2463065048078639, 0.5, 4.114663199789561]
iteration = 1785.0 , objective = [3.69372088], inputs = [-0.12200287  0.01        0.01        0.37052605  0.5         0.27
  2.          0.48608224  0.24835493  1.32974024  0.56884168  1.13768336
  0.5349579 ], constraints = [1.0030354860945812, 1.5365383110054387, 1.0030354860945812, 0.900000014852257, 0.900000014852257, 1.2330406085139685, 0.5, 4.11453011918615]
iteration = 1786.0 , objective = [3.68896996], inputs = [-0.19802831  0.01        0.01        0.37024105  0.5         0.27
  2.          0.4858199   0.24831799  1.57079633  0.53663791  1.07327582
  0.6868047 ], constraints = [1.008812618229786, 1.5470227043149383, 1.008812618229786, 0.9000000683549144, 0.9000000683549144, 1.296653879393073, 0.5, 4.116751924559654]
iteration = 1787.0 , objective = [3.69244447], inputs = [-0.15976043  0.01        0.01        0.3703845   0.5         0.27
  2.          0.48595195  0.24833659  1.44945923  0.55284788  1.10569576
  0.61037166], constraints = [1.003635126321766, 1.5386119968164682, 1.003635126321766, 0.9000000243324051, 0.9000000243324051, 1.2394337363255086, 0.5, 4.1156332650525425]
iteration = 1788.0 , objective = [3.69132959], inputs = [-0.19974156  0.01        0.01        0.37001683  0.5         0.27
  2.          0.48573997  0.24830671  1.57079633  0.53531549  1.07063098
  0.68955407], constraints = [1.0026349381481767, 1.5406954844892542, 1.0026349381481767, 0.9000000446533389, 0.9000000446533389, 1.2290132224563952, 0.5, 4.117429313778639]
iteration = 1789.0 , objective = [3.69143369], inputs = [-0.20313897  0.01        0.01        0.36979727  0.5         0.27
  2.          0.48531587  0.24824688  1.57079633  0.52287301  1.04574601
  0.69331271], constraints = [1.000472125626859, 1.5400379155374244, 1.000472125626859, 0.9000001789895653, 0.9000001789895653, 1.207765529217704, 0.5, 4.121027437984141]
iteration = 1790.0 , objective = [3.69201722], inputs = [-0.20358648  0.01        0.01        0.36996704  0.5         0.27
  2.          0.48529316  0.24824361  1.57079633  0.51961817  1.03923635
  0.69262395], constraints = [1.0000331844113315, 1.537895984470703, 1.0000331844113315, 0.90000000051369, 0.90000000051369, 1.2004404353655291, 0.5, 4.121220278394097]
iteration = 1791.0 , objective = [3.69197359], inputs = [-0.20384846  0.01        0.01        0.37020444  0.5         0.27
  2.          0.48535108  0.2482518   1.57079633  0.5151298   1.0302596
  0.69085719], constraints = [1.0000634744095214, 1.5357875261052647, 1.0000634744095214, 0.9000000033434333, 0.9000000033434333, 1.2007920845798938, 0.5, 4.12072843212627]
iteration = 1792.0 , objective = [3.69201856], inputs = [-0.20368465  0.01        0.01        0.37021524  0.5         0.27
  2.          0.48532287  0.24824781  1.57079633  0.51574028  1.03148056
  0.69064583], constraints = [1.0000008949455719, 1.5355888675896145, 1.0000008949455719, 0.9000000007931247, 0.9000000007931247, 1.200019331558618, 0.5, 4.120967988910748]
iteration = 1793.0 , objective = [3.69201997], inputs = [-0.20363967  0.01        0.01        0.37022019  0.5         0.27
  2.          0.48531271  0.24824638  1.57079633  0.51586266  1.03172533
  0.69056796], constraints = [0.9999997093018499, 1.5355384737860338, 0.9999997093018499, 0.9000000001027806, 0.9000000001027806, 1.200000955684807, 0.5, 4.121054228048662]
