iteration = 1283.0 , objective = [3.90690018], inputs = [0.01       0.01       0.01       0.5        0.5        0.135
 2.         1.         0.0675     0.52359878 1.         0.5
 0.31415927], constraints = [1.3807998149881, 1.023760347135665, 1.3807998149881, 0.4811030397324907, 0.4811030397324907, 1790.6600433120498, 2.0, 2.0]
iteration = 1284.0 , objective = [3.90690253], inputs = [0.01000058 0.00999942 0.01000058 0.49999942 0.50000058 0.13499942
 1.99999942 0.99999942 0.06750058 0.52359819 1.00000058 0.49999942
 0.31415985], constraints = [1.380808051719817, 1.0237749993791632, 1.380808051719817, 0.48110874266385734, 0.48110874266385734, 1790.7811180345186, 2.000003493596646, 2.000000582281296]
iteration = 1285.0 , objective = [3.46183596], inputs = [0.03005545 0.01       0.01       0.3        0.5        0.27
 2.         0.99062134 0.10709794 0.57655195 1.00775677 0.50402519
 0.27760257], constraints = [0.7652607015647334, 1.7288982334953866, 0.7652607015647334, 0.3893591221790954, 0.3893591221790954, 534.4491122649138, 1.999417482424622, 2.018934901321301]
iteration = 1286.0 , objective = [2.66192517], inputs = [0.02225744 0.01       0.01       0.37776455 0.5        0.21750893
 2.         0.99426798 0.09170136 0.55596255 1.00474076 0.5024601
 0.29181664], constraints = [1.0602862249646279, 1.4563581280944313, 1.0602862249646279, 0.41170155219347204, 0.41170155219347204, 767.9314432238334, 1.9996428695519197, 2.0115301368634313]
iteration = 1287.0 , objective = [2.74044513], inputs = [0.02314746 0.01       0.01       0.36888891 0.5        0.22349999
 2.         0.99385177 0.09345865 0.55831252 1.005085   0.50263873
 0.29019432], constraints = [1.0302691681108567, 1.487347547023874, 1.0302691681108567, 0.4086274376129367, 0.4086274376129367, 746.3629314725165, 1.9996170740760721, 2.012372531244075]
iteration = 1288.0 , objective = [2.64852417], inputs = [0.02239335 0.01       0.01       0.37640917 0.5        0.21842381
 2.         0.99420442 0.09196971 0.55632141 1.00479333 0.50248738
 0.2915689 ], constraints = [1.0557867908315233, 1.4610905621359918, 1.0557867908315233, 0.4112213507781971, 0.4112213507781971, 764.755215229169, 1.999638929200143, 2.011658731260403]
iteration = 1289.0 , objective = [2.66320052], inputs = [0.02255342 0.01       0.01       0.37481286 0.5        0.21950132
 2.         0.99412956 0.09228577 0.55674406 1.00485524 0.50251951
 0.29127712], constraints = [1.0504463313098726, 1.4666624286887744, 1.0504463313098726, 0.41066085265612384, 0.41066085265612384, 760.9538701640398, 1.9996342889650771, 2.0118102055202627]
iteration = 1290.0 , objective = [2.65194392], inputs = [0.0224671  0.01       0.01       0.37567371 0.5        0.21892025
 2.         0.99416993 0.09211533 0.55651613 1.00482185 0.50250218
 0.29143447], constraints = [1.0533318392167568, 1.4636579195424397, 1.0533318392167568, 0.4109624392015992, 0.4109624392015992, 763.011538715132, 1.9996367912538326, 2.0117285164148284]
iteration = 1291.0 , objective = [2.64672331], inputs = [0.02241168 0.01       0.01       0.37622635 0.5        0.21854721
 2.         0.99419585 0.09200591 0.55636981 1.00480042 0.50249106
 0.29153549], constraints = [1.055177342681588, 1.461728808279252, 1.055177342681588, 0.41115688271128886, 0.41115688271128886, 764.322297053903, 1.9996383977419627, 2.011676077862319]
iteration = 1292.0 , objective = [2.64679521], inputs = [0.02242762 0.01       0.01       0.37606742 0.5        0.21865449
 2.         0.99418839 0.09203738 0.55641189 1.00480658 0.50249426
 0.29150644], constraints = [1.0546470953727383, 1.4622836334075437, 1.0546470953727383, 0.4111008975235288, 0.4111008975235288, 763.9456233304904, 1.9996379357400593, 2.011691157886072]
iteration = 1293.0 , objective = [2.64598362], inputs = [0.02241922 0.01       0.01       0.37615122 0.5        0.21859793
 2.         0.99419232 0.09202079 0.55638971 1.00480333 0.50249257
 0.29152175], constraints = [1.05492674215174, 1.4619911011700706, 1.05492674215174, 0.4111304092186075, 0.4111304092186075, 764.1443397629076, 1.9996381793319675, 2.011683206845594]
iteration = 1294.0 , objective = [2.64621809], inputs = [0.02242319 0.01       0.01       0.37611154 0.5        0.21862471
 2.         0.99419046 0.09202864 0.55640021 1.00480487 0.50249337
 0.2915145 ], constraints = [1.054794355448732, 1.4621296008655347, 1.054794355448732, 0.41111643505093864, 0.41111643505093864, 764.0502600656262, 1.999638064003353, 2.01168697125204]
iteration = 1295.0 , objective = [5.71214165], inputs = [-0.10356334  0.01        0.02903089  0.3         0.53026942  0.27
  2.          0.8538072   0.23166524  0.65762952  1.00564294  0.58784401
  0.08965509], constraints = [0.037926595116256484, 0.5918102956482197, 0.037926595116256484, 0.7854333688661256, 0.7854333688661256, 0.008386098268832059, 1.7107309433728592, 2.34244921663419]
iteration = 1296.0 , objective = [2.6458811], inputs = [0.02240837 0.01       0.01000164 0.37614466 0.50000261 0.21860235
 2.         0.99418024 0.09203281 0.55639842 1.00480341 0.50249992
 0.29150438], constraints = [1.0549220095443592, 1.4619513311769083, 1.0549220095443592, 0.41117248640736515, 0.41117248640736515, 763.9199802720605, 1.9996090889245846, 2.0117076569568533]
iteration = 1297.0 , objective = [2.64526697], inputs = [0.02182399 0.01       0.01008991 0.37579143 0.50014301 0.21884078
 2.         0.99352905 0.09268056 0.55686803 1.0048073  0.50289583
 0.29056801], constraints = [1.0545918935735532, 1.4601398979784674, 1.0545918935735532, 0.41343676455056877, 0.41343676455056877, 751.5436599619245, 1.998042626108636, 2.013026184923737]
iteration = 1298.0 , objective = [2.68770764], inputs = [-0.02199841  0.01        0.01366676  0.37699713  0.50583221  0.22025438
  1.99944929  0.96831165  0.10638053  0.57019762  1.00381865  0.52205995
  0.24620952], constraints = [0.8922204830008069, 1.306010708848765, 0.8922204830008069, 0.467150714762613, 0.467150714762613, 118.30417879538206, 1.9228033916730602, 2.0648819877068574]
iteration = 1299.0 , objective = [5.07241599], inputs = [-0.08988465  0.01        0.02903089  0.3         0.48672067  0.27
  2.          0.8538072   0.23201308  0.65762952  1.00564294  0.58784401
  0.08965509], constraints = [0.09987529360249013, 0.5800552406441257, 0.09987529360249013, 0.7864526603638741, 0.7864526603638741, 0.0043784933401412734, 1.7107309433728592, 2.34244921663419]
iteration = 1300.0 , objective = [3.08094367], inputs = [-0.05362444  0.01        0.01285198  0.42963488  0.55744979  0.21818434
  1.99947184  0.97416021  0.10177053  0.55956978  1.00260668  0.5216147
  0.24853508], constraints = [0.9602722692554951, 1.3223377591760501, 0.9602722692554951, 0.45233465942629014, 0.45233465942629014, 35.020828498978645, 1.9221212075897587, 2.052508213371057]
iteration = 1301.0 , objective = [3.29988443], inputs = [-0.06488277  0.01        0.01402543  0.44234257  0.58108561  0.229215
  1.99998633  0.96440634  0.12100231  0.56586278  1.00273381  0.52653877
  0.23754885], constraints = [0.9845929239378076, 1.4208396586181125, 0.9845929239378076, 0.506592565890522, 0.506592565890522, 12.502640460723264, 1.9043874324736982, 2.0738004845314686]
iteration = 1302.0 , objective = [3.487356], inputs = [-0.07350645  0.01        0.01513511  0.45152915  0.60077035  0.24086269
  2.          0.95503171  0.13928668  0.5717024   1.00280002  0.53106736
  0.22784488], constraints = [0.9894671914982762, 1.4953566687698205, 0.9894671914982762, 0.5504273671844775, 0.5504273671844775, 4.90549025293759, 1.8882727633581897, 2.0941713126596757]
iteration = 1303.0 , objective = [3.64779417], inputs = [-0.07927328  0.01        0.01617973  0.45771535  0.6173931   0.25310966
  2.          0.94606501  0.15730581  0.57736672  1.00286747  0.53510045
  0.21950447], constraints = [0.9930189796648036, 1.5736698540041316, 0.9930189796648036, 0.5875645880887267, 0.5875645880887267, 2.268752677216999, 1.8741667411282363, 2.1140196296212963]
iteration = 1304.0 , objective = [3.73637433], inputs = [-0.08130013  0.01        0.01711907  0.4584017   0.62716689  0.26429134
  2.          0.93801099  0.17311354  0.58271474  1.00296368  0.53848803
  0.21264835], constraints = [0.9970990951295906, 1.6512627514961755, 0.9970990951295906, 0.616108164151491, 0.616108164151491, 1.4222292578539735, 1.8625551848118878, 2.1321711746223393]
iteration = 1305.0 , objective = [3.75013695], inputs = [-0.08072887  0.01        0.01771418  0.45548723  0.62962697  0.27
  2.          0.93287309  0.18313722  0.58603997  1.00299319  0.54053515
  0.2087285 ], constraints = [0.999214716144122, 1.703635395821503, 0.999214716144122, 0.6357595722776276, 0.6357595722776276, 1.2182400575388637, 1.8555559058761677, 2.143914348142563]
iteration = 1306.0 , objective = [3.74015037], inputs = [-0.07978678  0.01        0.01796903  0.45282942  0.62931193  0.27
  2.          0.93046455  0.18874356  0.58694654  1.00286322  0.54141367
  0.20757907], constraints = [0.9998345750842186, 1.728870366711892, 0.9998345750842186, 0.6531012269031918, 0.6531012269031918, 1.2002865339808368, 1.8523049611695706, 2.149463951932937]
iteration = 1307.0 , objective = [3.46251395], inputs = [-0.0632174   0.01        0.02162792  0.40791481  0.61675217  0.26844996
  2.          0.89596257  0.26770854  0.5997426   1.00092534  0.55391075
  0.19159248], constraints = [0.965518767465168, 2.074765757515721, 0.965518767465168, 0.8915640096631825, 0.8915640096631825, 1.1866587672000029, 1.807015534411425, 2.232236096884334]
iteration = 1308.0 , objective = [3.52895583], inputs = [-0.06387849  0.01        0.02143871  0.41287775  0.62318239  0.27
  2.          0.89671371  0.27        0.59726219  1.00058804  0.55313603
  0.19473402], constraints = [1.0003308177043602, 2.1330175827901914, 1.0003308177043602, 0.8936404145766549, 0.8936404145766549, 1.1992431049161452, 1.8089366490165781, 2.2303662658149515]
iteration = 1309.0 , objective = [3.54403765], inputs = [-0.06391316  0.01        0.02162792  0.41438949  0.61675217  0.2677726
  2.          0.89595273  0.27        0.5997426   1.00092534  0.55391075
  0.19159248], constraints = [1.0001990460783587, 2.0666950207953643, 1.0001990460783587, 0.9000089095592627, 0.9000089095592627, 1.198704693379674, 1.807015534411425, 2.2322606119520803]
iteration = 1310.0 , objective = [3.49553461], inputs = [-0.06469786  0.01        0.02055923  0.40965303  0.64414879  0.27
  2.          0.90066184  0.27        0.58554005  0.99888435  0.54991721
  0.20819402], constraints = [0.9997402643364205, 2.331903121031834, 0.9997402643364205, 0.8934809962780528, 0.8934809962780528, 1.207088687771526, 1.8164267939709036, 2.2205892494685684]
iteration = 1311.0 , objective = [3.42374983], inputs = [-0.06798406  0.01        0.01780365  0.40145317  0.71050672  0.27
  2.          0.91289643  0.27        0.5486682   0.9934869   0.54000522
  0.25016649], constraints = [0.9980353824571457, 3.0042957254498854, 0.9980353824571457, 0.8930135774732367, 0.8930135774732367, 1.2695427693104357, 1.8397727806220796, 2.1908290362328207]
iteration = 1312.0 , objective = [3.44343249], inputs = [-0.06997775  0.01        0.01715787  0.40222654  0.72706889  0.27
  2.          0.91563876  0.27        0.5397714   0.99212711  0.53788473
  0.25973723], constraints = [0.9999699399470885, 3.1500464629428127, 0.9999699399470885, 0.8929141608262083, 0.8929141608262083, 1.2049242034459642, 1.8444976425125994, 2.1842675130061036]
iteration = 1313.0 , objective = [3.44358363], inputs = [-0.07070976  0.01        0.01676979  0.40174826  0.7368695   0.27
  2.          0.91707951  0.27        0.53430908  0.99124242  0.5367032
  0.26564569], constraints = [0.9999862571453034, 3.249617551166342, 0.9999862571453034, 0.8928626951551342, 0.8928626951551342, 1.2013040966760697, 1.8469098322916386, 2.18083597795195]
iteration = 1314.0 , objective = [3.44363527], inputs = [-0.07092953  0.01        0.01661916  0.40154097  0.74086364  0.27
  2.          0.91738057  0.27        0.53198982  0.99079649  0.53641229
  0.26800583], constraints = [0.9999975561227147, 3.2909974332101513, 0.9999975561227147, 0.8928520070655411, 0.8928520070655411, 1.200226212365573, 1.8470801670682133, 2.180120289645913]
iteration = 1315.0 , objective = [3.44304818], inputs = [-0.07100012  0.01        0.01645636  0.40122503  0.74560034  0.27
  2.          0.91711582  0.27        0.52903101  0.99008093  0.53647916
  0.27071404], constraints = [1.000000832281897, 3.341821713849629, 1.000000832281897, 0.892861405020092, 0.892861405020092, 1.2003472246954328, 1.8455160920256592, 2.180749644891971]
iteration = 1316.0 , objective = [3.44121275], inputs = [-0.07063557  0.01        0.01620997  0.40054231  0.75409601  0.27
  2.          0.9148946   0.27        0.52314928  0.98827527  0.53775944
  0.27529112], constraints = [1.0000274650486218, 3.436869554619039, 1.0000274650486218, 0.8929409490560616, 0.8929409490560616, 1.2013530708556526, 1.8377646010179, 2.1860441596846414]
iteration = 1317.0 , objective = [3.43680144], inputs = [-0.06886439  0.01        0.01595481  0.39924136  0.76691417  0.27
  2.          0.90710315  0.27        0.51281385  0.98422359  0.54264112
  0.28147369], constraints = [1.0001902224044192, 3.5904246567618037, 1.0001902224044192, 0.893229978313513, 0.893229978313513, 1.2042780799161452, 1.8137652301826221, 2.2048209290272363]
iteration = 1318.0 , objective = [3.4255606], inputs = [-0.06304785  0.01        0.01588455  0.39654561  0.78599411  0.27
  2.          0.88375484  0.27        0.49354202  0.97467732  0.55770692
  0.2887609 ], constraints = [1.0011905733116813, 3.849186215566351, 1.0011905733116813, 0.8941944834889989, 0.8941944834889989, 1.2169406680140877, 1.7476514819845017, 2.2630710474739435]
iteration = 1319.0 , objective = [3.39946665], inputs = [-0.04790331  0.01        0.01662638  0.39115732  0.80914329  0.27
  2.          0.82430199  0.27        0.4597635   0.95377214  0.59661242
  0.29247948], constraints = [1.0055913074606209, 4.250743014584676, 1.0055913074606209, 0.8974215048509225, 0.8974215048509225, 1.2646903933597717, 1.5986461389586502, 2.4262952489560985]
iteration = 1320.0 , objective = [3.36037063], inputs = [-0.02615515  0.01        0.01885271  0.38503726  0.81012639  0.27
  2.          0.73832825  0.26893594  0.42991531  0.92774264  0.65361473
  0.27901195], constraints = [1.0078750756613017, 4.449074635602476, 1.0078750756613017, 0.9016706601121081, 0.9016706601121081, 1.2781832769533021, 1.4194028950658353, 2.7088222755525306]
iteration = 1321.0 , objective = [3.25628799], inputs = [0.02803463 0.01       0.02605037 0.37242875 0.75870043 0.27
 2.         0.52781967 0.26037344 0.38708531 0.87052972 0.79485589
 0.21590599], constraints = [1.0306474032228912, 4.300037064220689, 1.0306474032228912, 0.9188985617536569, 0.9188985617536569, 1.5005088865467942, 1.0952044682828312, 3.789172885205972]
iteration = 1322.0 , objective = [3.19345214], inputs = [0.06230999 0.01       0.03252563 0.36938481 0.66150806 0.27
 2.         0.3910909  0.23798427 0.39190586 0.84003964 0.88974485
 0.14004465], constraints = [1.0063695218564526, 3.2377102903533257, 1.0063695218564526, 0.9190388063207577, 0.9190388063207577, 1.3098137976765114, 0.9441354392226768, 5.113900566483592]
iteration = 1323.0 , objective = [3.21482651], inputs = [0.06265353 0.01       0.03305989 0.37313378 0.64295965 0.27
 2.         0.3879459  0.23054314 0.40001458 0.84080533 0.89326624
 0.12928129], constraints = [0.9995892539027456, 2.9648462624637504, 0.9995892539027456, 0.8999465269796759, 0.8999465269796759, 1.2067545846042662, 0.941270682036199, 5.155357977562907]
iteration = 1324.0 , objective = [3.21746999], inputs = [0.06346644 0.01       0.03323381 0.3734147  0.64014575 0.27
 2.         0.38445656 0.22976405 0.40030384 0.83999723 0.89585474
 0.12709813], constraints = [1.0000019620370206, 2.9340977633470526, 1.0000019620370206, 0.9000195743266627, 0.9000195743266627, 1.2000956592516672, 0.9376489154714063, 5.202148146143166]
iteration = 1325.0 , objective = [3.21747415], inputs = [0.06363502 0.01       0.03325657 0.37340961 0.63992267 0.27
 2.         0.38376987 0.22959745 0.4001127  0.83972653 0.89648138
 0.12686752], constraints = [1.0000001746295655, 2.932080612735731, 1.0000001746295655, 0.9000007654461891, 0.9000007654461891, 1.2000043036814452, 0.9366915466043638, 5.2114565857350765]
iteration = 1326.0 , objective = [3.21663662], inputs = [0.0669256  0.01       0.03361944 0.37304579 0.63792919 0.27
 2.         0.37108854 0.22663752 0.39475998 0.8334399  0.90995783
 0.12378039], constraints = [1.0002603955324159, 2.921042528608727, 1.0002603955324159, 0.9002677693431591, 0.9002677693431591, 1.202626653013841, 0.9159104654853739, 5.389549392413387]
iteration = 1327.0 , objective = [3.21645803], inputs = [0.06822985 0.01       0.03373218 0.37287715 0.63768248 0.27
 2.         0.36713498 0.22556178 0.3921554  0.83021314 0.91651432
 0.12298155], constraints = [1.0000579946189354, 2.9215811452179477, 1.0000579946189354, 0.9000271568582395, 0.9000271568582395, 1.2007018355647103, 0.9058376016855747, 5.447587642949593]
iteration = 1328.0 , objective = [3.21508489], inputs = [0.07110514 0.01       0.03393215 0.37236429 0.63743312 0.27
 2.         0.36185348 0.22421503 0.38664136 0.82224572 0.93243427
 0.12177549], constraints = [1.000293539604523, 2.929118331765481, 1.000293539604523, 0.9000497270046568, 0.9000497270046568, 1.2038710601805502, 0.8818270082375715, 5.5270989814648335]
iteration = 1329.0 , objective = [3.21278174], inputs = [0.07573961 0.01       0.03430839 0.37170758 0.63373189 0.27
 2.         0.35794811 0.22318293 0.38046064 0.80914331 0.95937887
 0.11846867], constraints = [1.0006513487988977, 2.9050630690827632, 1.0006513487988977, 0.9000278215429844, 0.9000278215429844, 1.2080327980627246, 0.8434032996468025, 5.587402039281051]
iteration = 1330.0 , objective = [3.20657145], inputs = [0.08597171 0.01       0.03526782 0.37053014 0.61879646 0.27
 2.         0.35745424 0.2230424  0.37231888 0.78013637 1.02066635
 0.10823299], constraints = [1.002490038861575, 2.782266510482038, 1.002490038861575, 0.9000004495357532, 0.9000004495357532, 1.2298479934935511, 0.764340250772045, 5.595121706114614]
iteration = 1331.0 , objective = [3.19655325], inputs = [0.10088778 0.01       0.03692686 0.36923802 0.5852613  0.27
 2.         0.36979716 0.22631882 0.36928106 0.73686042 1.11478677
 0.0879735 ], constraints = [1.003899710743065, 2.4851103213359145, 1.003899710743065, 0.900276430944211, 0.900276430944211, 1.2455658029773704, 0.6609877643191517, 5.408370380981288]
iteration = 1332.0 , objective = [3.17858301], inputs = [0.12440102 0.01       0.03996593 0.36797718 0.51377747 0.27
 2.         0.40338216 0.2346157  0.37882778 0.67090723 1.26351274
 0.04721271], constraints = [1.0057839811463627, 1.8755248113793273, 1.0057839811463627, 0.901861088047009, 0.901861088047009, 1.2665123870517743, 0.5309857229265368, 4.958077500746676]
iteration = 1333.0 , objective = [3.17053511], inputs = [0.13215469 0.01       0.04129107 0.36847626 0.47448673 0.27
 2.         0.4224803  0.23801026 0.39477486 0.65452262 1.30638819
 0.02627018], constraints = [0.9998282472416702, 1.5503598137819785, 0.9998282472416702, 0.900525834307264, 0.900525834307264, 1.2031071799928503, 0.5010169464282302, 4.733948518249697]
iteration = 1334.0 , objective = [3.16287147], inputs = [0.13657586 0.01       0.04225457 0.36945784 0.4429248  0.27
 2.         0.42980239 0.23923802 0.41400116 0.6562649  1.31251733
 0.00943879], constraints = [0.9999267781845408, 1.3112269622319745, 0.9999267781845408, 0.9000717576965093, 0.9000717576965093, 1.2125129098733378, 0.5000047488948021, 4.653301199408218]
iteration = 1335.0 , objective = [3.16532817], inputs = [0.13650795 0.01       0.04225065 0.37010663 0.43545819 0.27
 2.         0.44460827 0.24196836 0.42153883 0.65671308 1.31342615
 0.00719307], constraints = [1.000020960807493, 1.2532244946930466, 1.000020960807493, 0.9002788392974403, 0.9002788392974403, 1.2006140148589464, 0.5000000032859714, 4.498341912510742]
iteration = 1336.0 , objective = [3.16545521], inputs = [0.13592619 0.01       0.04209657 0.37022176 0.4352267  0.27
 2.         0.45328059 0.24337028 0.42352299 0.65665756 1.31331512
 0.00831426], constraints = [1.0000097266437584, 1.2499111763103232, 1.0000097266437584, 0.9000900777860283, 0.9000900777860283, 1.199950572685748, 0.4999999999997221, 4.412278056395751]
iteration = 1337.0 , objective = [3.16542391], inputs = [0.13539677 0.01       0.04196018 0.37023534 0.43614971 0.27
 2.         0.45884733 0.24426102 0.42420631 0.6565516  1.3131032
 0.00967596], constraints = [1.0000032476826282, 1.2555779768048876, 1.0000032476826282, 0.9000357457537058, 0.9000357457537058, 1.2000024984676043, 0.49999999999972217, 4.358748210822437]
iteration = 1338.0 , objective = [3.16543521], inputs = [0.13531972 0.01       0.0419437  0.37023879 0.43627432 0.27
 2.         0.45948982 0.24435198 0.42430383 0.65655265 1.31310531
 0.00987314], constraints = [0.9999997104348575, 1.2563370571994454, 0.9999997104348575, 0.9000004680519487, 0.9000004680519487, 1.2000002230306341, 0.49999999999972217, 4.3526535505943675]
iteration = 1339.0 , objective = [3.16538435], inputs = [0.13485648 0.01       0.04186095 0.37023377 0.43691666 0.27
 2.         0.46286616 0.24489438 0.42503392 0.65665199 1.31330397
 0.01107   ], constraints = [1.000000985003267, 1.2604640124361883, 1.000000985003267, 0.9000127965947449, 0.9000127965947449, 1.2000048909689303, 0.4999999999997222, 4.320903433069301]
iteration = 1340.0 , objective = [3.16529626], inputs = [0.13416607 0.01       0.04176901 0.3702259  0.43757838 0.27
 2.         0.4668729  0.24552305 0.42637789 0.65697611 1.31395222
 0.01281352], constraints = [1.000001450875579, 1.264698703696585, 1.000001450875579, 0.9000177140479592, 0.9000177140479592, 1.2000075825024785, 0.49999999999972217, 4.283821147905793]
iteration = 1341.0 , objective = [3.1650287], inputs = [0.13253815 0.01       0.04162255 0.37020711 0.4383734  0.27
 2.         0.47425    0.24665962 0.43023846 0.65814432 1.31628864
 0.01681202], constraints = [1.0000040651403892, 1.2696565499314614, 1.0000040651403892, 0.9000585714540685, 0.9000585714540685, 1.2000032803477434, 0.4999999999997223, 4.217185049101952]
iteration = 1342.0 , objective = [3.1643725], inputs = [0.12902122 0.01       0.04144241 0.37017125 0.43862502 0.27
 2.         0.48610298 0.24840906 0.43988826 0.66144997 1.32289995
 0.02523454], constraints = [1.0000041610594788, 1.2706659884950833, 1.0000041610594788, 0.90014487445591, 0.90014487445591, 1.1999102449337609, 0.4999999999997223, 4.11435454956975]
iteration = 1343.0 , objective = [3.16266029], inputs = [0.12064516 0.01       0.04126871 0.37008172 0.43659772 0.27
 2.         0.50646602 0.25122462 0.46522809 0.67078888 1.34157776
 0.04494332], constraints = [0.9999657104791435, 1.2558396237230214, 0.9999657104791435, 0.9003983495549495, 0.9003983495549495, 1.1992003191201754, 0.49999999999972233, 3.9489322576350196]
iteration = 1344.0 , objective = [3.15852392], inputs = [0.10106556 0.01       0.04130856 0.36988195 0.42708874 0.27
 2.         0.54056182 0.25541953 0.52883313 0.6952473  1.39049459
 0.09044841], constraints = [0.9996453018201489, 1.1905201560771699, 0.9996453018201489, 0.9009907593767705, 0.9009907593767705, 1.1951864066296711, 0.4999999999997223, 3.699854378381738]
iteration = 1345.0 , objective = [3.14979403], inputs = [0.06088873 0.01       0.04210187 0.36946368 0.39996007 0.27
 2.         0.58904242 0.26026231 0.66684137 0.74986837 1.49973674
 0.18337827], constraints = [0.9984918232619066, 1.0153650222819137, 0.9984918232619066, 0.9016630836035184, 0.9016630836035184, 1.1860687852460092, 0.49999999999972233, 3.395341230608304]
iteration = 1346.0 , objective = [3.14542924], inputs = [0.05000319 0.01       0.04226689 0.36921341 0.40508937 0.27
 2.         0.5726516  0.25829987 0.69117808 0.77235761 1.5
 0.20620318], constraints = [1.0004641379896373, 1.052415829164215, 1.0004641379896373, 0.900165912749797, 0.900165912749797, 1.2068180724444821, 0.5149050716058707, 3.492524955139734]
iteration = 1347.0 , objective = [3.12938598], inputs = [0.01878808 0.01       0.04598278 0.36173208 0.45086196 0.27
 2.         0.32264144 0.23548468 0.73220253 0.85749364 1.5
 0.27855983], constraints = [1.0089697567808313, 1.4658159249364617, 1.0089697567808313, 0.9638873723020349, 0.9638873723020349, 1.196528639134967, 0.5716624243474382, 6.198831758004402]
iteration = 1348.0 , objective = [3.13008929], inputs = [0.03381896 0.01       0.04419348 0.36533454 0.42882127 0.27
 2.         0.44302782 0.24647079 0.71244819 0.81649843 1.5
 0.24371823], constraints = [1.0025881177319356, 1.2533197778547813, 1.0025881177319356, 0.9137919953135564, 0.9137919953135564, 1.2020361284933463, 0.5443322867441078, 4.514389224456375]
iteration = 1349.0 , objective = [3.13308116], inputs = [0.02375085 0.01       0.04376853 0.36661305 0.43390295 0.27
 2.         0.44967302 0.2427445  0.73072179 0.83128119 1.5
 0.26351016], constraints = [1.0001573294156934, 1.2743577278390075, 1.0001573294156934, 0.9000261639981565, 0.9000261639981565, 1.203098845956327, 0.5541874593999889, 4.447676225072618]
iteration = 1350.0 , objective = [3.13238986], inputs = [0.00843579 0.01       0.04334261 0.36639905 0.44895275 0.27
 2.         0.44671396 0.24223605 0.75578041 0.85506777 1.5
 0.29688989], constraints = [1.0004627173913703, 1.3838915816719057, 1.0004627173913703, 0.9000104100559125, 0.9000104100559125, 1.2064172283941639, 0.5700451771453559, 4.477137896593658]
iteration = 1351.0 , objective = [3.13130463], inputs = [-0.01530146  0.01        0.04245031  0.3660143   0.4747781   0.27
  2.          0.45036501  0.24285743  0.79215464  0.88934747  1.5
  0.34926211], constraints = [1.0009520648211003, 1.5809257795433704, 1.0009520648211003, 0.9000159119846262, 0.9000159119846262, 1.2134283252309133, 0.5928983120289317, 4.44084228223694]
iteration = 1352.0 , objective = [3.13221616], inputs = [-0.0220524   0.01        0.04224156  0.3659375   0.48260993  0.27
  2.          0.44828628  0.24250232  0.80145494  0.89894     1.5
  0.36387415], constraints = [1.0000675562974044, 1.6416489827794527, 1.0000675562974044, 0.9000051130838705, 0.9000051130838705, 1.2009963660955547, 0.5992933349406344, 4.4614347308508835]
iteration = 1353.0 , objective = [3.13228769], inputs = [-0.02471185  0.01        0.04217188  0.3659149   0.4853419   0.27
  2.          0.44739872  0.24234974  0.80552836  0.90290665  1.5
  0.36957407], constraints = [1.0000119800399607, 1.6633718922657132, 1.0000119800399607, 0.900000939819809, 0.900000939819809, 1.2001660243824392, 0.6019377661093149, 4.470285505643513]
iteration = 1354.0 , objective = [3.13229827], inputs = [-0.02485771  0.01        0.04216411  0.36591513  0.48548372  0.27
  2.          0.44758231  0.24238074  0.80577673  0.90306136  1.5
  0.36989071], constraints = [0.9999996945537394, 1.6644511404231783, 0.9999996945537394, 0.9000000403384995, 0.9000000403384995, 1.2000004143206997, 0.6020409069374927, 4.468451809982397]
iteration = 1355.0 , objective = [3.1322348], inputs = [-0.0277768   0.01        0.04202112  0.36590136  0.48810392  0.27
  2.          0.4509789   0.24295971  0.81124106  0.90580927  1.5
  0.37630629], constraints = [1.0000128957546746, 1.6849342641268112, 1.0000128957546746, 0.9000137172086349, 0.9000137172086349, 1.20015981749163, 0.6038728453946535, 4.434797271608767]
iteration = 1356.0 , objective = [3.13215532], inputs = [-0.03064861  0.01        0.04189532  0.36588612  0.49020476  0.27
  2.          0.45445597  0.2435377   0.8175566   0.90735796  1.5
  0.38265859], constraints = [1.0000084783277123, 1.7013757630615398, 1.0000084783277123, 0.9000141418625838, 0.9000141418625838, 1.2001084151691876, 0.6049053097220656, 4.40086639707707]
iteration = 1357.0 , objective = [3.13187442], inputs = [-0.03648843  0.01        0.04169573  0.36583766  0.4931127   0.27
  2.          0.46119888  0.24464366  0.8330656   0.90744766  1.5
  0.39569013], constraints = [1.0000067860100446, 1.724327840110156, 1.0000067860100446, 0.9000520114299324, 0.9000520114299324, 1.2000856512057583, 0.6049651087803619, 4.336523981982247]
iteration = 1358.0 , objective = [3.13141719], inputs = [-0.0439914   0.01        0.04156877  0.36574665  0.49345423  0.27
  2.          0.46954137  0.24595461  0.85955337  0.90018871  1.5
  0.41270254], constraints = [0.9998482166173099, 1.726879047472564, 0.9998482166173099, 0.9000768781125411, 0.9000768781125411, 1.1981444248360904, 0.600125804521437, 4.259475573267529]
iteration = 1359.0 , objective = [3.13086487], inputs = [-0.0526597   0.01        0.0417343   0.36553499  0.48620771  0.27
  2.          0.47730502  0.24711434  0.90494652  0.87634598  1.5
  0.43307083], constraints = [0.9990942123813539, 1.6696336634965805, 0.9990942123813539, 0.9000640238788608, 0.9000640238788608, 1.1889029408153307, 0.5842306517682273, 4.190192650861646]
iteration = 1360.0 , objective = [3.12992949], inputs = [-0.05840912  0.01        0.04240316  0.36517224  0.46956585  0.27
  2.          0.4752543   0.24679008  0.95730029  0.8410735   1.5
  0.4476318 ], constraints = [0.9984204847777364, 1.5433064913100327, 0.9984204847777364, 0.9000043628768484, 0.9000043628768484, 1.1805987039808028, 0.5607156660066713, 4.208273335879492]
iteration = 1361.0 , objective = [3.12796085], inputs = [-0.05202708  0.01        0.0439179   0.36471648  0.43544181  0.27
  2.          0.45791144  0.24421147  0.9978926   0.79074341  1.5
  0.43587045], constraints = [0.998243422245394, 1.29791834118953, 0.998243422245394, 0.9003237830568559, 0.9003237830568559, 1.1768967367487964, 0.5271622735869846, 4.367656746916511]
iteration = 1362.0 , objective = [3.12413715], inputs = [-0.03157983  0.01        0.04565613  0.36472609  0.39584829  0.27
  2.          0.43421752  0.24025954  0.99441321  0.75        1.5
  0.39094819], constraints = [1.0001224851480937, 1.0351632625616594, 1.0001224851480937, 0.9006637939232296, 0.9006637939232296, 1.2019336043237316, 0.4999999999999997, 4.605986388624592]
iteration = 1363.0 , objective = [3.1245426], inputs = [-0.04009544  0.01        0.04527518  0.36473942  0.40142854  0.27
  2.          0.43882669  0.24086496  1.02107357  0.74004723  1.48009445
  0.40890714], constraints = [1.0001735445034015, 1.0702052424373805, 1.0001735445034015, 0.9000270302836771, 0.9000270302836771, 1.2019548097848882, 0.4999999999999997, 4.55760791267807]
iteration = 1364.0 , objective = [3.1237077], inputs = [-0.06359368  0.01        0.04435399  0.36473376  0.41406481  0.27
  2.          0.44890751  0.24264987  1.09889434  0.71013577  1.42027154
  0.4571253 ], constraints = [1.0016724257506333, 1.1528283420741574, 1.0016724257506333, 0.9001246924145658, 0.9001246924145658, 1.218149195138958, 0.49999999999999967, 4.455260774153828]
iteration = 1365.0 , objective = [3.12422366], inputs = [-0.05233251  0.01        0.04479546  0.36473647  0.40800907  0.27
  2.          0.44407643  0.24179448  1.06159994  0.72447037  1.44894074
  0.43401749], constraints = [1.0005257899117406, 1.1124762585501948, 1.0005257899117406, 0.9000470404283034, 0.9000470404283034, 1.205720387625043, 0.49999999999999967, 4.503729218191378]
iteration = 1366.0 , objective = [3.11899068], inputs = [-0.1178446   0.01        0.04249453  0.36482211  0.44036751  0.27
  2.          0.46430675  0.24528674  1.27935576  0.64240912  1.28481824
  0.56675833], constraints = [1.0150012862895799, 1.3446477603032496, 1.0150012862895799, 0.9004815067726447, 0.9004815067726447, 1.3729135195626796, 0.4999999999999997, 4.307497189412723]
iteration = 1367.0 , objective = [3.12315704], inputs = [-0.07876754  0.01        0.043867    0.36477103  0.42106615  0.27
  2.          0.45223964  0.24320365  1.14946741  0.69135752  1.38271505
  0.48758025], constraints = [1.0025594950491865, 1.199664458780179, 1.0025594950491865, 0.9001080248059196, 0.9001080248059196, 1.2279940642001128, 0.49999999999999967, 4.422434072180608]
iteration = 1368.0 , objective = [3.12394494], inputs = [-0.06321352  0.01        0.04441329  0.36475069  0.41338354  0.27
  2.          0.44743652  0.24237451  1.09776736  0.71084068  1.42168136
  0.45606464], constraints = [1.0008065508984874, 1.147452569867268, 1.0008065508984874, 0.9000528833839955, 0.9000528833839955, 1.2087717707231458, 0.49999999999999967, 4.4699078454652605]
iteration = 1369.0 , objective = [3.11054656], inputs = [-0.16991804  0.01        0.04095555  0.36497906  0.46279778  0.27
  2.          0.47398354  0.24688441  1.45193128  0.58075837  1.16151674
  0.67042505], constraints = [1.0447176133505094, 1.540990254886901, 1.0447176133505094, 0.9008074452239585, 0.9008074452239585, 1.7873388883456234, 0.4999999999999997, 4.219555783347669]
iteration = 1370.0 , objective = [3.12064887], inputs = [-0.11286281  0.01        0.04280441  0.36485695  0.43637584  0.27
  2.          0.45978877  0.24447296  1.26255876  0.65031378  1.30062755
  0.55580589], constraints = [1.00896937546226, 1.309915049986815, 1.00896937546226, 0.9002071824380827, 0.9002071824380827, 1.3009795013855279, 0.49999999999999967, 4.349823524574601]
iteration = 1371.0 , objective = [3.12331774], inputs = [-0.08151868  0.01        0.04382012  0.36478987  0.42186055  0.27
  2.          0.45199066  0.24314819  1.15852417  0.68852507  1.37705013
  0.49283816], constraints = [1.0017554336129373, 1.204030876972125, 1.0017554336129373, 0.9000684439773702, 0.9000684439773702, 1.2191647014813565, 0.49999999999999967, 4.424870208988609]
iteration = 1372.0 , objective = [3.12391503], inputs = [-0.06484833  0.01        0.04436032  0.36475419  0.41414061  0.27
  2.          0.44784324  0.24244361  1.10319346  0.70884771  1.41769542
  0.45934882], constraints = [1.0008025645083942, 1.1523677687479026, 1.0008025645083942, 0.9000522709859932, 0.9000522709859932, 1.2087287018685298, 0.49999999999999967, 4.46584835253588]
iteration = 1373.0 , objective = [3.10153158], inputs = [-0.20588745  0.01        0.04001798  0.36492695  0.47919252  0.27
  2.          0.47233982  0.24659554  1.57079633  0.53844663  1.07689326
  0.74278603], constraints = [1.084226090231804, 1.718423920268583, 1.084226090231804, 0.9006884751227573, 0.9006884751227573, 2.5198002400594546, 0.4999999999999998, 4.234239652898985]
iteration = 1374.0 , objective = [3.11714276], inputs = [-0.13772663  0.01        0.04211653  0.36484346  0.44775449  0.27
  2.          0.46050121  0.24458901  1.34481508  0.62079738  1.24159476
  0.60580763], constraints = [1.0196009374466624, 1.4029447604456127, 1.0196009374466624, 0.9002126710232107, 0.9002126710232107, 1.4314642964983653, 0.4999999999999997, 4.343093891251741]
iteration = 1375.0 , objective = [3.12250594], inputs = [-0.09456099  0.01        0.04344552  0.36479059  0.42784507  0.27
  2.          0.45300393  0.2433183   1.20170318  0.67294938  1.34589876
  0.51906043], constraints = [1.003550980820267, 1.2463211255850313, 1.003550980820267, 0.9000727967307374, 0.9000727967307374, 1.2391306716400623, 0.49999999999999967, 4.414972773904841]
iteration = 1376.0 , objective = [3.12387241], inputs = [-0.06696528  0.01        0.04429514  0.36475679  0.41511701  0.27
  2.          0.44821093  0.24250593  1.11021201  0.70629005  1.4125801
  0.46360311], constraints = [1.0008045033894417, 1.1587555113022714, 1.0008045033894417, 0.9000516477801245, 0.9000516477801245, 1.2087505545448956, 0.49999999999999967, 4.46218484475715]
iteration = 1377.0 , objective = [3.10140828], inputs = [-0.20581157  0.01        0.04010259  0.36494953  0.47896732  0.27
  2.          0.46722186  0.24571831  1.57079633  0.53678014  1.07356028
  0.74166858], constraints = [1.083820541854118, 1.7163376211154113, 1.083820541854118, 0.9004176422564684, 0.9004176422564684, 2.5133823114028235, 0.4999999999999998, 4.280621609541858]
iteration = 1378.0 , objective = [3.11704772], inputs = [-0.13863349  0.01        0.04213107  0.36485627  0.44807459  0.27
  2.          0.45802379  0.24416406  1.34795155  0.61879422  1.23758843
  0.60713201], constraints = [1.0194779257028554, 1.405204111987519, 1.0194779257028554, 0.9001379487702227, 0.9001379487702227, 1.430217669354629, 0.4999999999999997, 4.366585412414337]
iteration = 1379.0 , objective = [3.12243519], inputs = [-0.09620398  0.01        0.04341226  0.36479737  0.42856282  0.27
  2.          0.45221431  0.2431824   1.20720337  0.6705941   1.3411882
  0.52215905], constraints = [1.0035394761262737, 1.2512092992838162, 1.0035394761262737, 0.9000597535200037, 0.9000597535200037, 1.2390392843471307, 0.4999999999999998, 4.422681793069464]
iteration = 1380.0 , objective = [3.12382703], inputs = [-0.0690848   0.01        0.04423114  0.36475973  0.4160917   0.27
  2.          0.44850113  0.24255497  1.11724293  0.70370244  1.40740489
  0.46784784], constraints = [1.0008066401755413, 1.1651503126522353, 1.0008066401755413, 0.9000509597254396, 0.9000509597254396, 1.2087747192978107, 0.49999999999999967, 4.45929755287582]
iteration = 1381.0 , objective = [3.10137707], inputs = [-0.20580193  0.01        0.04016322  0.36497431  0.47885888  0.27
  2.          0.46330988  0.24504988  1.57079633  0.53526864  1.07053729
  0.7407515 ], constraints = [1.0832689010866372, 1.714877821922614, 1.0832689010866372, 0.9002548138004419, 0.9002548138004419, 2.5035287089961704, 0.4999999999999998, 4.316765304584273]
iteration = 1382.0 , objective = [3.11698724], inputs = [-0.13955255  0.01        0.04213442  0.36487033  0.44844362  0.27
  2.          0.45613396  0.24384091  1.35101677  0.61688705  1.23377411
  0.60850985], constraints = [1.0193114175144522, 1.4077130282748402, 1.0193114175144522, 0.9000931901730754, 0.9000931901730754, 1.42837028055059, 0.4999999999999997, 4.384676777381471]
iteration = 1383.0 , objective = [3.12237343], inputs = [-0.09781743  0.01        0.04337622  0.36480482  0.42928293  0.27
  2.          0.45161335  0.2430793   1.21256224  0.6683042   1.3366084
  0.52520159], constraints = [1.0035145012040545, 1.2560900785385662, 1.0035145012040545, 0.9000517228422634, 0.9000517228422634, 1.2387920565163237, 0.49999999999999967, 4.428566999757965]
iteration = 1384.0 , objective = [3.1237795], inputs = [-0.071193    0.01        0.04416841  0.36476304  0.41705958  0.27
  2.          0.44872949  0.24259344  1.12423681  0.70110516  1.40221033
  0.47205607], constraints = [1.0008088443624212, 1.171517337611881, 1.0008088443624212, 0.900050235977804, 0.900050235977804, 1.2087997405068742, 0.49999999999999967, 4.4570282654682645]
iteration = 1385.0 , objective = [3.10148348], inputs = [-0.20583922  0.01        0.0402237   0.36499205  0.47866729  0.27
  2.          0.46000471  0.24448684  1.57079633  0.53437728  1.06875456
  0.74007059], constraints = [1.0821668534330613, 1.7120863167634317, 1.0821668534330613, 0.9001484207317554, 0.9001484207317554, 2.4815651469224616, 0.4999999999999998, 4.347781612592748]
iteration = 1386.0 , objective = [3.11699802], inputs = [-0.14036346  0.01        0.04214193  0.36488069  0.4487087   0.27
  2.          0.45452179  0.24356612  1.35364339  0.61545371  1.23090741
  0.6097405 ], constraints = [1.0189599522796202, 1.4092733636131365, 1.0189599522796202, 0.900063952625054, 0.900063952625054, 1.4241046759890048, 0.4999999999999997, 4.400229064870629]
iteration = 1387.0 , objective = [3.12232981], inputs = [-0.09933047  0.01        0.04334407  0.36481089  0.42993395  0.27
  2.          0.45108571  0.24298911  1.21755585  0.66626348  1.33252696
  0.52806396], constraints = [1.0034530526112084, 1.2604752457898973, 1.0034530526112084, 0.9000463153069803, 0.9000463153069803, 1.2381302456696917, 0.49999999999999967, 4.43374723063286]
iteration = 1388.0 , objective = [3.12373041], inputs = [-0.07328186  0.01        0.04410721  0.36476659  0.41801535  0.27
  2.          0.44890441  0.24262281  1.13116461  0.69851859  1.39703718
  0.47621397], constraints = [1.0008109667193954, 1.1778211748681335, 1.0008109667193954, 0.900049493010296, 0.900049493010296, 1.208823964463174, 0.49999999999999967, 4.455291533061521]
iteration = 1389.0 , objective = [3.10172687], inputs = [-0.20590862  0.01        0.04028904  0.36500214  0.47834904  0.27
  2.          0.45713158  0.24399864  1.57079633  0.53413737  1.06827474
  0.73959821], constraints = [1.0805095379774354, 1.7076241819448574, 1.0805095379774354, 0.9000793575681427, 0.9000793575681427, 2.44766076086224, 0.4999999999999998, 4.375107900282029]
iteration = 1390.0 , objective = [3.11708261], inputs = [-0.1410272   0.01        0.0421569   0.36488691  0.44883361  0.27
  2.          0.45310682  0.24332558  1.35572713  0.61455317  1.22910634
  0.61074982], constraints = [1.0184074682820714, 1.4096120765126576, 1.0184074682820714, 0.9000450551575064, 0.9000450551575064, 1.4172302236315844, 0.4999999999999997, 4.413970173142387]
iteration = 1391.0 , objective = [3.12230531], inputs = [-0.10072359  0.01        0.0433172   0.36481533  0.43049896  0.27
  2.          0.45060669  0.24290748  1.22212857  0.66450656  1.32901313
  0.53071066], constraints = [1.0033532546977253, 1.2642476160867635, 1.0033532546977253, 0.9000426865615397, 0.9000426865615397, 1.237032351410833, 0.49999999999999967, 4.438460544162116]
iteration = 1392.0 , objective = [3.12368036], inputs = [-0.07534472  0.01        0.04404783  0.36477025  0.41895377  0.27
  2.          0.44903237  0.24264421  1.13800256  0.69596184  1.39192367
  0.4803106 ], constraints = [1.000812864297683, 1.1840270061657852, 1.000812864297683, 0.9000487426615174, 0.9000487426615174, 1.208845801785061, 0.49999999999999967, 4.454021876794556]
iteration = 1393.0 , objective = [3.10208153], inputs = [-0.20599959  0.01        0.04035857  0.36500605  0.47791297  0.27
  2.          0.45463913  0.24357593  1.57079633  0.53445629  1.06891259
  0.73929613], constraints = [1.078398896429161, 1.7016860679029395, 1.078398896429161, 0.9000369977591763, 0.9000369977591763, 2.404423351791336, 0.4999999999999998, 4.399093365660251]
iteration = 1394.0 , objective = [3.1171886], inputs = [-0.14178343  0.01        0.04217182  0.36489016  0.44893484  0.27
  2.          0.45188344  0.24311799  1.35808054  0.61383539  1.22767079
  0.61200615], constraints = [1.0178186520334258, 1.4097505119690015, 1.0178186520334258, 0.9000335670723755, 0.9000335670723755, 1.4098718795116236, 0.4999999999999997, 4.425920098618267]
iteration = 1395.0 , objective = [3.12228607], inputs = [-0.10213979  0.01        0.04329122  0.36481861  0.43104529  0.27
  2.          0.45018222  0.24283529  1.22676113  0.66283982  1.32567965
  0.53342408], constraints = [1.0032486493245467, 1.2678982266600418, 1.0032486493245467, 0.9000403139389893, 0.9000403139389893, 1.235875374358651, 0.4999999999999997, 4.442645457672406]
iteration = 1396.0 , objective = [3.12362967], inputs = [-0.07738427  0.01        0.04399024  0.36477393  0.41987414  0.27
  2.          0.44911989  0.24265876  1.14475859  0.69344069  1.38688138
  0.48435344], constraints = [1.000814484247115, 1.1901297202751797, 1.000814484247115, 0.9000479908734417, 0.9000479908734417, 1.2088646527704954, 0.49999999999999967, 4.453153890678011]
iteration = 1397.0 , objective = [3.10251905], inputs = [-0.20610384  0.01        0.04043016  0.36500601  0.47738154  0.27
  2.          0.45250866  0.24321511  1.57079633  0.53520623  1.07041246
  0.73912171], constraints = [1.0759595353641633, 1.6945957132174676, 1.0759595353641633, 0.9000135630323515, 0.9000135630323515, 2.354904543877917, 0.4999999999999998, 4.4198049531666]
iteration = 1398.0 , objective = [3.11733043], inputs = [-0.14249085  0.01        0.04218955  0.36489132  0.44896148  0.27
  2.          0.45083394  0.24294016  1.36024919  0.61340544  1.22681087
  0.61321566], constraints = [1.0171425903660434, 1.4092520467455074, 1.0171425903660434, 0.9000271965005515, 0.9000271965005515, 1.401404011595598, 0.49999999999999983, 4.436223282328946]
iteration = 1399.0 , objective = [3.12227723], inputs = [-0.10349265  0.01        0.04326814  0.36482101  0.43153845  0.27
  2.          0.44980724  0.2427716   1.23117243  0.66134577  1.32269154
  0.53602845], constraints = [1.0031264561151536, 1.2711731456443023, 1.0031264561151536, 0.9000388172973418, 0.9000388172973418, 1.2345172852845194, 0.49999999999999967, 4.446349053992753]
iteration = 1400.0 , objective = [3.1235787], inputs = [-0.07939941  0.01        0.0439345   0.36477757  0.42077443  0.27
  2.          0.44917295  0.24266747  1.15142832  0.69096349  1.38192698
  0.4883419 ], constraints = [1.0008157615035913, 1.1961149968083407, 1.0008157615035913, 0.9000472429060128, 0.9000472429060128, 1.2088797836726815, 0.49999999999999967, 4.452627926998373]
iteration = 1401.0 , objective = [3.10301414], inputs = [-0.20621537  0.01        0.04050165  0.36500379  0.47678289  0.27
  2.          0.45071498  0.2429116   1.57079633  0.53626205  1.0725241
  0.73903916], constraints = [1.0733165549401973, 1.686723614408561, 1.0733165549401973, 0.9000028184640265, 0.9000028184640265, 2.3020438709423634, 0.4999999999999998, 4.437394093664461]
iteration = 1402.0 , objective = [3.11749689], inputs = [-0.14315499  0.01        0.04220867  0.3648913   0.44893218  0.27
  2.          0.44994819  0.2427902   1.36226181  0.61318873  1.22637747
  0.61437769], constraints = [1.0164119126941584, 1.4082790634501994, 1.0164119126941584, 0.9000242052220646, 0.9000242052220646, 1.3922647919301574, 0.4999999999999997, 4.44495620262836]
iteration = 1403.0 , objective = [3.12227403], inputs = [-0.1048145   0.01        0.04324653  0.3648229   0.43199905  0.27
  2.          0.44948198  0.24271639  1.23547355  0.65995989  1.31991978
  0.53858395], constraints = [1.002997575568442, 1.2742210142013068, 1.002997575568442, 0.9000378884206879, 0.9000378884206879, 1.2330818205275906, 0.49999999999999967, 4.449566550928166]
iteration = 1404.0 , objective = [3.12352768], inputs = [-0.08139136  0.01        0.04388058  0.36478112  0.42165418  0.27
  2.          0.44919717  0.2426713   1.15801549  0.68853354  1.37706707
  0.49227969], constraints = [1.0008166676944115, 1.2019785666944671, 1.0008166676944115, 0.9000465015415959, 0.9000465015415959, 1.208890867685957, 0.49999999999999967, 4.452387835102804]
iteration = 1405.0 , objective = [3.10354569], inputs = [-0.20632976  0.01        0.04057141  0.36500077  0.47614173  0.27
  2.          0.44922427  0.24265948  1.57079633  0.53751692  1.07503384
  0.73901847], constraints = [1.070571341154511, 1.6783845826167434, 1.070571341154511, 0.9000000005749098, 0.9000000005749098, 2.2481239101065342, 0.4999999999999998, 4.452119169840026]
iteration = 1406.0 , objective = [3.11767611], inputs = [-0.14379667  0.01        0.04222769  0.36489083  0.44887009  0.27
  2.          0.44921071  0.2426654   1.36419484  0.61310245  1.2262049
  0.61552292], constraints = [1.015660892933958, 1.407035926197766, 1.015660892933958, 0.9000232746918972, 0.9000232746918972, 1.382904034523651, 0.4999999999999997, 4.452253635795129]
iteration = 1407.0 , objective = [3.12227427], inputs = [-0.10611205  0.01        0.04322582  0.36482458  0.43243525  0.27
  2.          0.44920253  0.24266896  1.23968958  0.65865292  1.31730585
  0.54110019], constraints = [1.0028665352315533, 1.277099956058861, 1.0028665352315533, 0.9000373006257136, 0.9000373006257136, 1.2316210063012798, 0.4999999999999997, 4.452334673592433]
iteration = 1408.0 , objective = [3.12347678], inputs = [-0.08336184  0.01        0.04382839  0.36478458  0.42251353  0.27
  2.          0.44919759  0.24267111  1.16452571  0.68615176  1.37230352
  0.49617116], constraints = [1.0008171926821638, 1.2077204424458665, 1.0008171926821638, 0.9000457681374859, 0.9000457681374859, 1.2088977823288791, 0.49999999999999967, 4.45238359756696]
iteration = 1409.0 , objective = [3.10409717], inputs = [-0.20644413  0.01        0.04063843  0.36499783  0.47547791  0.27
  2.          0.44799622  0.24245181  1.57079633  0.53888915  1.0777783
  0.73903746], constraints = [1.067798384751055, 1.669828407711099, 1.067798384751055, 0.9000017118621959, 0.9000017118621959, 2.194732951265088, 0.4999999999999998, 4.464323392963754]
iteration = 1410.0 , objective = [3.11786117], inputs = [-0.14442109  0.01        0.0422459   0.36489037  0.44878835  0.27
  2.          0.44860161  0.24256232  1.36607037  0.61309702  1.22619405
  0.61665343], constraints = [1.0149083979801847, 1.4056380627778573, 1.0149083979801847, 0.9000234841267629, 0.9000234841267629, 1.3735680356795528, 0.4999999999999997, 4.458298754757935]
iteration = 1411.0 , objective = [3.12227608], inputs = [-0.10739343  0.01        0.04320556  0.36482622  0.43285473  0.27
  2.          0.44896303  0.2426283   1.24384931  0.65739901  1.31479801
  0.54359036], constraints = [1.0027369663523582, 1.2798649765543735, 1.0027369663523582, 0.900036897146432, 0.900036897146432, 1.2301764214968918, 0.49999999999999967, 4.454709800730473]
iteration = 1412.0 , objective = [3.12342609], inputs = [-0.08531376  0.01        0.0437778   0.36478797  0.42335348  0.27
  2.          0.44917854  0.24266764  1.17096861  0.68381638  1.36763275
  0.50002269], constraints = [1.0008173258314468, 1.213346004680384, 1.0008173258314468, 0.9000450427463024, 0.9000450427463024, 1.2089003854895966, 0.49999999999999967, 4.452572448198283]
iteration = 1413.0 , objective = [3.10475474], inputs = [-0.20656416  0.01        0.04071583  0.36498625  0.47463982  0.27
  2.          0.44697723  0.24227946  1.57079633  0.5409191   1.0818382
  0.73922121], constraints = [1.0645792810022696, 1.6594411087723657, 1.0645792810022696, 0.9000057638268163, 0.9000057638268163, 2.1339056494062754, 0.4999999999999998, 4.474500867259875]
iteration = 1414.0 , objective = [3.11808897], inputs = [-0.14496406  0.01        0.04227143  0.36488552  0.44858429  0.27
  2.          0.44809558  0.24247667  1.36766771  0.61351669  1.22703337
  0.61769871], constraints = [1.0140425028717621, 1.4032585976086318, 1.0140425028717621, 0.9000242759287016, 0.9000242759287016, 1.3628548170649384, 0.4999999999999997, 4.463333420828797]
iteration = 1415.0 , objective = [3.12228781], inputs = [-0.10862251  0.01        0.04318918  0.36482608  0.43321258  0.27
  2.          0.44875537  0.24259301  1.24783011  0.6563463   1.3126926
  0.54600539], constraints = [1.0025919209917649, 1.282203703306206, 1.0025919209917649, 0.9000365962580745, 0.9000365962580745, 1.228556359470259, 0.49999999999999967, 4.456771188242283]
iteration = 1416.0 , objective = [3.1233758], inputs = [-0.08725335  0.01        0.04372882  0.36479114  0.42417388  0.27
  2.          0.44914333  0.24266143  1.17736448  0.68153051  1.36306102
  0.50384905], constraints = [1.000817056011138, 1.2188544108692818, 1.000817056011138, 0.900044323686539, 0.900044323686539, 1.2088985672756942, 0.49999999999999967, 4.452921535937253]
iteration = 1417.0 , objective = [3.10526138], inputs = [-0.20666871  0.01        0.04076891  0.36498974  0.47405665  0.27
  2.          0.44616657  0.24214227  1.57079633  0.54204698  1.08409395
  0.73919952], constraints = [1.062140066783507, 1.6518747729978964, 1.062140066783507, 0.9000105586988826, 0.9000105586988826, 2.089105294685737, 0.4999999999999998, 4.482630824156031]
iteration = 1418.0 , objective = [3.11824831], inputs = [-0.14561067  0.01        0.04228234  0.36488819  0.44855119  0.27
  2.          0.44768861  0.24240772  1.36963144  0.61336604  1.22673207
  0.61886292], constraints = [1.013391379537908, 1.4022835932901048, 1.013391379537908, 0.900025178317611, 0.900025178317611, 1.3548883280076154, 0.4999999999999997, 4.4673908642138676]
iteration = 1419.0 , objective = [3.1222839], inputs = [-0.10991773  0.01        0.04316705  0.36482883  0.43364136  0.27
  2.          0.44857836  0.24256289  1.25203569  0.6550573   1.3101146
  0.54851728], constraints = [1.0024822113853242, 1.2850440405978223, 1.0024822113853242, 0.9000362901188634, 0.9000362901188634, 1.22733648584104, 0.4999999999999997, 4.458529879291759]
iteration = 1420.0 , objective = [3.12332574], inputs = [-0.08917475  0.01        0.04368119  0.36479433  0.4249765   0.27
  2.          0.44909543  0.24265307  1.18369485  0.6792862   1.35857241
  0.50763586], constraints = [1.0008164532240245, 1.2242543673308748, 1.0008164532240245, 0.9000436132339035, 0.9000436132339035, 1.2088931014795592, 0.49999999999999967, 4.453396444071986]
iteration = 1421.0 , objective = [3.10579041], inputs = [-0.20677334  0.01        0.04082255  0.36499131  0.47343777  0.27
  2.          0.44549852  0.24202912  1.57079633  0.54333917  1.08667834
  0.73922771], constraints = [1.059633970628595, 1.643972999982799, 1.059633970628595, 0.9000154382847092, 0.9000154382847092, 2.0438976385780903, 0.4999999999999998, 4.489352779867239]
iteration = 1422.0 , objective = [3.11841428], inputs = [-0.14624201  0.01        0.04229398  0.36488992  0.44849338  0.27
  2.          0.44734995  0.24235029  1.37154422  0.61331496  1.22662992
  0.62002083], constraints = [1.0127316318343542, 1.4011236617944078, 1.0127316318343542, 0.9000260733428986, 0.9000260733428986, 1.3468472689177817, 0.4999999999999997, 4.470772820779031]
iteration = 1423.0 , objective = [3.12228176], inputs = [-0.11119755  0.01        0.04314585  0.36483122  0.43405189  0.27
  2.          0.44842183  0.24253623  1.2561877   0.65382728  1.30765455
  0.55100628], constraints = [1.0023724702462828, 1.2877624247892088, 1.0023724702462828, 0.900035984548053, 0.900035984548053, 1.2261159945444997, 0.4999999999999997, 4.460086123429277]
iteration = 1424.0 , objective = [3.12327591], inputs = [-0.09108347  0.01        0.0436348   0.36479753  0.42576306  0.27
  2.          0.44903705  0.24264295  1.1899778   0.67707968  1.35415936
  0.51139478], constraints = [1.0008155306655806, 1.2295570470558879, 1.0008155306655806, 0.9000429094011257, 0.9000429094011257, 1.2088841288368255, 0.49999999999999967, 4.453975443850142]
iteration = 1425.0 , objective = [3.10632437], inputs = [-0.2068755   0.01        0.04087494  0.36499249  0.47280955  0.27
  2.          0.44494679  0.24193557  1.57079633  0.54468746  1.08937493
  0.73927656], constraints = [1.0571457740073589, 1.6360334924923834, 1.0571457740073589, 0.900019987554373, 0.900019987554373, 1.9998627985605726, 0.4999999999999998, 4.49491952158017]
iteration = 1426.0 , objective = [3.11858067], inputs = [-0.14685943  0.01        0.0423054   0.36489144  0.44842493  0.27
  2.          0.44706681  0.24230221  1.37341461  0.61330756  1.22661512
  0.62116335], constraints = [1.0120799399103022, 1.3998936385508254, 1.0120799399103022, 0.900026861663657, 0.900026861663657, 1.3389420801010536, 0.4999999999999996, 4.473604307731194]
iteration = 1427.0 , objective = [3.12227882], inputs = [-0.11248264  0.01        0.04312476  0.36483356  0.43445758  0.27
  2.          0.44828114  0.24251222  1.26035571  0.65261268  1.30522535
  0.55350892], constraints = [1.0022674416076656, 1.2904541242204826, 1.0022674416076656, 0.9000356583228962, 0.9000356583228962, 1.2249484220156157, 0.4999999999999997, 4.461485912544177]
iteration = 1428.0 , objective = [3.12322632], inputs = [-0.09298232  0.01        0.04358954  0.36480073  0.42653457  0.27
  2.          0.44896998  0.24263135  1.19622276  0.67490861  1.34981722
  0.51513176], constraints = [1.0008142964672797, 1.2347684629849927, 1.0008142964672797, 0.9000422110780162, 0.9000422110780162, 1.2088717364103432, 0.49999999999999967, 4.454640860641832]
iteration = 1429.0 , objective = [3.10685459], inputs = [-0.2069747   0.01        0.04092539  0.36499378  0.47218628  0.27
  2.          0.44448751  0.24185759  1.57079633  0.54604121  1.09208242
  0.7393342 ], constraints = [1.0547126834556937, 1.6282109847701478, 1.0547126834556937, 0.9000240292513543, 0.9000240292513543, 1.9576277220377478, 0.4999999999999998, 4.499563965746318]
iteration = 1430.0 , objective = [3.11874177], inputs = [-0.14748394  0.01        0.04231577  0.36489303  0.4483614   0.27
  2.          0.44682684  0.2422614   1.37531252  0.61329499  1.22658998
  0.62232662], constraints = [1.0114521386707973, 1.3987228727286682, 1.0114521386707973, 0.9000275009362225, 0.9000275009362225, 1.3313648992436953, 0.4999999999999997, 4.47600688503259]
iteration = 1431.0 , objective = [3.12227445], inputs = [-0.11377612  0.01        0.04310356  0.36483594  0.43486208  0.27
  2.          0.44815231  0.2424902   1.26455022  0.65140139  1.30280279
  0.55602942], constraints = [1.0021679806100925, 1.2931446505876716, 1.0021679806100925, 0.9000353059063116, 0.9000353059063116, 1.2238434984276227, 0.49999999999999967, 4.462768450977141]
iteration = 1432.0 , objective = [3.12317696], inputs = [-0.09487388  0.01        0.04354533  0.36480393  0.4272921   0.27
  2.          0.44889559  0.24261851  1.20243835  0.67277021  1.34554042
  0.51885213], constraints = [1.0008127620597491, 1.2398952871786506, 1.0008127620597491, 0.9000415172050434, 0.9000415172050434, 1.2088560489936744, 0.49999999999999967, 4.4553789845491965]
iteration = 1433.0 , objective = [3.1073767], inputs = [-0.20707087  0.01        0.04097374  0.36499533  0.47157489  0.27
  2.          0.44410117  0.24179188  1.57079633  0.5473763   1.0947526
  0.73939504], constraints = [1.0523501339260888, 1.6205783877951823, 1.0523501339260888, 0.9000275156132891, 0.9000275156132891, 1.91739476682688, 0.4999999999999998, 4.503478309169417]
iteration = 1434.0 , objective = [3.11889678], inputs = [-0.14811418  0.01        0.04232504  0.36489476  0.4483054   0.27
  2.          0.44662052  0.24222625  1.37723349  0.61326764  1.22653529
  0.62350529], constraints = [1.0108494833138428, 1.3976316400390074, 1.0108494833138428, 0.9000279861700178, 0.9000279861700178, 1.3241276452427406, 0.4999999999999997, 4.478074575027044]
iteration = 1435.0 , objective = [3.12226843], inputs = [-0.1150797   0.01        0.04308221  0.3648384   0.43526709  0.27
  2.          0.44803216  0.24246964  1.26877679  0.65018773  1.30037546
  0.55857021], constraints = [1.0020741663209465, 1.295845940629269, 1.0020741663209465, 0.9000349268893285, 0.9000349268893285, 1.222802107589043, 0.49999999999999967, 4.463965301317087]
iteration = 1436.0 , objective = [3.12312779], inputs = [-0.09676037  0.01        0.04350209  0.36480715  0.42803668  0.27
  2.          0.44881498  0.24260461  1.20863196  0.67066182  1.34132365
  0.52256036], constraints = [1.0008109382412438, 1.2449436563872949, 1.0008109382412438, 0.9000408268485693, 0.9000408268485693, 1.2088371851009139, 0.4999999999999998, 4.456179237833822]
iteration = 1437.0 , objective = [3.10788875], inputs = [-0.2071641   0.01        0.04102001  0.36499718  0.47097859  0.27
  2.          0.44377225  0.24173584  1.57079633  0.5486815   1.097363
  0.73945639], constraints = [1.050063321542184, 1.6131654213821056, 1.050063321542184, 0.9000304649914781, 0.9000304649914781, 1.879173932249551, 0.4999999999999998, 4.506816310889099]
iteration = 1438.0 , objective = [3.11904529], inputs = [-0.14875284  0.01        0.0423332   0.36489664  0.44825933  0.27
  2.          0.4464402   0.24219548  1.37918615  0.61321759  1.22643518
  0.62470328], constraints = [1.0102731228854174, 1.396638998762085, 1.0102731228854174, 0.9000283267470818, 0.9000283267470818, 1.317239221192122, 0.4999999999999997, 4.479883262711938]
iteration = 1439.0 , objective = [3.12226057], inputs = [-0.11639653  0.01        0.04306063  0.36484095  0.43567423  0.27
  2.          0.44791809  0.24245009  1.2730457   0.64896668  1.29793335
  0.561137  ], constraints = [1.0019860498191215, 1.298569418533478, 1.0019860498191215, 0.9000345225753903, 0.9000345225753903, 1.2218247306385057, 0.49999999999999983, 4.4651020744123056]
iteration = 1440.0 , objective = [3.12307878], inputs = [-0.09864397  0.01        0.04345974  0.36481039  0.42876931  0.27
  2.          0.44872895  0.24258979  1.21481085  0.66858072  1.33716144
  0.52626082], constraints = [1.0008088355540268, 1.2499200095706835, 1.0008088355540268, 0.9000401390968366, 0.9000401390968366, 1.2088152608888236, 0.4999999999999998, 4.457033613856316]
iteration = 1441.0 , objective = [3.10838993], inputs = [-0.20725452  0.01        0.04106433  0.36499929  0.47039868  0.27
  2.          0.4434886   0.2416874   1.57079633  0.54995182  1.09990363
  0.73951689], constraints = [1.0478525776104743, 1.6059838709029515, 1.0478525776104743, 0.9000329248086935, 0.9000329248086935, 1.8428912827094566, 0.4999999999999998, 4.509698805079085]
iteration = 1442.0 , objective = [3.11918776], inputs = [-0.14939488  0.01        0.04234043  0.36489866  0.44822164  0.27
  2.          0.44628027  0.24216812  1.38115368  0.61314849  1.22629699
  0.62590988], constraints = [1.009720143440423, 1.3957310056582237, 1.009720143440423, 0.900028538834173, 0.900028538834173, 1.3106615319620427, 0.4999999999999997, 4.481488758615746]
iteration = 1443.0 , objective = [3.12225102], inputs = [-0.1177255   0.01        0.0430389   0.36484358  0.43608308  0.27
  2.          0.44780828  0.24243125  1.27735311  0.64773908  1.29547817
  0.56372728], constraints = [1.0019030070757537, 1.3013117735482314, 1.0019030070757537, 0.9000340961505789, 0.9000340961505789, 1.2209043397933634, 0.4999999999999997, 4.466196984893359]
iteration = 1444.0 , objective = [3.12302989], inputs = [-0.10052666  0.01        0.04341822  0.36481367  0.42949093  0.27
  2.          0.44863811  0.24257414  1.22098162  0.66652436  1.33304873
  0.52995748], constraints = [1.000806462785096, 1.254830116884705, 1.000806462785096, 0.9000394531208155, 0.9000394531208155, 1.2087903734045549, 0.4999999999999997, 4.457936052014842]
iteration = 1445.0 , objective = [3.10888005], inputs = [-0.20734227  0.01        0.04110685  0.36500162  0.46983557  0.27
  2.          0.44324077  0.24164498  1.57079633  0.55118546  1.10237092
  0.73957593], constraints = [1.045716034839011, 1.5990343967220788, 1.045716034839011, 0.9000349521778904, 0.9000349521778904, 1.8084402051233845, 0.4999999999999998, 4.51222026257041]
iteration = 1446.0 , objective = [3.11932243], inputs = [-0.15005551  0.01        0.04234647  0.36490082  0.44819815  0.27
  2.          0.44613544  0.2421433   1.38318563  0.61304339  1.22608677
  0.62715451], constraints = [1.0091950019560745, 1.3949550380241882, 1.0091950019560745, 0.9000286380856344, 0.9000286380856344, 1.3044433417244956, 0.4999999999999997, 4.482943536828642]
iteration = 1447.0 , objective = [3.12224002], inputs = [-0.11906474  0.01        0.04301708  0.36484629  0.43649283  0.27
  2.          0.44770139  0.24241288  1.2816927   0.64650705  1.29301411
  0.5663372 ], constraints = [1.0018243518697811, 1.3040668841835812, 1.0018243518697811, 0.90003365094985, 0.90003365094985, 1.2200332192277428, 0.4999999999999997, 4.467263324417246]
iteration = 1448.0 , objective = [3.12298112], inputs = [-0.1024106   0.01        0.04337746  0.36481698  0.4302025   0.27
  2.          0.44854291  0.24255776  1.22715141  0.6644901   1.3289802
  0.53365458], constraints = [1.000803812185219, 1.259680087055345, 1.000803812185219, 0.9000387680523431, 0.9000387680523431, 1.2087624198596563, 0.4999999999999997, 4.458882160489525]
iteration = 1449.0 , objective = [3.10940763], inputs = [-0.20742357  0.01        0.04115524  0.36499978  0.4691837   0.27
  2.          0.44302804  0.24160846  1.57079633  0.55270417  1.10540834
  0.73969336], constraints = [1.0434447949715413, 1.5912936435695157, 1.0434447949715413, 0.9000365156088347, 0.9000365156088347, 1.772382963245982, 0.4999999999999998, 4.514386957589012]
iteration = 1450.0 , objective = [3.11946679], inputs = [-0.15069606  0.01        0.04235567  0.36490104  0.44812624  0.27
  2.          0.44600715  0.24212126  1.38516098  0.61309039  1.22618079
  0.62839219], constraints = [1.0086473187919547, 1.3938212629201836, 1.0086473187919547, 0.9000286243363399, 0.9000286243363399, 1.2979769706988131, 0.49999999999999983, 4.484233060382026]
iteration = 1451.0 , objective = [3.12222937], inputs = [-0.12042601  0.01        0.04299622  0.36484834  0.43688989  0.27
  2.          0.44759681  0.2423949   1.28610512  0.64531276  1.29062552
  0.56900139], constraints = [1.0017466602261798, 1.3067429222528852, 1.0017466602261798, 0.9000331837927366, 0.9000331837927366, 1.2191723970463957, 0.4999999999999997, 4.4683070439008885]
iteration = 1452.0 , objective = [3.12293233], inputs = [-0.10430456  0.01        0.04333738  0.36482028  0.43090554  0.27
  2.          0.44844345  0.24254063  1.2333492   0.66247399  1.32494798
  0.53737058], constraints = [1.0008009039192605, 1.2644805566066837, 1.0008009039192605, 0.9000380806241347, 0.9000380806241347, 1.208731637055917, 0.4999999999999997, 4.459871126213751]
iteration = 1453.0 , objective = [3.10997647], inputs = [-0.20737558  0.01        0.0412235   0.36501243  0.46804935  0.27
  2.          0.44282575  0.24157366  1.57079633  0.5545497   1.1090994
  0.73950226], constraints = [1.0410229322600764, 1.5795197006394992, 1.0410229322600764, 0.9000379152541079, 0.9000379152541079, 1.7345378546403847, 0.4999999999999998, 4.516449212745049]
iteration = 1454.0 , objective = [3.11962146], inputs = [-0.1512379   0.01        0.04237483  0.36490778  0.44781896  0.27
  2.          0.44588543  0.24210033  1.38700558  0.61333072  1.22666143
  0.62941114], constraints = [1.0080663312840958, 1.390882471318101, 1.0080663312840958, 0.9000285622269013, 0.9000285622269013, 1.2911446554202664, 0.49999999999999983, 4.485457144926206]
iteration = 1455.0 , objective = [3.12222052], inputs = [-0.12174716  0.01        0.04297965  0.3648528   0.43719135  0.27
  2.          0.44749277  0.242377    1.29045503  0.64421007  1.28842014
  0.57157712], constraints = [1.0016637701042947, 1.3087225971151681, 1.0016637701042947, 0.9000327137290789, 0.9000327137290789, 1.2182548813165281, 0.4999999999999997, 4.469345921005606]
iteration = 1456.0 , objective = [3.12288345], inputs = [-0.10620836  0.01        0.04329833  0.36482383  0.43159162  0.27
  2.          0.44833969  0.24252277  1.23958212  0.66048054  1.32096108
  0.54110412], constraints = [1.0007976659553415, 1.2691701379644642, 1.0007976659553415, 0.9000373900617281, 0.9000373900617281, 1.2086972521858357, 0.4999999999999997, 4.460903316953194]
iteration = 1457.0 , objective = [3.11035383], inputs = [-0.20755444  0.01        0.04123903  0.36500788  0.46799593  0.27
  2.          0.44265924  0.2415449   1.57079633  0.55513891  1.11027781
  0.73973709], constraints = [1.039430012232555, 1.577268075920909, 1.039430012232555, 0.9000387909365304, 0.9000387909365304, 1.7103801706165087, 0.4999999999999998, 4.5181481381649435]
iteration = 1458.0 , objective = [3.11970968], inputs = [-0.15205841  0.01        0.04236668  0.3649071   0.44806132  0.27
  2.          0.44576979  0.24208037  1.38942695  0.61282286  1.22564573
  0.63096779], constraints = [1.0076921512916077, 1.392226658320008, 1.0076921512916077, 0.9000283730122647, 0.9000283730122647, 1.2867881100264862, 0.49999999999999983, 4.486620767068528]
iteration = 1459.0 , objective = [3.12219837], inputs = [-0.12321899  0.01        0.04295268  0.36485472  0.43770197  0.27
  2.          0.44738624  0.24235864  1.29517539  0.64279927  1.28559855
  0.57444404], constraints = [1.0016113106128997, 1.312228232490962, 1.0016113106128997, 0.900032198550822, 0.900032198550822, 1.2176762223420639, 0.4999999999999997, 4.470410161031015]
iteration = 1460.0 , objective = [3.12283471], inputs = [-0.1081116   0.01        0.04325966  0.36482728  0.43227528  0.27
  2.          0.44823301  0.24250441  1.24580218  0.65850227  1.31700454
  0.54483436], constraints = [1.0007942215808188, 1.2738524369586663, 1.0007942215808188, 0.9000367014477213, 0.9000367014477213, 1.2086606020511914, 0.4999999999999997, 4.461964980773453]
iteration = 1461.0 , objective = [3.11076908], inputs = [-0.20765988  0.01        0.0412682   0.36500957  0.46764203  0.27
  2.          0.44249113  0.24151583  1.57079633  0.55601864  1.11203728
  0.73982408], constraints = [1.037692901246876, 1.5724696472922801, 1.037692901246876, 0.900039659357076, 0.900039659357076, 1.6842630455509346, 0.4999999999999998, 4.5198645940785145]
iteration = 1462.0 , objective = [3.11980757], inputs = [-0.15282105  0.01        0.04236525  0.36490915  0.44815931  0.27
  2.          0.4456542   0.24206042  1.39176461  0.61247449  1.22494897
  0.63240878], constraints = [1.0072894399720187, 1.3924671748322162, 1.0072894399720187, 0.9000281757866685, 0.9000281757866685, 1.2821053607815058, 0.4999999999999997, 4.487784478837821]
iteration = 1463.0 , objective = [3.12217769], inputs = [-0.12467242  0.01        0.04292836  0.36485761  0.43815888  0.27
  2.          0.44727779  0.24233995  1.29986811  0.64145312  1.28290624
  0.57727279], constraints = [1.001555551703896, 1.3153482685896178, 1.001555551703896, 0.9000316847082768, 0.9000316847082768, 1.2170610022085206, 0.4999999999999997, 4.471494063125742]
iteration = 1464.0 , objective = [3.12225417], inputs = [-0.12326961  0.01        0.04295642  0.36485504  0.4376605   0.27
  2.          0.44735871  0.24235388  1.29528836  0.6428973   1.2857946
  0.57452504], constraints = [1.001419895289787, 1.3117304790147444, 1.001419895289787, 0.900032025113293, 0.900032025113293, 1.2155607531627717, 0.4999999999999997, 4.4706853080149385]
iteration = 1465.0 , objective = [3.12237134], inputs = [-0.12096397  0.01        0.04300255  0.36485082  0.43684137  0.27
  2.          0.44749169  0.24237678  1.28776117  0.64527092  1.29054185
  0.57000888], constraints = [1.001226231381454, 1.305827110361091, 1.001226231381454, 0.9000326186350849, 0.9000326186350849, 1.2134220851966622, 0.4999999999999997, 4.469356688818986]
iteration = 1466.0 , objective = [3.11268457], inputs = [-0.2076092   0.01        0.04138825  0.36524179  0.46463852  0.27
  2.          0.4424739   0.24150954  1.57079633  0.55611206  1.11222412
  0.73683747], constraints = [1.0298836503070874, 1.5378419680394224, 1.0298836503070874, 0.9000303596067178, 0.9000303596067178, 1.5725884685810798, 0.4999999999999998, 4.520040633997855]
iteration = 1467.0 , objective = [3.12007414], inputs = [-0.15830505  0.01        0.04230684  0.36501931  0.44882097  0.27
  2.          0.4453292   0.24200303  1.40973947  0.60684656  1.21369312
  0.64190619], constraints = [1.0057514713558564, 1.3944309927504068, 1.0057514713558564, 0.9000241731703479, 0.9000241731703479, 1.2645894405260323, 0.4999999999999997, 4.491059654460888]
iteration = 1468.0 , objective = [3.12189859], inputs = [-0.13397748  0.01        0.04276009  0.36490954  0.44101631  0.27
  2.          0.44673806  0.24224652  1.33027108  0.63187989  1.26375977
  0.59506537], constraints = [1.0016292372487978, 1.33506020157221, 1.0016292372487978, 0.9000283995615661, 0.9000283995615661, 1.217909947870036, 0.4999999999999997, 4.476896402556588]
iteration = 1469.0 , objective = [3.11488658], inputs = [-0.20772764  0.01        0.04152779  0.36539387  0.46179254  0.27
  2.          0.44262741  0.24153286  1.57079633  0.55851307  1.11702614
  0.7351886 ], constraints = [1.0214885790995087, 1.5049256500808985, 1.0214885790995087, 0.9000204178836876, 0.9000204178836876, 1.4592703150304076, 0.4999999999999998, 4.518473047512761]
iteration = 1470.0 , objective = [3.12039165], inputs = [-0.16388764  0.01        0.04226032  0.36510597  0.44944233  0.27
  2.          0.44507094  0.24195709  1.42781864  0.6021252   1.20425039
  0.65189383], constraints = [1.0042291894257487, 1.3963565979943742, 1.0042291894257487, 0.9000202265360456, 0.9000202265360456, 1.247330448220115, 0.49999999999999983, 4.493665675819003]
iteration = 1471.0 , objective = [3.12159821], inputs = [-0.14399051  0.01        0.04259278  0.3649753   0.44383709  0.27
  2.          0.44617996  0.24214963  1.36292708  0.6219189   1.24383781
  0.61408984], constraints = [1.00176065575948, 1.354591298494113, 1.00176065575948, 0.9000249179224504, 0.9000249179224504, 1.2194085233193928, 0.4999999999999997, 4.482496300379983]
iteration = 1472.0 , objective = [3.11738156], inputs = [-0.20249598  0.01        0.0417321   0.36539058  0.45852237  0.27
  2.          0.44274375  0.24155102  1.55305481  0.56722243  1.13444485
  0.72477992], constraints = [1.0125717324241004, 1.4700693411102967, 1.0125717324241004, 0.9000142897719002, 0.9000142897719002, 1.3461553784585014, 0.4999999999999998, 4.517285662418389]
iteration = 1473.0 , objective = [3.12080037], inputs = [-0.1658735   0.01        0.04227086  0.36513063  0.44932987  0.27
  2.          0.4448947   0.24192573  1.43404118  0.6014606   1.2029212
  0.65549161], constraints = [1.0027530587820614, 1.3936409904855698, 1.0027530587820614, 0.9000175898133699, 0.9000175898133699, 1.2306385123263757, 0.49999999999999983, 4.495445768111659]
iteration = 1474.0 , objective = [3.12138662], inputs = [-0.15284892  0.01        0.04246247  0.36503818  0.44606061  0.27
  2.          0.44565967  0.24205899  1.39171465  0.61363722  1.22727443
  0.63084961], constraints = [1.0017587732063447, 1.3698722436001478, 1.0017587732063447, 0.900021471075195, 0.900021471075195, 1.219425311842564, 0.4999999999999997, 4.487729352308934]
iteration = 1475.0 , objective = [3.11859725], inputs = [-0.20253995  0.01        0.04182735  0.36536875  0.45736062  0.27
  2.          0.44238919  0.2414886   1.55245032  0.57070575  1.14141151
  0.72498908], constraints = [1.0082660191784591, 1.4566305122327086, 1.0082660191784591, 0.9000129742117726, 0.9000129742117726, 1.2942829484592062, 0.4999999999999998, 4.520906094867179]
iteration = 1476.0 , objective = [3.12088969], inputs = [-0.1707924   0.01        0.04223313  0.36515755  0.45014105  0.27
  2.          0.4444787   0.24185302  1.44975646  0.59813462  1.19626924
  0.66484347], constraints = [1.002147262888854, 1.3985862942798106, 1.002147262888854, 0.9000154037466592, 0.9000154037466592, 1.2238420701336827, 0.4999999999999997, 4.499653188767483]
iteration = 1477.0 , objective = [3.12119764], inputs = [-0.16224182  0.01        0.04234241  0.36510066  0.44819661  0.27
  2.          0.44504147  0.24195118  1.42209789  0.60552205  1.2110441
  0.64864443], constraints = [1.0017028715528598, 1.3845680618482177, 1.0017028715528598, 0.9000178740243613, 0.9000178740243613, 1.218840339919435, 0.4999999999999997, 4.49396324854567]
iteration = 1478.0 , objective = [3.11903329], inputs = [-0.20843348  0.01        0.04183954  0.36536757  0.45773484  0.27
  2.          0.44163     0.24135599  1.57079633  0.56910805  1.1382161
  0.73649445], constraints = [1.0064637041980824, 1.4573774663669687, 1.0064637041980824, 0.9000141636022563, 0.9000141636022563, 1.2730102136716843, 0.4999999999999998, 4.52867787541213]
iteration = 1479.0 , objective = [3.12081177], inputs = [-0.17900377  0.01        0.04215993  0.36519752  0.45165782  0.27
  2.          0.44380352  0.24173519  1.47605731  0.5923082   1.18461641
  0.68052329], constraints = [1.0018999631480776, 1.408963361094077, 1.0018999631480776, 0.9000132462824123, 0.9000132462824123, 1.2210738124074023, 0.4999999999999997, 4.506498734198468]
iteration = 1480.0 , objective = [3.12022187], inputs = [-0.20862413  0.01        0.04193208  0.3653607   0.45656445  0.27
  2.          0.44108781  0.24125886  1.57079633  0.57200363  1.14400726
  0.73678919], constraints = [1.0022688474336467, 1.4439354737131271, 1.0022688474336467, 0.9000090191876131, 0.9000090191876131, 1.2252745326637335, 0.49999999999999983, 4.534244595648309]
iteration = 1481.0 , objective = [3.12063707], inputs = [-0.19535912  0.01        0.04203412  0.36528762  0.45436709  0.27
  2.          0.442304    0.24147218  1.52836895  0.58109672  1.16219343
  0.71159139], constraints = [1.0015303844381924, 1.4275397411718036, 1.0015303844381924, 0.900008676423431, 0.900008676423431, 1.2170124948272552, 0.49999999999999983, 4.521776922314025]
iteration = 1482.0 , objective = [3.12073594], inputs = [-0.20892947  0.01        0.0419689   0.36528916  0.45662442  0.27
  2.          0.44061275  0.2411732   1.57079633  0.57418856  1.14837711
  0.7379546 ], constraints = [1.0003240709183507, 1.4428423841865028, 1.0003240709183507, 0.9000035173806823, 0.9000035173806823, 1.203639399616357, 0.49999999999999983, 4.539133276693188]
iteration = 1483.0 , objective = [3.12071342], inputs = [-0.20942863  0.01        0.0419649   0.36513024  0.45788122  0.27
  2.          0.43999315  0.24106264  1.57079633  0.57638528  1.15277056
  0.74032326], constraints = [1.0000104010429876, 1.4533418815198216, 1.0000104010429876, 0.9000004751173959, 0.9000004751173959, 1.2002495985094566, 0.49999999999999983, 4.545525317716737]
iteration = 1484.0 , objective = [3.12067531], inputs = [-0.20972352  0.01        0.04198151  0.36498217  0.45851484  0.27
  2.          0.43981585  0.24103109  1.57079633  0.57933361  1.15866723
  0.74246699], constraints = [1.000019306327206, 1.459520324414004, 1.000019306327206, 0.9000000389993245, 0.9000000389993245, 1.2003306619827616, 0.49999999999999983, 4.547357741054063]
iteration = 1485.0 , objective = [3.12070499], inputs = [-0.20964054  0.01        0.04199586  0.36497656  0.45815594  0.27
  2.          0.44019468  0.24109818  1.57079633  0.58013615  1.1602723
  0.74252717], constraints = [1.00000120452974, 1.4568729792066355, 1.00000120452974, 0.9000001780602438, 0.9000001780602438, 1.2000205724589197, 0.49999999999999983, 4.543444264575043]
iteration = 1486.0 , objective = [3.12070427], inputs = [-0.20954027  0.01        0.0420034   0.36498264  0.45777917  0.27
  2.          0.44078824  0.24120306  1.57079633  0.58064836  1.16129672
  0.74242227], constraints = [1.0000003345894302, 1.4539769401808746, 1.0000003345894302, 0.9000004361612143, 0.9000004361612143, 1.2000091078222068, 0.49999999999999983, 4.537326161084438]
iteration = 1487.0 , objective = [3.12070503], inputs = [-0.20952933  0.01        0.04200015  0.36498692  0.45774015  0.27
  2.          0.44103741  0.24124684  1.57079633  0.58065217  1.16130434
  0.74238701], constraints = [0.9999996691255146, 1.4536230102051064, 0.9999996691255146, 0.9000000766916453, 0.9000000766916453, 1.199999962017263, 0.49999999999999983, 4.534762742211964]
iteration = 1488.0 , objective = [3.12070493], inputs = [-0.20953694  0.01        0.04199365  0.36499069  0.45776804  0.27
  2.          0.44129101  0.24129146  1.57079633  0.58057388  1.16114776
  0.74237548], constraints = [0.9999996837679582, 1.4537677058490897, 0.9999996837679582, 0.9000000793454459, 0.9000000793454459, 1.2000001325907945, 0.49999999999999983, 4.5321566370504245]
iteration = 1489.0 , objective = [3.12070496], inputs = [-0.2095438   0.01        0.04199204  0.36499077  0.4577922   0.27
  2.          0.44131572  0.24129578  1.57079633  0.58054385  1.16108771
  0.74238398], constraints = [0.999999662419891, 1.4539427770323745, 0.999999662419891, 0.9000000007525001, 0.9000000007525001, 1.2000000348638733, 0.49999999999999983, 4.531902913664988]
iteration = 1490.0 , objective = [3.12070496], inputs = [-0.20954532  0.01        0.04199188  0.36499063  0.45779748  0.27
  2.          0.44131212  0.24129515  1.57079633  0.58053946  1.16107891
  0.74238691], constraints = [0.9999996602840368, 1.4539835351366819, 0.9999996602840368, 0.9000000000159741, 0.9000000000159741, 1.2000000011721923, 0.49999999999999983, 4.531939883133485]
iteration = 1491.0 , objective = [3.12070496], inputs = [-0.2095438   0.01        0.04199204  0.36499078  0.4577922   0.27
  2.          0.44131572  0.24129578  1.57079633  0.58054385  1.16108771
  0.74238398], constraints = [0.9999996602106692, 1.4539427716745283, 0.9999996602106692, 0.9000000000000001, 0.9000000000000001, 1.1999999999999975, 0.49999999999999983, 4.531902913664988]
iteration = 1492.0 , objective = [3.12070496], inputs = [-0.20954964  0.01        0.0419911   0.36499063  0.45781337  0.27
  2.          0.44131153  0.24129504  1.57079633  0.58051666  1.16103333
  0.74239084], constraints = [0.9999996614371215, 1.454100744051727, 0.9999996614371215, 0.9000000000004293, 0.9000000000004293, 1.2000000185683597, 0.49999999999999983, 4.531945948320808]
