iteration = 2256.0 , objective = [4.39717213], inputs = [0.01       0.01       0.01       0.5        0.5        0.135
 2.         1.         0.0675     0.52359878 1.         0.5
 0.31415927], constraints = [1.3807998149881, 1.023760347135665, 1.3807998149881, 0.4811030397324907, 0.4811030397324907, 1790.6600433120498, 2.0, 2.0]
iteration = 2257.0 , objective = [4.39717393], inputs = [0.01000058 0.00999942 0.01000058 0.49999942 0.50000058 0.13499942
 1.99999942 0.99999942 0.06750058 0.52359819 1.00000058 0.49999942
 0.31415985], constraints = [1.380808051719817, 1.0237749993791632, 1.380808051719817, 0.48110874266385734, 0.48110874266385734, 1790.7811180345186, 2.000003493596646, 2.000000582281296]
iteration = 2258.0 , objective = [5.09050761], inputs = [-0.12115633  0.01        0.06811247  0.5799315   0.563621    0.27
  2.          0.91640297  0.19908081  0.63240501  1.01299128  0.54032958
  0.13938616], constraints = [0.8981902075200315, 0.9605556021045649, 0.8981902075200315, 0.685200955897948, 0.685200955897948, 0.04584659580987366, 1.8747655509108874, 2.1824460135094816]
iteration = 2259.0 , objective = [4.11701999], inputs = [-0.06121335  0.01        0.04155306  0.54340004  0.534544    0.20830033
  2.          0.9546097   0.13894383  0.5826768   1.00705382  0.52189757
  0.21926351], constraints = [1.6598963572516923, 1.33309785607202, 1.6598963572516923, 0.6255874608748874, 0.6255874608748874, 28.319309458339525, 1.92960051788374, 2.095097085197462]
iteration = 2260.0 , objective = [4.29218405], inputs = [-0.00690748  0.01        0.04155306  0.36888669  0.534544    0.27
  2.          0.92432339  0.24820149  0.79406198  1.01108989  0.63660194
 -0.01809484], constraints = [0.7860247834072213, 1.641546454980656, 0.7860247834072213, 0.8303215665564843, 0.8303215665564843, 17.682218582274047, 1.588260763018349, 2.1637448846709524]
iteration = 2261.0 , objective = [4.07860892], inputs = [-0.0485033   0.01        0.04155306  0.50255595  0.534544    0.22274087
  2.          0.94752132  0.16451511  0.63215059  1.00799844  0.54874363
  0.16371082], constraints = [1.4846435723947957, 1.4352697064741455, 1.4846435723947957, 0.6850691628597787, 0.6850691628597787, 23.726461813415902, 1.8369205349394395, 2.1107704475964604]
iteration = 2262.0 , objective = [4.09773346], inputs = [-0.01981463  0.01        0.04236765  0.36360188  0.53529884  0.27
  2.          0.93163522  0.24473203  0.62498147  0.99091993  0.59077305
  0.14763748], constraints = [0.9002066583683079, 1.899962538695213, 0.9002066583683079, 0.8200287202846934, 0.8200287202846934, 6.977328174604736, 1.67732757933608, 2.1467629884941513]
iteration = 2263.0 , objective = [4.06725255], inputs = [-0.03241775  0.01        0.0420098   0.4246453   0.53496724  0.24923876
  2.          0.93861408  0.20949222  0.62813091  0.99842263  0.57230926
  0.1546986 ], constraints = [1.175093954341497, 1.6956573692601935, 1.175093954341497, 0.7677549393317691, 0.7677549393317691, 13.052438119122447, 1.7445509075872643, 2.1308011834658047]
iteration = 2264.0 , objective = [4.11366056], inputs = [-0.01410275  0.01        0.04316187  0.37516898  0.5366066   0.27
  2.          0.92240867  0.26813069  0.6007219   0.9748065   0.61833712
  0.1541269 ], constraints = [0.981895585225485, 1.9462454225837802, 0.981895585225485, 0.8873878960826523, 0.8873878960826523, 5.103588206178937, 1.5764968125884686, 2.1682363309699513]
iteration = 2265.0 , objective = [4.07969113], inputs = [-0.02622606  0.01        0.04239927  0.40791901  0.53552145  0.25625744
  2.          0.93313558  0.22931593  0.61886484  0.99043881  0.58786974
  0.15450533], constraints = [1.1134579699962317, 1.7800225965134349, 1.1134579699962317, 0.810923434194912, 0.810923434194912, 9.569242769816434, 1.6847929791346437, 2.1433112724773906]
iteration = 2266.0 , objective = [4.12737884], inputs = [-0.0043326   0.01        0.04416634  0.3806725   0.53778072  0.27
  2.          0.91169083  0.27        0.57819086  0.95676786  0.657449
  0.15325819], constraints = [1.0041512509144421, 1.9456180701475472, 1.0041512509144421, 0.893057893097321, 0.893057893097321, 4.140977600569981, 1.4552731323034556, 2.1937261367202323]
iteration = 2267.0 , objective = [4.09693272], inputs = [-0.01784943  0.01        0.04307537  0.39749426  0.53638586  0.26151546
  2.          0.92493063  0.24488201  0.60330262  0.97755601  0.61449137
  0.15402816], constraints = [1.070671048848379, 1.840004582798122, 1.070671048848379, 0.8436302831207756, 0.8436302831207756, 6.8874757783471825, 1.5908376487857199, 2.162324328465723]
iteration = 2268.0 , objective = [4.14381331], inputs = [0.00740847 0.01       0.04527921 0.38633024 0.53902148 0.27
 2.         0.89625639 0.27       0.55983363 0.93497308 0.70611752
 0.14388392], constraints = [1.0162683762172413, 1.928916806968557, 1.0162683762172413, 0.8936591578532291, 0.8936591578532291, 3.26575079474952, 1.3241040666306567, 2.2315043097594294]
iteration = 2269.0 , objective = [4.20409211], inputs = [0.00800858 0.01       0.04738324 0.40113448 0.54130747 0.27
 2.         0.8738153  0.27       0.56692456 0.90799339 0.74123528
 0.12156286], constraints = [0.993961750607144, 1.798098987746858, 0.993961750607144, 0.8946528606821925, 0.8946528606821925, 1.7191722458411705, 1.2249732511057774, 2.2888132059476765]
iteration = 2270.0 , objective = [4.16586209], inputs = [0.00765244 0.01       0.04613456 0.3923486  0.5399508  0.27
 2.         0.88713342 0.27       0.5627163  0.92400503 0.72039393
 0.13480974], constraints = [1.008652894959441, 1.8762413276356749, 1.008652894959441, 0.8940453786343455, 0.8940453786343455, 2.5207628985313266, 1.2826385553659057, 2.254452321362937]
iteration = 2271.0 , objective = [4.20163095], inputs = [0.02700796 0.01       0.04799649 0.39558977 0.54211997 0.27
 2.         0.8478622  0.27       0.52876326 0.86682497 0.8130048
 0.12940387], constraints = [1.0160062780605237, 1.8920758303313332, 1.0160062780605237, 0.8959974799708005, 0.8959974799708005, 1.6432910186507308, 1.0661990774157246, 2.3588738841296646]
iteration = 2272.0 , objective = [4.22289895], inputs = [0.03207351 0.01       0.04920253 0.40152082 0.54336243 0.27
 2.         0.82316924 0.27       0.54420157 0.84406961 0.84349907
 0.10534217], constraints = [0.9979191983001311, 1.8336193734670945, 0.9979191983001311, 0.8974952493523883, 0.8974952493523883, 1.2600950342407622, 1.0006763985133766, 2.429634017834087]
iteration = 2273.0 , objective = [4.2189622], inputs = [0.05208283 0.01       0.05036716 0.39835775 0.54464662 0.27
 2.         0.78942061 0.27       0.53122827 0.80670458 0.91521156
 0.08586752], constraints = [1.0061605707778376, 1.8947994002271167, 1.0061605707778376, 0.8999361755773306, 0.8999361755773306, 1.2483740236582408, 0.8814405503750983, 2.5335036391829555]
iteration = 2274.0 , objective = [4.20747781], inputs = [0.09370034 0.01       0.0531575  0.39109355 0.54766135 0.27
 2.         0.71171967 0.26782301 0.51789067 0.72594258 1.06523829
 0.03346072], constraints = [1.0191428240901679, 2.0326565862126396, 1.0191428240901679, 0.901592298459772, 0.901592298459772, 1.356237878748031, 0.6814837451504012, 2.810095175307166]
iteration = 2275.0 , objective = [4.21272482], inputs = [0.07962898 0.01       0.05221405 0.39354966 0.54664203 0.27
 2.         0.73799124 0.26855908 0.52240026 0.75324913 1.01451255
 0.05118005], constraints = [1.010692037819138, 1.979279907122037, 1.010692037819138, 0.900646077538164, 0.900646077538164, 1.2836924961134903, 0.7424739356520529, 2.710059278200731]
iteration = 2276.0 , objective = [4.21600446], inputs = [0.09459009 0.01       0.05353946 0.39165153 0.5480384  0.27
 2.         0.69978535 0.26688053 0.5287445  0.71460415 1.07454924
 0.02572703], constraints = [1.0016176816229947, 2.008147495373987, 1.0016176816229947, 0.9004608420357354, 0.9004608420357354, 1.2100113227208658, 0.6650268937447781, 2.8580192509766777]
iteration = 2277.0 , objective = [4.21427165], inputs = [ 0.11363565  0.01        0.05502678  0.39045975  0.54959033  0.27
  2.          0.65723428  0.26472688  0.5345004   0.67292429  1.14335821
 -0.00841293], constraints = [1.002300022827391, 2.04763990903609, 1.002300022827391, 0.9006910268790096, 0.9006910268790096, 1.2149247780100931, 0.5885507151333503, 3.0430549176380897]
iteration = 2278.0 , objective = [4.21475745], inputs = [ 0.1248735   0.01        0.05593299  0.38981082  0.55053068  0.27
  2.          0.63314545  0.26306721  0.53981518  0.64493061  1.18419895
 -0.02942215], constraints = [1.0006789780339633, 2.0678496798791923, 1.0006789780339633, 0.9002631739978075, 0.9002631739978075, 1.2030919377983225, 0.5446133970126403, 3.158831818971949]
iteration = 2279.0 , objective = [4.21453975], inputs = [ 0.13641038  0.01        0.05682713  0.38875436  0.55146288  0.27
  2.          0.61235188  0.26158843  0.54431333  0.61460425  1.22552143
 -0.04974572], constraints = [1.0007615376600372, 2.0945063728449913, 1.0007615376600372, 0.9002190011437342, 0.9002190011437342, 1.2034701131942955, 0.501504287046119, 3.266095934992466]
iteration = 2280.0 , objective = [4.21468638], inputs = [ 0.13696822  0.01        0.05682704  0.38919082  0.55145388  0.27
  2.          0.61624508  0.26179968  0.54531052  0.61247908  1.22495985
 -0.05204133], constraints = [0.9999947972573271, 2.0886229946453656, 0.9999947972573271, 0.900008158203755, 0.900008158203755, 1.2000381666803817, 0.49999931037051654, 3.2454619942618232]
iteration = 2281.0 , objective = [4.21447654], inputs = [ 0.13698319  0.01        0.05664866  0.39036016  0.55124691  0.27
  2.          0.63573919  0.26321489  0.54643424  0.60846381  1.2169276
 -0.0542833 ], constraints = [1.0000288427747452, 2.0727565787017226, 1.0000288427747452, 0.9001957038235061, 0.9001957038235061, 1.2000873290080363, 0.5000000045518538, 3.145944184969537]
iteration = 2282.0 , objective = [4.21427281], inputs = [ 0.13634959  0.01        0.05634157  0.39150038  0.55090432  0.27
  2.          0.66564248  0.26511085  0.547037    0.60216946  1.20433892
 -0.05454761], constraints = [1.0000903110546135, 2.0545048849285106, 1.0000903110546135, 0.900412745963085, 0.900412745963085, 1.2000866976022602, 0.4999999999524205, 3.004615927881522]
iteration = 2283.0 , objective = [4.21417628], inputs = [ 0.13554518  0.01        0.05612047  0.39187305  0.55066437  0.27
  2.          0.68444826  0.26602022  0.54682493  0.59794519  1.19589038
 -0.05289377], constraints = [1.0000366784669523, 2.0457711600675035, 1.0000366784669523, 0.9001439946151396, 0.9001439946151396, 1.2002397470951567, 0.5000000000003362, 2.922061650387949]
iteration = 2284.0 , objective = [4.21417517], inputs = [ 0.1351459   0.01        0.05605061  0.39175824  0.55059115  0.27
  2.          0.68816726  0.26615797  0.54660442  0.59677433  1.19354867
 -0.05158233], constraints = [1.0000005057160017, 2.045411839310005, 1.0000005057160017, 0.9000052698806444, 0.9000052698806444, 1.2000669997907, 0.49999999999999933, 2.9062702192519154]
iteration = 2285.0 , objective = [4.21417596], inputs = [ 0.13503287  0.01        0.05603086  0.39166698  0.55057025  0.27
  2.          0.68761383  0.26612855  0.54664005  0.59648338  1.19296676
 -0.05116817], constraints = [0.9999996179883528, 2.046012533008312, 0.9999996179883528, 0.9000001154260948, 0.9000001154260948, 1.200004569744387, 0.49999999999999933, 2.9086093139230424]
iteration = 2286.0 , objective = [4.21415436], inputs = [ 0.13459445  0.01        0.05592535  0.39138425  0.55045505  0.27
  2.          0.68504502  0.26600023  0.54716236  0.59478952  1.18957904
 -0.04983371], constraints = [1.0000020068532134, 2.047183036205012, 1.0000020068532134, 0.9000025019096373, 0.9000025019096373, 1.2000592630006772, 0.49999999999999933, 2.91951614393314]
iteration = 2287.0 , objective = [4.21411048], inputs = [ 0.13378368  0.01        0.05568774  0.39107816  0.55019148  0.27
  2.          0.68155283  0.26582253  0.54868522  0.59076231  1.18152461
 -0.04791665], constraints = [1.000017618329164, 2.046415839765278, 1.000017618329164, 0.9000046878263996, 0.9000046878263996, 1.2002229865430056, 0.49999999999999933, 2.934475366133466]
iteration = 2288.0 , objective = [4.21387901], inputs = [ 0.13146517  0.01        0.05494963  0.39059641  0.54936694  0.27
  2.          0.67446582  0.26545527  0.55395     0.57796653  1.15593305
 -0.04338979], constraints = [1.0002010433074764, 2.039350216963117, 1.0002010433074764, 0.9000197448649633, 0.9000197448649633, 1.202121449456321, 0.49999999999999933, 2.965309626762563]
iteration = 2289.0 , objective = [4.21310547], inputs = [ 0.12657556  0.01        0.05340679  0.39015039  0.54763612  0.27
  2.          0.66395546  0.26488514  0.56614788  0.55084119  1.10168238
 -0.03521408], constraints = [1.001016635794541, 2.019435481901958, 1.001016635794541, 0.9000451710327202, 0.9000451710327202, 1.210215146775786, 0.4999999999999994, 3.012250255836142]
iteration = 2290.0 , objective = [4.21258196], inputs = [ 0.12062144  0.01        0.0517359   0.39015948  0.54575273  0.27
  2.          0.65475968  0.26434811  0.58193125  0.5210037   1.04200741
 -0.02675074], constraints = [1.0014917212524252, 1.9923610504616098, 1.0014917212524252, 0.900036281094443, 0.900036281094443, 1.2145667461402563, 0.49999999999999944, 3.0545558511517936]
iteration = 2291.0 , objective = [4.21232538], inputs = [ 0.11469083  0.01        0.0502525   0.39096548  0.5440665   0.27
  2.          0.6521223   0.26417836  0.59941198  0.49409265  0.98818531
 -0.02039728], constraints = [1.0014978134645771, 1.9597036104380474, 1.0014978134645771, 0.9000030849990869, 0.9000030849990869, 1.214538857893676, 0.49999999999999944, 3.066909362240173]
iteration = 2292.0 , objective = [4.21308297], inputs = [ 0.11166997  0.01        0.04965212  0.39202636  0.54337269  0.27
  2.          0.66002089  0.26465364  0.60940756  0.48330919  0.96661837
 -0.01835101], constraints = [1.0002938708571887, 1.9372279244442154, 1.0002938708571887, 0.9000275639934936, 0.9000275639934936, 1.203084051214933, 0.49999999999999944, 3.030207111852911]
iteration = 2293.0 , objective = [4.21324491], inputs = [ 0.10985178  0.01        0.04935588  0.39233195  0.54303212  0.27
  2.          0.66323754  0.26482993  0.61468827  0.47868982  0.95737963
 -0.0159704 ], constraints = [1.0000653632500602, 1.928838763531414, 1.0000653632500602, 0.9000044355270377, 0.9000044355270377, 1.200616489322707, 0.49999999999999944, 3.0155108463932776]
iteration = 2294.0 , objective = [4.21247568], inputs = [ 0.10243554  0.01        0.0481869   0.39302591  0.54168938  0.27
  2.          0.66943467  0.26518079  0.63611406  0.46161182  0.92322363
 -0.00493917], constraints = [1.0010015306010163, 1.9037616431722788, 1.0010015306010163, 0.9000161332201848, 0.9000161332201848, 1.2092913503281006, 0.4999999999999994, 2.9875954933707733]
iteration = 2295.0 , objective = [4.21072175], inputs = [0.08605877 0.01       0.04611006 0.39386784 0.53928761 0.27
 2.         0.67711948 0.26559796 0.68339438 0.43578017 0.87156034
 0.02180858], constraints = [1.0031623432386005, 1.86405585398382, 1.0031623432386005, 0.9000240282919915, 0.9000240282919915, 1.2293713044534025, 0.4999999999999994, 2.953688487419966]
iteration = 2296.0 , objective = [4.18023282], inputs = [0.01397134 0.01       0.0385915  0.39670891 0.53051746 0.27
 2.         0.70756698 0.26719778 0.8925063  0.35771704 0.71543408
 0.14349029], constraints = [1.0485957911990758, 1.7761706904577534, 1.0485957911990758, 0.9003507891864464, 0.9003507891864464, 1.7170303962710944, 0.4999999999999994, 2.826587538607023]
iteration = 2297.0 , objective = [4.20550845], inputs = [0.0544262  0.01       0.04281085 0.39511452 0.5354392  0.27
 2.         0.69048009 0.26629998 0.77515443 0.40152542 0.80305084
 0.07520352], constraints = [1.0101653002643536, 1.80742453799411, 1.0101653002643536, 0.900082866024544, 0.900082866024544, 1.2959407043407474, 0.4999999999999994, 2.8965353555672184]
iteration = 2298.0 , objective = [4.20918167], inputs = [0.06792847 0.01       0.04421911 0.39458238 0.53708188 0.27
 2.         0.68477715 0.26600032 0.73598691 0.41614696 0.83229392
 0.05241204], constraints = [1.005029280012776, 1.8284842436296551, 1.005029280012776, 0.9000409840156735, 0.9000409840156735, 1.2468785071144435, 0.4999999999999994, 2.920658198380049]
iteration = 2299.0 , objective = [4.20520945], inputs = [0.02121778 0.01       0.04023731 0.39596994 0.53238066 0.27
 2.         0.70410426 0.26696571 0.87352257 0.38747493 0.77494987
 0.13433911], constraints = [1.0098098778106783, 1.7565201285146144, 1.0098098778106783, 0.9001386631379823, 0.9001386631379823, 1.2927495648274347, 0.49999999999999933, 2.840488411712899]
iteration = 2300.0 , objective = [4.20672079], inputs = [-0.04512863  0.01        0.03563748  0.39735444  0.52686089  0.27
  2.          0.72867743  0.26803905  1.07285626  0.37467116  0.74934232
  0.25500793], constraints = [1.0058821045281812, 1.6641530600340915, 1.0058821045281812, 0.9002027216280686, 0.9002027216280686, 1.2573717717696347, 0.49999999999999933, 2.7446987231566475]
iteration = 2301.0 , objective = [4.20239428], inputs = [-0.16101102  0.01        0.02986438  0.39932672  0.51981078  0.27
  2.          0.70878166  0.2671725   1.39829782  0.43892762  0.80371931
  0.47889156], constraints = [1.0004727381469363, 1.5501050666157503, 1.0004727381469363, 0.9001268260101848, 0.9001268260101848, 1.3148579090794994, 0.546120540476606, 2.821743431895773]
iteration = 2302.0 , objective = [4.20572683], inputs = [-0.10065367  0.01        0.0328713   0.39829946  0.52348283  0.27
  2.          0.71914437  0.26762384  1.22879156  0.40545964  0.77539705
  0.36228176], constraints = [1.0031831164929965, 1.6088648569762856, 1.0031831164929965, 0.9001342226120491, 0.9001342226120491, 1.253952025203522, 0.5229058329561539, 2.78108274028556]
iteration = 2303.0 , objective = [4.20535151], inputs = [-0.21147912  0.01        0.02481331  0.39408042  0.51384393  0.27
  2.          0.66037832  0.26510297  1.57079633  0.37771842  0.74515651
  0.57725675], constraints = [1.0037050444790911, 1.523402482511944, 1.0037050444790911, 0.901234417101563, 0.901234417101563, 1.206345424363085, 0.5068981080277731, 3.028567029870445]
iteration = 2304.0 , objective = [4.20312089], inputs = [-0.21919925  0.01        0.02541826  0.39207473  0.51456739  0.27
  2.          0.61647754  0.26212948  1.57079633  0.42515078  0.79825791
  0.60800357], constraints = [1.0016264374322965, 1.5478557793420675, 1.0016264374322965, 0.9008895876480743, 0.9008895876480743, 1.211163729691304, 0.5325982600408271, 3.2442382278333604]
iteration = 2305.0 , objective = [4.20228845], inputs = [-0.2257268   0.01        0.02561537  0.39085748  0.51483477  0.27
  2.          0.63490106  0.26315234  1.57079633  0.45436218  0.83392464
  0.63486272], constraints = [1.0010270320443875, 1.560094198448621, 1.0010270320443875, 0.9001750197808815, 0.9001750197808815, 1.2075185019570478, 0.5448480043461347, 3.150097121451292]
iteration = 2306.0 , objective = [4.20253795], inputs = [-0.22805024  0.01        0.02562917  0.39106513  0.51486692  0.27
  2.          0.67011344  0.26541475  1.57079633  0.46293751  0.84554921
  0.64416012], constraints = [1.0002304155062325, 1.556614849079213, 1.0002304155062325, 0.9005698459018081, 0.9005698459018081, 1.2010591509445898, 0.5474991950693914, 2.984569313602059]
iteration = 2307.0 , objective = [4.20260931], inputs = [-0.22757554  0.01        0.02559135  0.39124767  0.5148212   0.27
  2.          0.67440129  0.26544745  1.57079633  0.46080305  0.84359161
  0.6426653 ], constraints = [0.9999997161412305, 1.5539945543056346, 0.9999997161412305, 0.9000074572730066, 0.9000074572730066, 1.1999895020440767, 0.5462394838491276, 2.9655933764981994]
iteration = 2308.0 , objective = [4.2026015], inputs = [-0.22666703  0.01        0.02553928  0.39139131  0.51475731  0.27
  2.          0.67848028  0.26566341  1.57079633  0.45835248  0.84185186
  0.64040976], constraints = [0.9999962677552835, 1.5518425557726412, 0.9999962677552835, 0.9000066487742695, 0.9000066487742695, 1.1999391191956965, 0.5444574050842528, 2.947764356203318]
iteration = 2309.0 , objective = [4.20260622], inputs = [-0.22364393  0.01        0.02538989  0.39166051  0.51457171  0.27
  2.          0.68596906  0.26605377  1.57079633  0.45202451  0.83848636
  0.63362049], constraints = [0.9999617936780386, 1.5469657150615463, 0.9999617936780386, 0.9000218589601646, 0.9000218589601646, 1.1994427891211812, 0.5390958362883939, 2.915583402314988]
iteration = 2310.0 , objective = [4.20269544], inputs = [-0.21653562  0.01        0.02505982  0.39196298  0.51415969  0.27
  2.          0.69525278  0.26651372  1.57079633  0.43924144  0.83334555
  0.61864413], constraints = [0.9998103417826999, 1.5387945765990945, 0.9998103417826999, 0.9000323208707268, 0.9000323208707268, 1.1973851997745217, 0.527082003901779, 2.876651573057098]
iteration = 2311.0 , objective = [4.20302763], inputs = [-0.20274161  0.01        0.02444484  0.39216919  0.51338928  0.27
  2.          0.70350259  0.26689761  1.57079633  0.41732606  0.82688555
  0.5907737 ], constraints = [0.9993830564186865, 1.5267009579933126, 0.9993830564186865, 0.9000244557068953, 0.9000244557068953, 1.1915459745568695, 0.5046962804079694, 2.8429177687438507]
iteration = 2312.0 , objective = [4.20222466], inputs = [-0.19877928  0.01        0.02431197  0.39196722  0.51321696  0.27
  2.          0.69900864  0.26668296  1.57079633  0.41538816  0.83074011
  0.58434549], constraints = [1.0000491321188787, 1.5272721444713864, 1.0000491321188787, 0.9000071187833406, 0.9000071187833406, 1.2004848011680296, 0.5000217903053016, 2.861194944870995]
iteration = 2313.0 , objective = [4.20202293], inputs = [-0.19657146  0.01        0.02435964  0.39126388  0.51325733  0.27
  2.          0.67539143  0.26557131  1.57079633  0.42085481  0.84170915
  0.58278193], constraints = [1.0002186302420497, 1.5346863782642004, 1.0002186302420497, 0.900207179319466, 0.900207179319466, 1.2021703006851316, 0.500000283968231, 2.961245750772781]
iteration = 2314.0 , objective = [4.20216605], inputs = [-0.19725093  0.01        0.02434359  0.39119074  0.5132444   0.27
  2.          0.67655808  0.26555992  1.57079633  0.41930247  0.83860494
  0.58367919], constraints = [1.000013738219561, 1.53480375073582, 1.000013738219561, 0.900000537891797, 0.900000537891797, 1.2002114422496506, 0.4999999989488526, 2.9561393969234406]
iteration = 2315.0 , objective = [4.20218251], inputs = [-0.19722369  0.01        0.02434428  0.39117692  0.51324504  0.27
  2.          0.67627952  0.26554497  1.57079633  0.41942735  0.83885471
  0.58370512], constraints = [0.999999760023953, 1.534918912837953, 0.999999760023953, 0.9000000309020892, 0.9000000309020892, 1.2000009467537653, 0.4999999999996871, 2.957357031786914]
iteration = 2316.0 , objective = [4.20218258], inputs = [-0.19722328  0.01        0.02434425  0.39117506  0.51324501  0.27
  2.          0.67624905  0.26554334  1.57079633  0.41943131  0.83886263
  0.58370917], constraints = [0.9999996603296024, 1.534935063194013, 0.9999996603296024, 0.9000000003702145, 0.9000000003702145, 1.2000000005320097, 0.5, 2.957490304693267]
