iteration = 1493.0 , objective = [3.98861217], inputs = [0.01       0.01       0.01       0.5        0.5        0.135
 2.         1.         0.0675     0.52359878 1.         0.5
 0.31415927], constraints = [1.3807998149881, 1.023760347135665, 1.3807998149881, 0.4811030397324907, 0.4811030397324907, 1790.6600433120498, 2.0, 2.0]
iteration = 1494.0 , objective = [3.98861443], inputs = [0.01000058 0.00999942 0.01000058 0.49999942 0.50000058 0.13499942
 1.99999942 0.99999942 0.06750058 0.52359819 1.00000058 0.49999942
 0.31415985], constraints = [1.380808051719817, 1.0237749993791632, 1.380808051719817, 0.48110874266385734, 0.48110874266385734, 1790.7811180345186, 2.000003493596646, 2.000000582281296]
iteration = 1495.0 , objective = [3.57707113], inputs = [0.00468122 0.01       0.01       0.3        0.5        0.27
 2.         0.98523758 0.16975186 0.57894839 1.00762397 0.50949381
 0.26047606], constraints = [0.794300623213437, 1.873901198973896, 0.794300623213437, 0.5924102796534024, 0.5924102796534024, 149.07143626610116, 1.9776962161765848, 2.0299672189414837]
iteration = 1496.0 , objective = [2.91479671], inputs = [0.00664778 0.01       0.01       0.37394771 0.5        0.2200853
 2.         0.99069582 0.13194541 0.5584835  1.0048051  0.50598358
 0.28032481], constraints = [1.1360863490833122, 1.6017309781508329, 1.1360863490833122, 0.5674624963895586, 0.5674624963895586, 416.8132137341871, 1.9858452639446966, 2.0187831239753717]
iteration = 1497.0 , objective = [3.45571543], inputs = [0.02689586 0.01       0.01       0.3        0.5        0.27
 2.         0.9579127  0.21706549 0.74061706 1.02305484 0.56064358
 0.09943586], constraints = [0.8359871633713052, 1.980203613762992, 0.8359871633713052, 0.7378350928597238, 0.7378350928597238, 156.73379560545763, 1.8247864921752663, 2.0878729432468166]
iteration = 1498.0 , objective = [2.89619211], inputs = [0.00725286 0.01       0.01       0.37173791 0.5        0.22157691
 2.         0.98971615 0.13448908 0.56392625 1.00535046 0.507617
 0.27491925], constraints = [1.1317967912178333, 1.617498169771304, 1.1317967912178333, 0.5738323309161178, 0.5738323309161178, 404.4928464611495, 1.9805295256063367, 2.0207814108802173]
iteration = 1499.0 , objective = [2.84374322], inputs = [0.00897663 0.01       0.01       0.36544254 0.5        0.22582628
 2.         0.98692524 0.14173558 0.57943177 1.00690411 0.51227035
 0.25951969], constraints = [1.1172260331244959, 1.6608047913571549, 1.1172260331244959, 0.5914496300565218, 0.5914496300565218, 370.40000520761765, 1.965571697627226, 2.02649595587511]
iteration = 1500.0 , objective = [2.89833769], inputs = [0.01175551 0.01       0.01       0.35529384 0.5        0.23267666
 2.         0.98242603 0.15341759 0.60442807 1.00940873 0.51977198
 0.2346942 ], constraints = [1.0877911193614995, 1.7255023844772186, 1.0877911193614995, 0.6183030219572563, 0.6183030219572563, 321.869820211512, 1.9420222120596937, 2.0357766839978746]
iteration = 1501.0 , objective = [2.83739661], inputs = [0.01007095 0.01       0.01       0.36144599 0.5        0.22852396
 2.         0.98515345 0.14633595 0.5892753  1.00789043 0.51522449
 0.24974342], constraints = [1.1064671715555359, 1.686977282768396, 1.1064671715555359, 0.6022444670089195, 0.6022444670089195, 350.350280210804, 1.956216068509598, 2.030140584097643]
iteration = 1502.0 , objective = [2.83168684], inputs = [0.00937506 0.01       0.01       0.36398745 0.5        0.22680847
 2.         0.98628015 0.14341051 0.58301567 1.00726321 0.51334591
 0.25596029], constraints = [1.1134418341265153, 1.6704597391709974, 1.1134418341265153, 0.5954139573325176, 0.5954139573325176, 362.9503171672776, 1.962152974918576, 2.027821399662381]
iteration = 1503.0 , objective = [2.82373203], inputs = [0.00963834 0.01       0.01       0.36302593 0.5        0.22745749
 2.         0.98585388 0.1445173  0.58538389 1.00750051 0.51405664
 0.25360825], constraints = [1.1108531155855728, 1.6767495317033305, 1.1108531155855728, 0.5980120400711548, 0.5980120400711548, 358.1212904451405, 1.9599017497726132, 2.028698198209057]
iteration = 1504.0 , objective = [2.82803554], inputs = [0.00980708 0.01       0.01       0.36240967 0.5        0.22787348
 2.         0.98558068 0.14522667 0.58690176 1.0076526  0.51451217
 0.25210075], constraints = [1.1091610242118137, 1.680754788604622, 1.1091610242118137, 0.599668322760648, 0.599668322760648, 355.06535678052836, 1.958462135937379, 2.029260566151403]
iteration = 1505.0 , objective = [2.82407921], inputs = [0.00969517 0.01       0.01       0.36281838 0.5        0.22759759
 2.         0.98576187 0.14475621 0.58589509 1.00755173 0.51421006
 0.25310054], constraints = [1.1102860501686023, 1.6781007389186147, 1.1102860501686023, 0.5985706303366329, 0.5985706303366329, 357.08869579116936, 1.9594166206545585, 2.0288875620116764]
iteration = 1506.0 , objective = [2.8234661], inputs = [0.00964715 0.01       0.01       0.36299376 0.5        0.22747922
 2.         0.98583962 0.14455434 0.58546314 1.00750845 0.51408043
 0.25352953], constraints = [1.110765444780744, 1.6769591750524353, 1.110765444780744, 0.5980986953921769, 0.5980986953921769, 357.9611100308672, 1.9598265165153324, 2.028727554807983]
iteration = 1507.0 , objective = [3.56964468], inputs = [ 0.05277462  0.01        0.01        0.3         0.5         0.27
  1.99328948  0.94865105  0.2520788   0.97262133  1.05074599  0.63840507
 -0.12217263], constraints = [0.7591212826108162, 1.8201514605525508, 0.7591212826108162, 0.8408916809640937, 0.8408916809640937, 364.77793454295335, 1.645892313749296, 2.1011830175457034]
iteration = 1508.0 , objective = [2.877489], inputs = [0.014952   0.01       0.01       0.35524526 0.5        0.23270945
 1.99917458 0.98126527 0.15778029 0.6330852  1.01282685 0.52937287
 0.20731662], constraints = [1.092019769885561, 1.7336066097725111, 1.092019769885561, 0.6339554252735912, 0.6339554252735912, 321.7853838640624, 1.9132579406869683, 2.037343657676003]
iteration = 1509.0 , objective = [2.83003749], inputs = [0.0104544  0.01       0.01       0.36181465 0.5        0.22827511
 1.99987439 0.98514353 0.14656696 0.59270991 1.00831776 0.51640752
 0.24649719], constraints = [1.1085732636100278, 1.6863465717448538, 1.1085732636100278, 0.6036886472750832, 0.6036886472750832, 351.46779061829096, 1.952562137689331, 2.030033527806758]
iteration = 1510.0 , objective = [2.82306105], inputs = [0.00967459 0.01       0.01       0.36295367 0.5        0.22750627
 1.99999573 0.98581595 0.14462276 0.58570952 1.00753596 0.51415954
 0.25329045], constraints = [1.110694751868614, 1.6772826362144784, 1.110694751868614, 0.5982895517266676, 0.5982895517266676, 357.73408096232686, 1.9595784634602942, 2.028771924795461]
iteration = 1511.0 , objective = [2.82332481], inputs = [0.00974774 0.01       0.01       0.36284683 0.5        0.22757839
 1.99998435 0.98575288 0.14480513 0.58636616 1.0076093  0.5143704
 0.25265323], constraints = [1.110504618401956, 1.678142856194875, 1.110504618401956, 0.5987979466019316, 0.5987979466019316, 357.13046357429573, 1.958917719797301, 2.0288901910518393]
iteration = 1512.0 , objective = [2.82284979], inputs = [0.00969699 0.01       0.01       0.36292095 0.5        0.22752836
 1.99999224 0.98579664 0.14467862 0.58591063 1.00755842 0.51422412
 0.25309529], constraints = [1.1106367391340028, 1.6775464081972367, 1.1106367391340028, 0.5984453006034156, 0.5984453006034156, 357.54888633641065, 1.9593760404533072, 2.0288081445006942]
iteration = 1513.0 , objective = [nan], inputs = [ 0.07665379  0.01        0.01        0.36599118  0.5         0.27
  2.          0.86935506  0.2520845   1.57079633  1.12412418  0.86085598
 -0.78539816], constraints = [-0.007189807776864634, -0.06801168173925908, -0.007189807776864634, 0.8438486779567855, 0.8438486779567855, 284935.2207353059, 1.3058214308182667, 2.300556003090826]
iteration = 1514.0 , objective = [2.77594656], inputs = [0.01639267 0.01       0.01       0.36322797 0.5        0.23177553
 1.99999302 0.97415248 0.1554192  0.6843992  1.019215   0.54888731
 0.14924594], constraints = [1.0847212963571513, 1.6461631701786914, 1.0847212963571513, 0.6279173856807235, 0.6279173856807235, 289.4428686630711, 1.8568747830791388, 2.0530595200224853]
iteration = 1515.0 , objective = [2.79614628], inputs = [-0.0067889   0.01        0.01        0.36730593  0.5         0.27
  2.          0.97380032  0.13874463  0.65590347  1.02450786  0.53833532
  0.15199051], constraints = [0.9849685280310089, 1.4820960231489377, 0.9849685280310089, 0.49404614571480077, 0.49404614571480077, 93.59130378592849, 1.903103547795075, 2.053809150543929]
iteration = 1516.0 , objective = [2.77633177], inputs = [0.01160251 0.01       0.01       0.36407063 0.5        0.23967411
 1.99999446 0.97407971 0.15197362 0.67851093 1.0203087  0.54670688
 0.14981307], constraints = [1.0666587729525216, 1.615635430350446, 1.0666587729525216, 0.597277676356077, 0.597277676356077, 234.5890205883759, 1.8662810683582787, 2.053214376792593]
iteration = 1517.0 , objective = [2.80235357], inputs = [-7.80877392e-04  1.00000000e-02  1.00000000e-02  3.63597986e-01
  5.00000000e-01  2.70000000e-01  2.00000000e+00  9.31205857e-01
  1.52298852e-01  6.52764411e-01  1.02250327e+00  5.45533608e-01
  1.34255610e-01], constraints = [0.9830246830246262, 1.519364511774857, 0.9830246830246262, 0.5391388652416594, 0.5391388652416594, 75.29958516840568, 1.874317655869264, 2.14775281382507]
iteration = 1518.0 , objective = [2.91594371], inputs = [-0.01093179  0.01        0.01        0.34823562  0.5         0.27
  2.          0.88350659  0.20347714  0.54324043  0.99287277  0.53877087
  0.23574097], constraints = [0.9853740235747929, 1.698652053104637, 0.9853740235747929, 0.7000049173806847, 0.7000049173806847, 30.68483424426629, 1.8428479089042036, 2.263706940157176]
iteration = 1519.0 , objective = [2.8084065], inputs = [-1.82068233e-03  1.00000000e-02  1.00000000e-02  3.62024349e-01
  5.00000000e-01  2.70000000e-01  2.00000000e+00  9.26319802e-01
  1.57541279e-01  6.41545366e-01  1.01946809e+00  5.44840870e-01
  1.44651223e-01], constraints = [0.9846119290929651, 1.538345817934767, 0.9846119290929651, 0.5559975645678283, 0.5559975645678283, 68.12747599210438, 1.871129978403404, 2.1590815573948645]
iteration = 1520.0 , objective = [2.90084685], inputs = [0.01855833 0.01       0.01       0.34404836 0.5        0.27
 2.         0.77071542 0.21506768 0.55329961 0.98865636 0.59306416
 0.16878756], constraints = [0.9872531565202349, 1.7552714010320711, 0.9872531565202349, 0.7426519904168238, 0.7426519904168238, 25.816821764726324, 1.6670310530340122, 2.5949915559952097]
iteration = 1521.0 , objective = [2.82874392], inputs = [0.00454727 0.01       0.01       0.35640729 0.5        0.27
 2.         0.87769718 0.17551689 0.61397069 1.00984016 0.55990949
 0.15219325], constraints = [0.9879068290281176, 1.6057273250825936, 0.9879068290281176, 0.6147156620842946, 0.6147156620842946, 50.09340515827673, 1.8035775259569833, 2.2786902451877746]
iteration = 1522.0 , objective = [2.91331675], inputs = [0.04588298 0.01       0.01       0.34934494 0.5        0.27
 2.         0.62242694 0.17652605 0.42632962 0.94702271 0.68612065
 0.22716435], constraints = [1.0661736528374255, 1.8111766652910841, 1.0661736528374255, 0.6479235605316839, 0.6479235605316839, 36.37298959223932, 1.3802568382793323, 3.213228509203105]
iteration = 1523.0 , objective = [2.84174917], inputs = [0.02037348 0.01       0.01       0.35370332 0.5        0.27
 2.         0.77996182 0.17590327 0.54212852 0.98578924 0.60823197
 0.18089745], constraints = [1.0023003771008117, 1.6610504991374573, 1.0023003771008117, 0.6230211150665009, 0.6230211150665009, 37.5771235634711, 1.6207454997773767, 2.5642280836715434]
iteration = 1524.0 , objective = [3.08187488], inputs = [0.07959741 0.01       0.01       0.36007321 0.5        0.27
 2.         0.39953012 0.12405846 0.3050396  0.91478498 0.79373927
 0.22019457], constraints = [1.1285899797473977, 1.7833035275056206, 1.1285899797473977, 0.571904167877796, 0.571904167877796, 42.360075225450714, 1.1525006006232752, 5.005880460300286]
iteration = 1525.0 , objective = [2.86159923], inputs = [0.0346617  0.01       0.01       0.35524011 0.5        0.27
 2.         0.68817979 0.16339532 0.48492902 0.96865892 0.65298701
 0.19037818], constraints = [1.009160894590951, 1.658011471924922, 1.009160894590951, 0.5953214782789691, 0.5953214782789691, 31.673020486509802, 1.4834275409916424, 2.9062172933932384]
iteration = 1526.0 , objective = [2.86405291], inputs = [0.06874542 0.01       0.01       0.34282318 0.5        0.27
 2.         0.46261952 0.20448875 0.48786271 0.96801167 0.68763328
 0.08460391], constraints = [0.9788471618973789, 1.772919751270477, 0.9788471618973789, 0.7833563207067548, 0.7833563207067548, 13.287212508092534, 1.407744057971749, 4.323207136395168]
iteration = 1527.0 , objective = [3.00163942], inputs = [0.09383021 0.01       0.01       0.33666323 0.5        0.27
 2.         0.31645848 0.22126352 0.36829406 0.90248357 0.81808914
 0.13067929], constraints = [1.0425620258954431, 1.9656208484193416, 1.0425620258954431, 0.9293403285923478, 0.9293403285923478, 8.408797929325198, 1.1031604310912793, 6.3199443053055795]
iteration = 1528.0 , objective = [2.88813434], inputs = [0.0739823  0.01       0.01       0.34153719 0.5        0.27
 2.         0.43210591 0.20799077 0.46290071 0.95433156 0.71486817
 0.09422293], constraints = [0.9851541590038602, 1.801550227410926, 0.9851541590038602, 0.80875654159208, 0.80875654159208, 11.184706655046256, 1.334975604839532, 4.628494871507808]
iteration = 1529.0 , objective = [3.03963256], inputs = [0.10161004 0.01       0.01       0.33835868 0.5        0.27
 2.         0.32920289 0.22043941 0.33708055 0.87234897 0.86590979
 0.13344377], constraints = [1.0512142395062503, 1.9580496950408033, 1.0512142395062503, 0.9155495630677797, 0.9155495630677797, 8.14696548133189, 1.007436309803333, 6.075280852182159]
iteration = 1530.0 , objective = [2.9139077], inputs = [0.07936978 0.01       0.01       0.34091737 0.5        0.27
 2.         0.41203954 0.21041829 0.43836544 0.93834473 0.7443217
 0.1018711 ], constraints = [0.9900825601819894, 1.8195756363077222, 0.9900825601819894, 0.8270638600232414, 0.8270638600232414, 9.593052688850058, 1.2606709354560615, 4.853903095673007]
iteration = 1531.0 , objective = [3.07785215], inputs = [0.11539958 0.01       0.01       0.34063649 0.5        0.27
 2.         0.32721095 0.21838098 0.30674984 0.83763321 0.9220807
 0.1168393 ], constraints = [1.0620619180250082, 1.9473402705431668, 1.0620619180250082, 0.9114191944630559, 0.9114191944630559, 7.810282240792691, 0.9084163753195315, 6.112264965542154]
iteration = 1532.0 , objective = [2.94464065], inputs = [0.08678752 0.01       0.01       0.34085954 0.5        0.27
 2.         0.3945752  0.21205763 0.41126869 0.91761045 0.78091835
 0.10495272], constraints = [0.9948780303773159, 1.8303421474025563, 0.9948780303773159, 0.8425127931305266, 0.8425127931305266, 8.234188930158613, 1.1750401910174928, 5.068742221718029]
iteration = 1533.0 , objective = [3.11446835], inputs = [0.13528187 0.01       0.01       0.34401009 0.5        0.27
 2.         0.31277259 0.21389544 0.27815976 0.79934909 0.98733368
 0.07796328], constraints = [1.071425478713017, 1.9213560112459744, 1.071425478713017, 0.9117752537200173, 0.9117752537200173, 7.086275035948681, 0.8096037902005525, 6.394422247044364]
iteration = 1534.0 , objective = [2.98194989], inputs = [0.09794343 0.01       0.01       0.34158431 0.5        0.27
 2.         0.37575687 0.21248041 0.38064757 0.89040495 0.82840329
 0.09874392], constraints = [1.0000064445827777, 1.8323367366405308, 1.0000064445827777, 0.856299251395753, 0.856299251395753, 7.021717314465742, 1.0748447714298845, 5.322590597729374]
iteration = 1535.0 , objective = [3.14352512], inputs = [0.16126026 0.01       0.01       0.34842081 0.5        0.27
 2.         0.29526664 0.20816036 0.25233519 0.76055877 1.06127968
 0.01525004], constraints = [1.074650807697583, 1.8743920929505642, 1.074650807697583, 0.9126555809842499, 0.9126555809842499, 6.0178936164257255, 0.7166431074999479, 6.773538762391635]
iteration = 1536.0 , objective = [3.02781817], inputs = [0.11585662 0.01       0.01       0.34351845 0.5        0.27
 2.         0.3529851  0.21125821 0.34434626 0.85366971 0.89428716
 0.07512238], constraints = [1.0062081551179767, 1.8219540929644975, 1.0062081551179767, 0.8695831342876863, 0.8695831342876863, 5.870305213350193, 0.9545811949152393, 5.665961559824718]
iteration = 1537.0 , objective = [3.16389696], inputs = [ 0.1917708   0.01        0.01        0.3534443   0.5         0.27
  2.          0.28907507  0.20452459  0.22919591  0.72081764  1.15065465
 -0.06585528], constraints = [1.0685005840218413, 1.808090340456363, 1.0685005840218413, 0.9087120058108881, 0.9087120058108881, 4.906912959666161, 0.6264413376476858, 6.918618070357543]
iteration = 1538.0 , objective = [3.08094537], inputs = [0.14404172 0.01       0.01       0.34720368 0.5        0.27
 2.         0.32925685 0.20875818 0.30159371 0.80434494 0.98947023
 0.02278077], constraints = [1.0136093098825318, 1.7936440084067866, 1.0136093098825318, 0.8819992660142064, 0.8819992660142064, 4.765304814675623, 0.8129046389343404, 6.074285240065227]
iteration = 1539.0 , objective = [3.19938459], inputs = [ 0.20507456  0.01        0.01        0.35863872  0.5         0.27
  2.          0.284793    0.20149032  0.22537363  0.71288169  1.25782468
 -0.11359135], constraints = [1.0429655219351668, 1.7146172846612864, 1.0429655219351668, 0.9045953380943494, 0.9045953380943494, 3.447150400468919, 0.5667575959774139, 7.022644432455957]
iteration = 1540.0 , objective = [3.28337599], inputs = [ 0.15734059  0.01        0.01        0.36115227  0.5         0.27
  2.          0.29249096  0.20280833  0.30588704  0.70686708  1.3953698
 -0.01042473], constraints = [0.993890992733435, 1.6184172489425526, 0.993890992733435, 0.9001571100553567, 0.9001571100553567, 1.7389076531095382, 0.5065804649662013, 6.837818054544949]
iteration = 1541.0 , objective = [3.426885], inputs = [0.14728649 0.01       0.01       0.36919945 0.5        0.27
 1.99828962 0.25       0.18728945 0.23920835 0.75068852 1.5
 0.01683155], constraints = [1.0020933570175878, 1.550446040845164, 1.0020933570175878, 0.9049576123833437, 0.9049576123833437, 1.3664827437180378, 0.5004590102222778, 7.993158461943461]
iteration = 1542.0 , objective = [3.43004957], inputs = [ 0.18335583  0.01        0.01        0.37269721  0.5         0.27
  2.          0.25        0.18556493  0.15719172  0.75        1.5
 -0.07569124], constraints = [0.9996442616952528, 1.513164743661707, 0.9996442616952528, 0.8999957622084546, 0.8999957622084546, 1.23309883258606, 0.5, 8.0]
iteration = 1543.0 , objective = [3.41773237], inputs = [ 0.21358688  0.01        0.01        0.37320097  0.5         0.27
  2.          0.27017677  0.1945967   0.08902088  0.75        1.5
 -0.14926853], constraints = [1.0000294550128495, 1.5095341864857128, 1.0000294550128495, 0.901235648018357, 0.901235648018357, 1.2140510426731206, 0.5, 7.4025608337504805]
iteration = 1544.0 , objective = [3.41187016], inputs = [ 0.24438817  0.01        0.01        0.37397924  0.5         0.27
  2.          0.29412758  0.20389276  0.01253118  0.75        1.5
 -0.22355425], constraints = [1.00006144733203, 1.5030108073367223, 1.00006144733203, 0.9015705604409511, 0.9015705604409511, 1.2094862789706449, 0.5, 6.79977030604652]
iteration = 1545.0 , objective = [3.41513952], inputs = [ 0.2523359   0.01        0.01        0.37432624  0.5         0.27
  2.          0.30331253  0.20666736 -0.0143359   0.75327208  1.5
 -0.24182407], constraints = [0.9999372227392604, 1.4998034883899127, 0.9999372227392604, 0.9002117991846181, 0.9002117991846181, 1.1991720367406316, 0.5021813860780296, 6.593858708102727]
iteration = 1546.0 , objective = [3.4122013], inputs = [ 0.26023852  0.01        0.01        0.37375717  0.5         0.27
  2.          0.32588105  0.21439356 -0.04202016  0.75        1.5
 -0.25848823], constraints = [1.000156088391648, 1.5058009826982288, 1.000156088391648, 0.9011843806501695, 0.9011843806501695, 1.2006390317393627, 0.5, 6.137208652935903]
iteration = 1547.0 , objective = [3.41176136], inputs = [ 0.26291889  0.01        0.01        0.37342715  0.5         0.27
  2.          0.34123488  0.21873577 -0.0561137   0.75        1.5
 -0.26316971], constraints = [1.0000360566905178, 1.5088696982840923, 1.0000360566905178, 0.9004987552763204, 0.9004987552763204, 1.2001709166665746, 0.5, 5.861065495377329]
iteration = 1548.0 , objective = [3.41185566], inputs = [ 0.26215436  0.01        0.01        0.37331785  0.5         0.27
  2.          0.34442575  0.21947843 -0.05606933  0.75        1.5
 -0.26089067], constraints = [1.0000011736477703, 1.5098460681936159, 1.0000011736477703, 0.9000204635997604, 0.9000204635997604, 1.2000750494552015, 0.5, 5.806766731321489]
iteration = 1549.0 , objective = [3.41125151], inputs = [ 0.2588925   0.01        0.01        0.37297029  0.5         0.27
  2.          0.34860576  0.22065379 -0.04968955  0.75        1.5
 -0.25239176], constraints = [0.9999986229448611, 1.5131066721944681, 0.9999986229448611, 0.9000342677760589, 0.9000342677760589, 1.2002895239604428, 0.5, 5.737139917959116]
iteration = 1550.0 , objective = [3.41025022], inputs = [ 0.25346574  0.01        0.01        0.37253986  0.5         0.27
  2.          0.35266416  0.22176674 -0.03657581  0.75        1.5
 -0.23888172], constraints = [0.9999982531218938, 1.517132250783038, 0.9999982531218938, 0.9000316626419321, 0.9000316626419321, 1.2004172569436187, 0.5, 5.671117873066158]
iteration = 1551.0 , objective = [3.40717483], inputs = [ 2.40450927e-01  1.00000000e-02  1.00000000e-02  3.71685771e-01
  5.00000000e-01  2.70000000e-01  2.00000000e+00  3.59691463e-01
  2.23665319e-01 -6.99648389e-04  7.50000000e-01  1.50000000e+00
 -2.07478347e-01], constraints = [0.9999853045469613, 1.5251043434621057, 0.9999853045469613, 0.9000925779254517, 0.9000925779254517, 1.2013167958043356, 0.5, 5.5603210141069885]
iteration = 1552.0 , objective = [3.40031843], inputs = [ 0.21504603  0.01        0.01        0.37032482  0.5         0.27
  2.          0.37137502  0.22670077  0.07644122  0.75        1.5
 -0.1478176 ], constraints = [0.9999680462091916, 1.5378507512952508, 0.9999680462091916, 0.9002453880635396, 0.9002453880635396, 1.2028438036237787, 0.5, 5.385391880318472]
iteration = 1553.0 , objective = [3.3843447], inputs = [ 0.16369654  0.01        0.01        0.36809667  0.5         0.27
  2.          0.39291029  0.23195555  0.24584251  0.75        1.5
 -0.03022878], constraints = [0.9999141433026111, 1.5588039528795075, 0.9999141433026111, 0.9007748365697782, 0.9007748365697782, 1.2066427397690003, 0.5, 5.090220512826835]
iteration = 1554.0 , objective = [3.33457575], inputs = [0.04379287 0.01       0.01       0.36422965 0.5        0.27
 2.         0.42708962 0.23931149 0.64863424 0.79442587 1.5
 0.2383136 ], constraints = [1.0142180757056958, 1.6159280643207947, 1.0142180757056958, 0.9017228236022067, 0.9017228236022067, 1.3972412255898785, 0.5296172470388093, 4.682857912744247]
iteration = 1555.0 , objective = [3.35853986], inputs = [0.09449594 0.01       0.01       0.36586488 0.5        0.27
 2.         0.41263637 0.23620092 0.4783077  0.77563972 1.5
 0.12475641], constraints = [1.0047308907022785, 1.5866715778088494, 1.0047308907022785, 0.9009152765336401, 0.9009152765336401, 1.264891224579126, 0.5170931485513103, 4.846882453667364]
iteration = 1556.0 , objective = [3.2960813], inputs = [-0.03294055  0.01        0.01        0.36313521  0.5         0.27
  2.          0.4599741   0.24546783  0.93726167  0.80497999  1.5
  0.39785597], constraints = [1.011319382336358, 1.6205368502356092, 1.011319382336358, 0.9029397625612238, 0.9029397625612238, 1.4356376713610692, 0.5366533265347918, 4.348070925967666]
iteration = 1557.0 , objective = [3.32893664], inputs = [0.03069954 0.01       0.01       0.36449837 0.5        0.27
 2.         0.43633427 0.24084006 0.70806617 0.79032785 1.5
 0.26147369], constraints = [1.00521130407453, 1.5995948161558071, 1.00521130407453, 0.9012226129842652, 0.9012226129842652, 1.281611290763171, 0.5268852340918543, 4.5836418177310305]
iteration = 1558.0 , objective = [3.3088996], inputs = [-0.03827456  0.01        0.01        0.36463048  0.5         0.27
  2.          0.47731925  0.24779603  0.97745272  0.78651589  1.5
  0.40348864], constraints = [0.9995831044015471, 1.587929264403049, 0.9995831044015471, 0.90198663423089, 0.90198663423089, 1.2472523722590465, 0.5243439293215199, 4.190067764311743]
iteration = 1559.0 , objective = [3.32026656], inputs = [-0.02570674  0.01        0.01        0.36564671  0.5         0.27
  2.          0.47354748  0.24653869  0.93538024  0.7826366   1.5
  0.37534861], constraints = [1.0001090610550067, 1.5787888838117026, 1.0001090610550067, 0.9000137431055478, 0.9000137431055478, 1.203704974457343, 0.5217577366316475, 4.223441304661724]
iteration = 1560.0 , objective = [3.31991872], inputs = [-0.01062017  0.01        0.01        0.36607774  0.5         0.27
  2.          0.46061144  0.24459521  0.89143108  0.77272491  1.47904684
  0.33908708], constraints = [0.9998671989505842, 1.5745016013768822, 0.9998671989505842, 0.9001802997572028, 0.9001802997572028, 1.2006130179498338, 0.5224478939664368, 4.342054518510337]
iteration = 1561.0 , objective = [3.31993858], inputs = [-0.02010772  0.01        0.01        0.36602077  0.5         0.27
  2.          0.45869664  0.24422555  0.92582562  0.77446221  1.48529359
  0.3599808 ], constraints = [0.9999287725409852, 1.5749145987692077, 0.9999287725409852, 0.9000041033560762, 0.9000041033560762, 1.199880902774762, 0.521420286944254, 4.3601801656763355]
iteration = 1562.0 , objective = [3.31993306], inputs = [-0.02449297  0.01        0.01        0.36593417  0.5         0.27
  2.          0.45347076  0.243381    0.94284391  0.77287098  1.48538032
  0.36960559], constraints = [0.9999799394803305, 1.575773519787582, 0.9999799394803305, 0.9000312130067497, 0.9000312130067497, 1.1997919540965611, 0.5203185777002054, 4.410427740634673]
iteration = 1563.0 , objective = [3.31986558], inputs = [-0.02728088  0.01        0.01        0.36583593  0.5         0.27
  2.          0.44842885  0.24253523  0.95472691  0.76864097  1.48166814
  0.37572223], constraints = [0.9999871251650798, 1.5767437870557743, 0.9999871251650798, 0.9000297798701902, 0.9000297798701902, 1.1997434978733967, 0.5187672934644876, 4.460016388073779]
iteration = 1564.0 , objective = [3.31975251], inputs = [-0.0331294   0.01        0.01        0.3656461   0.5         0.27
  2.          0.43967846  0.24103934  0.98176444  0.75420905  1.4668363
  0.38828232], constraints = [0.9999265492569175, 1.578550024442282, 0.9999265492569175, 0.9000924966871185, 0.9000924966871185, 1.1985041041653421, 0.5141739737421039, 4.548778703652502]
iteration = 1565.0 , objective = [3.31983593], inputs = [-0.04561534  0.01        0.01        0.36536063  0.5         0.27
  2.          0.42783888  0.23890807  1.04206678  0.7174262   1.42599484
  0.41442568], constraints = [0.9997006184295361, 1.5811357954225695, 0.9997006184295361, 0.9001775352924837, 0.9001775352924837, 1.1936636570044128, 0.5031057501435947, 4.674657000743232]
iteration = 1566.0 , objective = [3.31879454], inputs = [-0.04835284  0.01        0.01        0.36538272  0.5         0.27
  2.          0.43061983  0.23936815  1.0579228   0.70367584  1.40746676
  0.4193365 ], constraints = [1.0000331176251462, 1.5814178069714393, 1.0000331176251462, 0.9000101582743201, 0.9000101582743201, 1.2001732119144894, 0.499959115485192, 4.644467940287288]
iteration = 1567.0 , objective = [3.31800093], inputs = [-0.04600434  0.01        0.01        0.36605992  0.5         0.27
  2.          0.45961881  0.24473999  1.05591213  0.69420654  1.38841152
  0.410703  ], constraints = [1.0001878067671122, 1.574901892958752, 1.0001878067671122, 0.9010407498686481, 0.9010407498686481, 1.2007971919358345, 0.5000005611190883, 4.351431961469061]
iteration = 1568.0 , objective = [3.31828046], inputs = [-0.04817826  0.01        0.01        0.36588371  0.5         0.27
  2.          0.45352935  0.2433944   1.06066282  0.69652355  1.3930471
  0.41653082], constraints = [1.000002362495017, 1.576338749751477, 1.000002362495017, 0.9000416902606018, 0.9000416902606018, 1.2001033193740511, 0.5000000018672103, 4.4098579514928025]
iteration = 1569.0 , objective = [3.31829701], inputs = [-0.04895044  0.01        0.01        0.36585277  0.5         0.27
  2.          0.45219332  0.24315855  1.06282459  0.69552073  1.39104145
  0.41818736], constraints = [1.000001848660124, 1.5766564371392613, 1.000001848660124, 0.9000020746105694, 0.9000020746105694, 1.2000228332113514, 0.49999999999730776, 4.42288711017762]
iteration = 1570.0 , objective = [3.31793434], inputs = [-0.0582987   0.01        0.01        0.36565866  0.5         0.27
  2.          0.44574847  0.24208401  1.09128199  0.68236299  1.36472599
  0.43739443], constraints = [1.0003492094025686, 1.5791787374028055, 1.0003492094025686, 0.90004908963471, 0.90004908963471, 1.203885581043405, 0.5000000000000518, 4.4868353243569405]
iteration = 1571.0 , objective = [3.3173407], inputs = [-0.07475766  0.01        0.01        0.36553814  0.5         0.27
  2.          0.44061131  0.24118302  1.14268534  0.65949812  1.31899624
  0.47018543], constraints = [1.0011547081875751, 1.5816662356308897, 1.0011547081875751, 0.900032091780081, 0.900032091780081, 1.2128972488645282, 0.5000000000000518, 4.539148168733965]
iteration = 1572.0 , objective = [3.31762079], inputs = [-0.06957887  0.01        0.01        0.36557606  0.5         0.27
  2.          0.44222771  0.24146652  1.12651135  0.66669252  1.33338503
  0.45986779], constraints = [1.000645612235368, 1.580514741008438, 1.000645612235368, 0.9000304792122401, 0.9000304792122401, 1.2071918212030548, 0.5000000000000518, 4.5225569675058]
iteration = 1573.0 , objective = [3.31502637], inputs = [-0.10637584  0.01        0.01        0.36548586  0.5         0.27
  2.          0.43713468  0.2405643   1.24246671  0.61934791  1.23869582
  0.53231251], constraints = [1.0058363788582418, 1.5891344755780805, 1.0058363788582418, 0.9000320888315203, 0.9000320888315203, 1.266519041804938, 0.5000000000000518, 4.575248960457689]
iteration = 1574.0 , objective = [3.31711693], inputs = [-0.08411011  0.01        0.01        0.36554044  0.5         0.27
  2.          0.44021646  0.24111023  1.17230247  0.64799599  1.29599198
  0.48847643], constraints = [1.0012559263654306, 1.5818420961480633, 1.0012559263654306, 0.9000234214902844, 0.9000234214902844, 1.2140188361103073, 0.5000000000000518, 4.543219524345014]
iteration = 1575.0 , objective = [3.31361399], inputs = [-0.1296551   0.01        0.01        0.36556581  0.5         0.27
  2.          0.43745909  0.24061451  1.31571367  0.59469327  1.18938654
  0.57713142], constraints = [1.0086635319614643, 1.5925445360066, 1.0086635319614643, 0.9000094595613909, 0.9000094595613909, 1.299888741858286, 0.5000000000000518, 4.571856064407582]
iteration = 1576.0 , objective = [3.31652988], inputs = [-0.10143332  0.01        0.01        0.36555009  0.5         0.27
  2.          0.43916768  0.24092168  1.22684948  0.62772209  1.25544418
  0.5221967 ], constraints = [1.0019590685892354, 1.5828647496941075, 1.0019590685892354, 0.9000158776579651, 0.9000158776579651, 1.2219371651579185, 0.5000000000000518, 4.554069168661251]
iteration = 1577.0 , objective = [3.31689974], inputs = [-0.09372014  0.01        0.01        0.36554579  0.5         0.27
  2.          0.43963465  0.24100563  1.20256235  0.63674907  1.27349814
  0.5071827 ], constraints = [1.0013485143743475, 1.5819812135017144, 1.0013485143743475, 0.9000188991682987, 0.9000188991682987, 1.2150644315026966, 0.5000000000000517, 4.5492319568804085]
iteration = 1578.0 , objective = [3.31347587], inputs = [-0.14097215  0.01        0.01        0.36565721  0.5         0.27
  2.          0.44197799  0.24141443  1.35259604  0.58835015  1.1767003
  0.59916234], constraints = [1.0081223374369699, 1.590822736353061, 1.0081223374369699, 0.900006799744215, 0.900006799744215, 1.2929330634000256, 0.5000000000000518, 4.525112216233165]
iteration = 1579.0 , objective = [3.31627631], inputs = [-0.11192375  0.01        0.01        0.36558872  0.5         0.27
  2.          0.44053741  0.24116312  1.26036211  0.61810362  1.23620724
  0.54261742], constraints = [1.0019702692470447, 1.5825241490327833, 1.0019702692470447, 0.900012629939542, 0.900012629939542, 1.222014822786635, 0.5000000000000518, 4.539909558219295]
iteration = 1580.0 , objective = [3.3166108], inputs = [-0.10504387  0.01        0.01        0.3655725   0.5         0.27
  2.          0.44019622  0.2411036   1.23851724  0.62515049  1.25030098
  0.5292252 ], constraints = [1.0014613117948217, 1.5819246541509326, 1.0014613117948217, 0.9000147617314408, 0.9000147617314408, 1.2163185235056853, 0.5000000000000517, 4.543428375806073]
iteration = 1581.0 , objective = [3.31077354], inputs = [-0.16980102  0.01        0.01        0.36578977  0.5         0.27
  2.          0.44655994  0.24222352  1.44542684  0.56656138  1.13312275
  0.65527817], constraints = [1.01392899019467, 1.5978973268954306, 1.01392899019467, 0.9000496644511857, 0.9000496644511857, 1.3626353897958614, 0.5000000000000518, 4.478682072926622]
iteration = 1582.0 , objective = [3.31548589], inputs = [-0.13041614  0.01        0.01        0.36565762  0.5         0.27
  2.          0.44268957  0.24154239  1.31958577  0.60219489  1.20438979
  0.57861358], constraints = [1.002888488001972, 1.5832003215526447, 1.002888488001972, 0.9000166510059281, 0.9000166510059281, 1.2322889028805883, 0.5000000000000518, 4.517838562473251]
iteration = 1583.0 , objective = [3.31624083], inputs = [-0.1174614   0.01        0.01        0.36561416  0.5         0.27
  2.          0.4414165   0.24131835  1.27819328  0.61391571  1.22783142
  0.55339654], constraints = [1.0016497860916243, 1.5818151555898332, 1.0016497860916243, 0.9000137728511536, 0.9000137728511536, 1.2184094552985711, 0.5000000000000517, 4.530868253878662]
iteration = 1584.0 , objective = [3.30832575], inputs = [-0.19750816  0.01        0.01        0.3659088   0.5         0.27
  2.          0.45061739  0.24293046  1.53464782  0.54990683  1.09981366
  0.70929321], constraints = [1.019278228246957, 1.6044176228141664, 1.019278228246957, 0.9001027234748363, 0.9001027234748363, 1.4295003998766005, 0.5000000000000518, 4.438355108529127]
iteration = 1585.0 , objective = [3.31463248], inputs = [-0.14965278  0.01        0.01        0.36573265  0.5         0.27
  2.          0.4451167   0.24196667  1.3813283   0.58817408  1.17634816
  0.6160915 ], constraints = [1.0038836676094305, 1.583907239960433, 1.0038836676094305, 0.9000249989187497, 0.9000249989187497, 1.2434874977857886, 0.5000000000000517, 4.493203659953539]
iteration = 1586.0 , objective = [3.31579971], inputs = [-0.13133957  0.01        0.01        0.36566524  0.5         0.27
  2.          0.44301171  0.24159785  1.32265626  0.60281813  1.20563625
  0.58042524], constraints = [1.001887628660552, 1.581673979531448, 1.001887628660552, 0.9000145117622116, 0.9000145117622116, 1.2210523293083129, 0.5000000000000517, 4.51455335358873]
iteration = 1587.0 , objective = [3.30910514], inputs = [-0.20860455  0.01        0.01        0.36599533  0.5         0.27
  2.          0.45320068  0.24336928  1.57079633  0.54821068  1.09642135
  0.73073429], constraints = [1.0158496345713515, 1.5985591609958212, 1.0158496345713515, 0.9001247994412357, 0.9001247994412357, 1.3855643380586897, 0.500000000000052, 4.413056030251295]
iteration = 1588.0 , objective = [3.3144466], inputs = [-0.16171254  0.01        0.01        0.365795    0.5         0.27
  2.          0.44701701  0.2422942   1.42020048  0.58135186  1.16270372
  0.63951194], constraints = [1.0034429340754087, 1.5826507464390143, 1.0034429340754087, 0.9000282897848804, 0.9000282897848804, 1.2384673919228686, 0.5000000000000518, 4.474102682775882]
iteration = 1589.0 , objective = [3.31533844], inputs = [-0.14620328  0.01        0.01        0.36572874  0.5         0.27
  2.          0.4449718   0.24193863  1.37039177  0.59231311  1.18462623
  0.60934068], constraints = [1.002063228279963, 1.5813103427126365, 1.002063228279963, 0.9000164017021088, 0.9000164017021088, 1.2230053560857725, 0.5000000000000518, 4.4946669006889]
iteration = 1590.0 , objective = [3.31145149], inputs = [-0.20826768  0.01        0.01        0.36604033  0.5         0.27
  2.          0.45543962  0.24374041  1.57079633  0.55500718  1.11001437
  0.73014028], constraints = [1.0084546152794558, 1.5873820543694064, 1.0084546152794558, 0.9001304229196828, 0.9001304229196828, 1.295925310457131, 0.500000000000052, 4.391361429142021]
iteration = 1591.0 , objective = [3.31446432], inputs = [-0.17117869  0.01        0.01        0.36585413  0.5         0.27
  2.          0.44918417  0.24266368  1.4510368   0.57730079  1.15460158
  0.65795178], constraints = [1.002543544230426, 1.5807487083642529, 1.002543544230426, 0.9000311401500154, 0.9000311401500154, 1.22836425958901, 0.5000000000000518, 4.452516695515681]
iteration = 1592.0 , objective = [3.31348613], inputs = [-0.20784881  0.01        0.01        0.36614946  0.5         0.27
  2.          0.45696272  0.24396818  1.57079633  0.5597926   1.1195852
  0.72874098], constraints = [1.0022973451838557, 1.5774044925589497, 1.0022973451838557, 0.9000708878124343, 0.9000708878124343, 1.2258623165221199, 0.500000000000052, 4.37672462696271]
iteration = 1593.0 , objective = [3.31435772], inputs = [-0.20767993  0.01        0.01        0.36614021  0.5         0.27
  2.          0.45553723  0.2437112   1.57079633  0.5626049   1.1252098
  0.72864754], constraints = [1.0000188593544128, 1.5742036465902904, 1.0000188593544128, 0.9000023204438664, 0.9000023204438664, 1.20049785153118, 0.5000000000000518, 4.39042054946949]
iteration = 1594.0 , objective = [3.31441056], inputs = [-0.20755852  0.01        0.01        0.36607466  0.5         0.27
  2.          0.45242363  0.24320013  1.57079633  0.56398935  1.1279787
  0.72892101], constraints = [1.0000058776633938, 1.5748180143637578, 1.0000058776633938, 0.9000112112703106, 0.9000112112703106, 1.2000554511218018, 0.500000000000052, 4.42063555312923]
iteration = 1595.0 , objective = [3.3144142], inputs = [-0.20768901  0.01        0.01        0.3660483   0.5         0.27
  2.          0.45138684  0.24302362  1.57079633  0.56371962  1.12743925
  0.7292202 ], constraints = [0.9999999820172436, 1.5750851325835016, 0.9999999820172436, 0.900001256970998, 0.900001256970998, 1.2000045406481403, 0.500000000000052, 4.430789384142108]
iteration = 1596.0 , objective = [3.31441504], inputs = [-0.20768342  0.01        0.01        0.36604168  0.5         0.27
  2.          0.45153667  0.24304824  1.57079633  0.563958    1.12791601
  0.72930833], constraints = [0.9999998071138051, 1.5751447898687667, 0.9999998071138051, 0.9000000263582394, 0.9000000263582394, 1.2000019324186768, 0.500000000000052, 4.429319132132757]
iteration = 1597.0 , objective = [3.31441518], inputs = [-0.20768381  0.01        0.01        0.36604331  0.5         0.27
  2.          0.45154261  0.24304923  1.57079633  0.56391833  1.12783665
  0.72929143], constraints = [0.9999996641800695, 1.5751292811411983, 0.9999996641800695, 0.9000000000413901, 0.9000000000413901, 1.2000000537783664, 0.500000000000052, 4.429260870603818]
