iteration = 1021.0 , objective = [3.58005221], inputs = [0.01       0.01       0.01       0.5        0.5        0.135
 2.         1.         0.0675     0.52359878 1.         0.5
 0.31415927], constraints = [1.3807998149881, 1.023760347135665, 1.3807998149881, 0.4811030397324907, 0.4811030397324907, 1790.6600433120498, 2.0, 2.0]
iteration = 1022.0 , objective = [3.58005493], inputs = [0.01000058 0.00999942 0.01000058 0.49999942 0.50000058 0.13499942
 1.99999942 0.99999942 0.06750058 0.52359819 1.00000058 0.49999942
 0.31415985], constraints = [1.380808051719817, 1.0237749993791632, 1.380808051719817, 0.48110874266385734, 0.48110874266385734, 1790.7811180345186, 2.000003493596646, 2.000000582281296]
iteration = 1023.0 , objective = [2.78355238], inputs = [0.03788741 0.01       0.01       0.3        0.5        0.24804218
 2.         0.99730896 0.09614809 0.55752585 1.00504732 0.50056208
 0.29877839], constraints = [0.7202913930655939, 1.7683714563408337, 0.7202913930655939, 0.38097289124171924, 0.38097289124171924, 667.9403507616662, 2.007837515600017, 2.005396605519781]
iteration = 1024.0 , objective = [nan], inputs = [-0.16988462  0.01        0.22732234  0.46879183  0.72866769  0.17008764
  1.99557303  1.00938638  0.0438581   0.52275618  0.99623873  0.53792475
  0.20926937], constraints = [-0.010455514624397111, 1.3385790567238958, -0.010455514624397111, 0.26074089905763703, 0.26074089905763703, 0.026443563238068363, 1.8520039060750604, 1.9770160008033861]
iteration = 1025.0 , objective = [2.6593743], inputs = [0.0171102  0.01       0.03173223 0.31687918 0.52286677 0.24024672
 1.9995573  0.9985167  0.09091909 0.55404888 1.00416646 0.50429835
 0.28982749], constraints = [0.7347409970053923, 1.7123203833190548, 0.7347409970053923, 0.37260257573200617, 0.37260257573200617, 465.7979248471102, 1.991215062739068, 2.0025276504033727]
iteration = 1026.0 , objective = [nan], inputs = [-0.20981769  0.01        0.30473088  0.57621118  0.81406781  0.0675
  1.97439429  1.05963863  0.027       0.51251235  0.99545853  0.53770864
  0.20033801], constraints = [-0.1513892722044919, 0.8673579736529691, -0.1513892722044919, 0.3909223166732691, 0.3909223166732691, 1.5253270272041173, 1.8512972740950187, 1.8632713521890973]
iteration = 1027.0 , objective = [2.44501375], inputs = [-0.00558259  0.01        0.0590321   0.34281238  0.55198687  0.22297205
  1.997041    1.00462889  0.08452718  0.54989523  1.00329567  0.50763938
  0.28087854], constraints = [0.7455312741297296, 1.7056990586364738, 0.7455312741297296, 0.37303653837578793, 0.37303653837578793, 275.75832699988695, 1.9763945017730837, 1.9878395050253532]
iteration = 1028.0 , objective = [2.50088895], inputs = [0.00214944 0.01       0.03837752 0.33507201 0.54344686 0.2328626
 1.99915888 0.99960367 0.08621299 0.55091961 1.00337369 0.50772048
 0.28177168], constraints = [0.7535672351561656, 1.696529486043752, 0.7535672351561656, 0.36510393117268386, 0.36510393117268386, 325.8931696040015, 1.976232453757298, 1.9999515182282452]
iteration = 1029.0 , objective = [1.69875847], inputs = [ 0.00573725  0.01       -0.14006568  0.38011514  0.62791914  0.27
  2.          0.66360154  0.08192281  0.71122876  1.02122557  0.57036122
  0.06864799], constraints = [0.9621088088906098, 1.2689603064134805, 0.9621088088906098, 0.33410830197287744, 0.33410830197287744, 103.05736440024044, 1.7904891446730238, 3.0138567579183935]
iteration = 1030.0 , objective = [2.46247609], inputs = [ 0.00918929  0.01       -0.1581586   0.3         0.5449455   0.27
  2.          0.49675034  0.20781881  0.58293861  0.9988873   0.5201203
  0.20251249], constraints = [0.8613849535888571, 1.3881557329383445, 0.8613849535888571, 0.7787450981259039, 0.7787450981259039, 39.2327156861631, 1.9204927967543965, 4.02616733849256]
iteration = 1031.0 , objective = [1.69774444], inputs = [ 0.00646986  0.01       -0.14390541  0.36311286  0.61031023  0.27
  2.          0.62819189  0.10864084  0.68400264  1.01648487  0.55969894
  0.09705711], constraints = [0.9635859777275666, 1.3093922680072647, 0.9635859777275666, 0.4307184868457306, 0.4307184868457306, 83.64361479615883, 1.8161279189553627, 3.1837405749906407]
iteration = 1032.0 , objective = [1.7497138], inputs = [-0.00775196  0.01       -0.17708418  0.36296452  0.61020352  0.27
  2.          0.4873478   0.12450217  0.58545996  1.01550288  0.51691527
  0.15892937], constraints = [0.9883787736935986, 1.032265845197286, 0.9883787736935986, 0.5263193904555378, 0.5263193904555378, 29.11865778563684, 1.9645441499733323, 4.10384533998137]
iteration = 1033.0 , objective = [1.82127878], inputs = [-0.01449353  0.01       -0.1892959   0.3504267   0.60628956  0.27
  2.          0.35084543  0.15437448  0.47595903  0.99177592  0.49774758
  0.24518305], constraints = [0.9918612375255413, 0.999948747197902, 0.9918612375255413, 0.7021669021010813, 0.7021669021010813, 12.375201103763548, 1.9925278500403991, 5.700516115205751]
iteration = 1034.0 , objective = [1.77478555], inputs = [-0.01035977  0.01       -0.18180798  0.35811458  0.6086895   0.27
  2.          0.43454531  0.13605752  0.5431023   1.0063247   0.50950074
  0.19229442], constraints = [0.9914214903597657, 1.0201932280155115, 0.9914214903597657, 0.5888214975267293, 0.5888214975267293, 20.322917560786642, 1.9751192300172065, 4.602511973650227]
iteration = 1035.0 , objective = [1.78527869], inputs = [-0.01068917  0.01       -0.20201793  0.33758161  0.60406344  0.27
  2.          0.25754918  0.18198742  0.43317223  0.98632103  0.48168164
  0.26443806], constraints = [0.982416719860231, 0.985404043194825, 0.982416719860231, 0.8799258600107068, 0.8799258600107068, 8.50634615636589, 2.047661661591302, 7.765507170946301]
iteration = 1036.0 , objective = [2.1480686], inputs = [ 0.01585198  0.01       -0.1857379   0.35727562  0.64224945  0.27
  1.98062037  0.25        0.18578056  0.39901258  1.03334662  0.46791998
  0.156843  ], constraints = [0.9849793787776512, 0.9818869912741041, 0.9849793787776512, 0.9001288403949554, 0.9001288403949554, 3.4119997401018956, 2.208383167940634, 7.922481482687841]
iteration = 1037.0 , objective = [2.41616163], inputs = [ 0.03668269  0.01       -0.13789491  0.36471949  0.66046928  0.27
  1.98066437  0.2765794   0.1976208   0.25621351  1.00972208  0.49450624
  0.19733242], constraints = [1.014206103441168, 1.495494795119633, 1.014206103441168, 0.9021243691312691, 0.9021243691312691, 2.4338305815478813, 2.041879333315597, 7.161286680025472]
iteration = 1038.0 , objective = [2.51095298], inputs = [ 0.04976103  0.01       -0.13739009  0.37221524  0.67648427  0.27
  1.97769058  0.28488729  0.20017537  0.27599795  1.0307022   0.460233
  0.11959869], constraints = [1.001351680074209, 1.4322157042327863, 1.001351680074209, 0.9001920645334197, 0.9001920645334197, 1.5682910095850073, 2.2395226068973564, 6.942010564674704]
iteration = 1039.0 , objective = [2.58526575], inputs = [ 0.07275388  0.01       -0.13021412  0.37625253  0.68845508  0.27
  1.98259193  0.30189729  0.20648899  0.24701144  1.03713234  0.45560446
  0.06654502], constraints = [0.9991048092491809, 1.5021308790541337, 0.9991048092491809, 0.9007383048422242, 0.9007383048422242, 1.237717669917334, 2.276387605958556, 6.567107382486298]
iteration = 1040.0 , objective = [2.58009777], inputs = [ 0.09352039  0.01       -0.12805132  0.37623683  0.69287521  0.27
  1.99295655  0.31902654  0.21210838  0.22420171  1.03538239  0.46401363
  0.0279642 ], constraints = [1.0007664442311508, 1.552287349973933, 1.0007664442311508, 0.900681089593522, 0.900681089593522, 1.2102674396276862, 2.2313620108856447, 6.246992961005799]
iteration = 1041.0 , objective = [2.49445093], inputs = [ 0.19142178  0.01       -0.10096963  0.37173813  0.70567893  0.27
  2.          0.41087274  0.24121202  0.09918507  1.01870374  0.51096142
 -0.1343262 ], constraints = [1.0218385646827761, 2.0732738298810105, 1.0218385646827761, 0.9161338842177504, 0.9161338842177504, 1.4423451284896691, 1.9936999087359002, 4.867687234830818]
iteration = 1042.0 , objective = [2.4780905], inputs = [ 0.22975644  0.01       -0.06525411  0.37167113  0.70988833  0.27
  2.          0.4870206   0.25109665  0.02134502  1.01429948  0.51061428
 -0.19212192], constraints = [1.0010383407918368, 2.4984375139446184, 1.0010383407918368, 0.9073730680862304, 0.9073730680862304, 1.2225574240177814, 1.9864299235769132, 4.106602476750666]
iteration = 1043.0 , objective = [2.48152702], inputs = [ 0.26071028  0.01       -0.04976804  0.37234728  0.71293376  0.27
  2.          0.53119591  0.25467969 -0.03752827  1.01043438  0.5166989
 -0.23804895], constraints = [1.0014124867799663, 2.7081202582902257, 1.0014124867799663, 0.9018025601494705, 0.9018025601494705, 1.2146960410093117, 1.9555574586686109, 3.765089203044769]
iteration = 1044.0 , objective = [2.4749137], inputs = [ 0.29161492  0.01       -0.04835106  0.37215283  0.71448933  0.27
  2.          0.55298189  0.25648805 -0.09295085  1.00623382  0.51847973
 -0.28587088], constraints = [1.0005311096775449, 2.7412133413483426, 1.0005311096775449, 0.9003669314519175, 0.9003669314519175, 1.2064478589130292, 1.940738981957062, 3.6167549417917257]
iteration = 1045.0 , objective = [2.44020871], inputs = [ 0.41380734  0.01       -0.06672358  0.3702889   0.71925892  0.27
  2.          0.60046588  0.26113487 -0.30296805  0.98809174  0.52094674
 -0.47946226], constraints = [1.004929030915447, 2.598601067603501, 1.004929030915447, 0.9015047922252586, 0.9015047922252586, 1.268269006977861, 1.8967231233330868, 3.3307471102001047]
iteration = 1046.0 , objective = [2.41281966], inputs = [ 0.52359878  0.01       -0.10857518  0.3687044   0.72300284  0.27
  2.          0.60282392  0.26078677 -0.48736847  0.9697533   0.5119269
 -0.65842435], constraints = [0.9983253575975111, 2.1093365413198586, 0.9983253575975111, 0.900002846071759, 0.900002846071759, 1.1991796695881853, 1.8943198684957727, 3.317718365620046]
iteration = 1047.0 , objective = [2.3910074], inputs = [ 0.52359878  0.01       -0.15633441  0.36648768  0.71933857  0.27
  2.          0.52376943  0.2546217  -0.47942437  0.96119797  0.50486495
 -0.65902079], constraints = [1.0006051205076059, 1.5349785723813199, 1.0006051205076059, 0.9040370945625575, 0.9040370945625575, 1.1988201393564286, 1.9038714437429896, 3.8184741113314535]
iteration = 1048.0 , objective = [2.37494605], inputs = [ 0.52359878  0.01       -0.20398997  0.36425509  0.72096068  0.27
  2.          0.41382308  0.24036627 -0.47525778  0.9516894   0.49542916
 -0.6565985 ], constraints = [1.0014583042984202, 1.013100856980957, 1.0014583042984202, 0.9120461424166617, 0.9120461424166617, 1.1903022535421475, 1.9209394079640219, 4.8329832527237935]
iteration = 1049.0 , objective = [2.37976038], inputs = [ 0.52359878  0.01       -0.2024213   0.36525076  0.72006062  0.27
  2.          0.42489092  0.23834193 -0.47709683  0.95408122  0.4966937
 -0.6567726 ], constraints = [0.9999702495959528, 1.0142295155238923, 0.9999702495959528, 0.9001546056322808, 0.9001546056322808, 1.2002559500920276, 1.9208643640635465, 4.707090415599677]
iteration = 1050.0 , objective = [2.38009596], inputs = [ 0.52359878  0.01       -0.20371746  0.36523451  0.72005038  0.27
  2.          0.4221336   0.23776171 -0.47740018  0.9553402   0.49684079
 -0.65643204], constraints = [1.0000009758604473, 1.0000201332720795, 1.0000009758604473, 0.9000101573784912, 0.9000101573784912, 1.2000016730106364, 1.9228296386101298, 4.737836521403572]
iteration = 1051.0 , objective = [2.37998424], inputs = [ 0.52359878  0.01       -0.20398306  0.36517377  0.72053819  0.27
  2.          0.41888655  0.23713052 -0.47746647  0.96003317  0.49777322
 -0.65605847], constraints = [1.0000029318347003, 1.0000047202455382, 1.0000029318347003, 0.900014335147393, 0.900014335147393, 1.2000268844437365, 1.9286557191102858, 4.774562502878662]
iteration = 1052.0 , objective = [2.37966116], inputs = [ 0.52359878  0.01       -0.20240194  0.36506243  0.7224851   0.27
  2.          0.41286309  0.23594244 -0.47649431  0.97667129  0.50130307
 -0.65579582], constraints = [1.0000292838618101, 1.0275938388260035, 1.0000292838618101, 0.9000503491784064, 0.9000503491784064, 1.2003008697339392, 1.9482651437152512, 4.844220874975516]
iteration = 1053.0 , objective = [2.37890835], inputs = [ 0.52359878  0.01       -0.19505468  0.36490827  0.72778043  0.27
  2.          0.40438796  0.23421006 -0.47260011  1.01981711  0.51071321
 -0.65638745], constraints = [1.0001706370101866, 1.1373632296841987, 1.0001706370101866, 0.9001030373474257, 0.9001030373474257, 1.2018893691063155, 1.9968488873307702, 4.945745629167854]
iteration = 1054.0 , objective = [2.37576862], inputs = [ 0.52359878  0.01       -0.16349987  0.36457563  0.74679725  0.27
  2.          0.38687321  0.23047946 -0.45723509  1.17216746  0.54407662
 -0.66031063], constraints = [1.0017572283435152, 1.6308767996436226, 1.0017572283435152, 0.9004656329316558, 0.9004656329316558, 1.2202209197025775, 2.154416137216745, 5.169652386946666]
iteration = 1055.0 , objective = [2.35651148], inputs = [ 0.52359878  0.01       -0.0190227   0.36385768  0.82749793  0.27
  2.          0.33817839  0.21912205 -0.39488083  1.81921208  0.68111235
 -0.67910598], constraints = [1.0201978106969154, 4.614661862835571, 1.0201978106969154, 0.9041359249567941, 0.9041359249567941, 1.4688294372809885, 2.670942739210556, 5.914038376237521]
iteration = 1056.0 , objective = [2.36896428], inputs = [ 0.52359878  0.01       -0.09681081  0.36424423  0.78404779  0.27
  2.          0.36439622  0.22523701 -0.42845306  1.47083609  0.6073308
 -0.66898635], constraints = [1.005946643884017, 2.8503458726285658, 1.005946643884017, 0.901092765370437, 0.901092765370437, 1.271014135979001, 2.4218038964649424, 5.488531123916419]
iteration = 1057.0 , objective = [2.35644325], inputs = [ 0.52359878  0.01        0.02897477  0.36415776  0.84926835  0.27
  2.          0.34423889  0.21968077 -0.38598884  2.          0.71192322
 -0.68358152], constraints = [1.0106027340323798, 5.680553660969022, 1.0106027340323798, 0.900750713690435, 0.900750713690435, 1.3453383840513622, 2.809291700277336, 5.809918804849751]
iteration = 1058.0 , objective = [2.36295062], inputs = [ 0.52359878  0.01       -0.02459712  0.36419458  0.82149101  0.27
  2.          0.35282387  0.22204716 -0.40407429  1.77462988  0.66737746
 -0.67736546], constraints = [1.0063056947046034, 4.38585741862168, 1.0063056947046034, 0.9007091805799401, 0.9007091805799401, 1.2795884852168786, 2.6591096861291454, 5.668550758883194]
iteration = 1059.0 , objective = [2.35572884], inputs = [ 0.52359878  0.01        0.04434293  0.36382189  0.84877539  0.27
  2.          0.37497205  0.22781365 -0.39242446  2.          0.71091092
 -0.68116042], constraints = [1.0014251913602312, 5.9130627769795545, 1.0014251913602312, 0.9008972137278922, 0.9008972137278922, 1.2195092697787562, 2.8132919845558626, 5.33373087642607]
iteration = 1060.0 , objective = [2.3549618], inputs = [ 0.52359878  0.01        0.05720921  0.36374833  0.84874022  0.27
  2.          0.40142552  0.23394558 -0.39412165  2.          0.71263683
 -0.68061694], constraints = [1.000115366226828, 6.127976400645114, 1.000115366226828, 0.9011410048162297, 0.9011410048162297, 1.1997752200461855, 2.806478580456941, 4.982244237660828]
iteration = 1061.0 , objective = [2.35497383], inputs = [ 0.52359878  0.01        0.06360157  0.36396994  0.84902703  0.27
  2.          0.41560479  0.23657945 -0.39261     2.          0.71334725
 -0.68220658], constraints = [1.0000296042051864, 6.231038851068045, 1.0000296042051864, 0.9002948164683613, 0.9002948164683613, 1.1998682501898355, 2.803683609188525, 4.812264059279004]
iteration = 1062.0 , objective = [2.35499057], inputs = [ 0.52359878  0.01        0.06581305  0.36410356  0.84930452  0.27
  2.          0.42046159  0.23744515 -0.39123415  2.          0.71330955
 -0.68342317], constraints = [1.0000030719437478, 6.2676369966185685, 1.0000030719437478, 0.9000327626738053, 0.9000327626738053, 1.2001210746980278, 2.8038317898380587, 4.756677004022932]
iteration = 1063.0 , objective = [2.35505439], inputs = [ 0.52359878  0.01        0.06580576  0.36412359  0.8493815   0.27
  2.          0.42037086  0.23741594 -0.39099204  2.          0.71314537
 -0.68360311], constraints = [0.999999709742217, 6.268106882278079, 0.999999709742217, 0.9000000108142039, 0.9000000108142039, 1.2000065205430372, 2.80447729283283, 4.757703747837877]
iteration = 1064.0 , objective = [2.35505153], inputs = [ 0.52359878  0.01        0.0657461   0.36413014  0.84946034  0.27
  2.          0.4200717   0.23735761 -0.39085119  2.          0.71291336
 -0.68367126], constraints = [0.9999997056634418, 6.268169432326364, 0.9999997056634418, 0.9000001221434745, 0.9000001221434745, 1.2000024703701837, 2.805389977131036, 4.761091972909704]
iteration = 1065.0 , objective = [2.35503885], inputs = [ 0.52359878  0.01        0.06573919  0.36413883  0.84967848  0.27
  2.          0.4194947   0.2372449  -0.3906289   2.          0.71221692
 -0.68370618], constraints = [0.9999997761301693, 6.271233953299264, 0.9999997761301693, 0.9000004552461287, 0.9000004552461287, 1.200006530240823, 2.8081332381001847, 4.767640638153794]
iteration = 1066.0 , objective = [2.35500856], inputs = [ 0.52359878  0.01        0.06595547  0.36414825  0.85        0.27
  2.          0.41863109  0.23707563 -0.39032361  2.          0.71044561
 -0.68357711], constraints = [0.999999295127386, 6.27958785097562, 0.999999295127386, 0.9000010231989924, 0.9000010231989924, 1.2000084045147719, 2.8151345819684246, 4.777476081035915]
iteration = 1067.0 , objective = [2.35492314], inputs = [ 0.52359878  0.01        0.06673666  0.36415512  0.85        0.27
  2.          0.41729503  0.23681253 -0.38988855  2.          0.70566975
 -0.68290303], constraints = [0.999994272477647, 6.292229947997291, 0.999994272477647, 0.9000024610535756, 0.9000024610535756, 1.1999894728729918, 2.83418695724277, 4.792772141727356]
iteration = 1068.0 , objective = [2.35469319], inputs = [ 0.52359878  0.01        0.06933323  0.36414706  0.84936868  0.27
  2.          0.41550042  0.23645642 -0.38935948  2.          0.69352312
 -0.68069665], constraints = [0.9999500653505246, 6.325002130848979, 0.9999500653505246, 0.9000044724726455, 0.9000044724726455, 1.1996866649890234, 2.883825983811782, 4.81347290691829]
iteration = 1069.0 , objective = [2.35432079], inputs = [ 0.52359878  0.01        0.07434988  0.36410222  0.84749544  0.27
  2.          0.41446984  0.23624903 -0.38926045  2.          0.67353396
 -0.67636135], constraints = [0.9998329742850256, 6.378092838802263, 0.9998329742850256, 0.9000014856616227, 0.9000014856616227, 1.1987310353372633, 2.969412262943694, 4.825441577739274]
iteration = 1070.0 , objective = [2.35373796], inputs = [ 0.52359878  0.01        0.08235963  0.3639967   0.84375324  0.27
  2.          0.41535287  0.23642575 -0.39012828  2.          0.64539826
 -0.66923751], constraints = [0.9996017877140376, 6.449305142665609, 0.9996017877140376, 0.900001093042676, 0.900001093042676, 1.1968056988502869, 3.0988617869280546, 4.815182868057624]
iteration = 1071.0 , objective = [2.3535209], inputs = [ 0.52359878  0.01        0.08930359  0.36387088  0.83967968  0.27
  2.          0.41822258  0.23699888 -0.39193623  2.          0.62420598
 -0.66261923], constraints = [0.9997179595028501, 6.497191082765521, 0.9997179595028501, 0.9000114560870357, 0.9000114560870357, 1.1977654579174826, 3.2040705363879494, 4.782142607116861]
iteration = 1072.0 , objective = [2.35367375], inputs = [ 0.52359878  0.01        0.09190633  0.36380198  0.83764695  0.27
  2.          0.42031033  0.23740624 -0.39323152  2.          0.61763283
 -0.65982557], constraints = [0.9999623095710756, 6.507508586537689, 0.9999623095710756, 0.9000059891199153, 0.9000059891199153, 1.1997860962730968, 3.238169840581389, 4.758388873531984]
iteration = 1073.0 , objective = [2.35374705], inputs = [ 0.52359878  0.01        0.0923975   0.36379666  0.83734027  0.27
  2.          0.42068611  0.23747742 -0.3934003   2.          0.61640257
 -0.65937574], constraints = [0.9999985350954044, 6.510432010155021, 0.9999985350954044, 0.9000001927332932, 0.9000001927332932, 1.1999916071134342, 3.244632791722679, 4.754138406952299]
iteration = 1074.0 , objective = [2.35374862], inputs = [ 0.52359878  0.01        0.09245983  0.36379627  0.83731102  0.27
  2.          0.42070031  0.23748011 -0.39340813  2.          0.61620107
 -0.65932025], constraints = [0.9999996375109709, 6.51094088216997, 0.9999996375109709, 0.9000000002746834, 0.9000000002746834, 1.1999998120132662, 3.24569382087416, 4.753977985150507]
iteration = 1075.0 , objective = [2.35374864], inputs = [ 0.52359878  0.01        0.09247399  0.36379613  0.83730389  0.27
  2.          0.42069411  0.23747891 -0.39340949  2.          0.61614052
 -0.65930447], constraints = [0.9999996582824668, 6.511049027889377, 0.9999996582824668, 0.9000000000523526, 0.9000000000523526, 1.1999999842836293, 3.2460127647356747, 4.754048046309055]
