iteration = 1598.0 , objective = [4.07032416], inputs = [0.01       0.01       0.01       0.5        0.5        0.135
 2.         1.         0.0675     0.52359878 1.         0.5
 0.31415927], constraints = [1.3807998149881, 1.023760347135665, 1.3807998149881, 0.4811030397324907, 0.4811030397324907, 1790.6600433120498, 2.0, 2.0]
iteration = 1599.0 , objective = [4.07032633], inputs = [0.01000058 0.00999942 0.01000058 0.49999942 0.50000058 0.13499942
 1.99999942 0.99999942 0.06750058 0.52359819 1.00000058 0.49999942
 0.31415985], constraints = [1.380808051719817, 1.0237749993791632, 1.380808051719817, 0.48110874266385734, 0.48110874266385734, 1790.7811180345186, 2.000003493596646, 2.000000582281296]
iteration = 1600.0 , objective = [3.75247254], inputs = [-0.00674302  0.01        0.01        0.3         0.5         0.27
  2.          0.97732609  0.19934554  0.58830096  1.00874353  0.51294191
  0.24539998], constraints = [0.7767110089365085, 1.868447858385323, 0.7767110089365085, 0.6839341491191285, 0.6839341491191285, 68.59010174090386, 1.9665843682758295, 2.046399887463458]
iteration = 1601.0 , objective = [3.17294657], inputs = [-3.80148190e-04  1.00000000e-02  1.00000000e-02  3.76006277e-01
  5.00000000e-01  2.18695763e-01  2.00000000e+00  9.85942887e-01
  1.49240095e-01  5.63712098e-01  1.00542072e+00  5.08023576e-01
  2.71530667e-01], constraints = [1.1634950634096723, 1.6302778254170631, 1.1634950634096723, 0.6374753865272724, 0.6374753865272724, 294.4965351133011, 1.979082793047647, 2.0285150648879853]
iteration = 1602.0 , objective = [3.62484295], inputs = [0.02961434 0.01       0.01       0.3        0.5        0.27
 2.         0.94929968 0.24447954 0.79795733 1.02964037 0.57650988
 0.0424161 ], constraints = [0.8285805819243011, 1.9793746706490551, 0.8285805819243011, 0.8187344761294628, 0.8187344761294628, 150.72354710390704, 1.7859891215876957, 2.106816250049634]
iteration = 1603.0 , objective = [3.078412], inputs = [0.00442449 0.01       0.01       0.36383129 0.5        0.22691388
 2.         0.98007323 0.16449593 0.60123444 1.00930032 0.51899398
 0.23483018], constraints = [1.1312181326743753, 1.7095551676320129, 1.1312181326743753, 0.6728538891587291, 0.6728538891587291, 252.71321371417923, 1.9447244994611705, 2.0406638335767076]
iteration = 1604.0 , objective = [3.11637175], inputs = [0.00992513 0.01       0.01       0.34989263 0.5        0.23632248
 2.         0.9733533  0.18196173 0.64419227 1.01374192 0.53155357
 0.19281325], constraints = [1.0813499184732676, 1.7887987383101114, 1.0813499184732676, 0.7098979256976106, 0.7098979256976106, 216.9069084423105, 1.9071302922119655, 2.054752375063808]
iteration = 1605.0 , objective = [3.05068836], inputs = [0.00587009 0.01       0.01       0.36016811 0.5        0.22938652
 2.         0.97830719 0.16908606 0.61252405 1.0104676  0.52229473
 0.22378784], constraints = [1.1193615475396992, 1.7315486514622285, 1.1193615475396992, 0.6829277601046461, 0.6829277601046461, 242.20134959147515, 1.934669337561799, 2.044347650476317]
iteration = 1606.0 , objective = [3.0485509], inputs = [0.00708067 0.01       0.01       0.3571005  0.5        0.23145716
 2.         0.97682827 0.17292992 0.62197818 1.0114451  0.52505883
 0.21454079], constraints = [1.1087176074306233, 1.7493184475204777, 1.1087176074306233, 0.6911736398198619, 0.6911736398198619, 234.03720053232047, 1.926346226477856, 2.0474427927251826]
iteration = 1607.0 , objective = [3.03876823], inputs = [0.00649975 0.01       0.01       0.35857257 0.5        0.23046352
 2.         0.97753796 0.17108536 0.61744139 1.01097603 0.52373241
 0.2189782 ], constraints = [1.113903789623871, 1.7408582364784069, 1.113903789623871, 0.6872379080860684, 0.6872379080860684, 237.88543105286902, 1.9303293017988037, 2.0459563476613116]
iteration = 1608.0 , objective = [3.04133327], inputs = [0.00676977 0.01       0.01       0.35788832 0.5        0.23092539
 2.         0.97720808 0.17194275 0.61955019 1.01119406 0.52434896
 0.21691559], constraints = [1.111510004510824, 1.7448053850400214, 1.111510004510824, 0.6890721619345234, 0.6890721619345234, 236.08003210377785, 1.9284753737741975, 2.046647011673487]
iteration = 1609.0 , objective = [3.03771174], inputs = [0.00655585 0.01       0.01       0.35843041 0.5        0.23055947
 2.         0.97746943 0.17126348 0.6178795  1.01102132 0.5238605
 0.21854969], constraints = [1.1134089247466732, 1.7416801905441741, 1.1134089247466732, 0.6876196731348123, 0.6876196731348123, 237.50808531122345, 1.9299437850857648, 2.0460997962490604]
iteration = 1610.0 , objective = [3.03765321], inputs = [0.00661062 0.01       0.01       0.35829161 0.5        0.23065316
 2.         0.97740251 0.1714374  0.61830727 1.01106555 0.52398557
 0.21813129], constraints = [1.1129246793946301, 1.7424815392881172, 1.1129246793946301, 0.6879920764140347, 0.6879920764140347, 237.14094143110333, 1.9295675484549843, 2.046239878850324]
iteration = 1611.0 , objective = [3.03720111], inputs = [0.00658297 0.01       0.01       0.35836167 0.5        0.23060587
 2.         0.97743629 0.17134962 0.61809136 1.01104323 0.52392244
 0.21834248], constraints = [1.1131692319259048, 1.7420771709231493, 1.1131692319259048, 0.687804152043751, 0.687804152043751, 237.3261029643016, 1.929757428680788, 2.0461691707885805]
iteration = 1612.0 , objective = [3.48405877], inputs = [0.03087734 0.01       0.01       0.30980091 0.5        0.27
 2.         0.8876858  0.25965867 0.75818894 1.01995846 0.60181446
 0.06113015], constraints = [0.8887805777393968, 1.985580551988515, 0.8887805777393968, 0.8646665043272199, 0.8646665043272199, 99.75416437544143, 1.6948055002585751, 2.2530494562781667]
iteration = 1613.0 , objective = [3.06750827], inputs = [0.00870786 0.01       0.01       0.35411434 0.5        0.23405145
 2.         0.96958632 0.17907351 0.6303449  1.01182299 0.53073522
 0.204592  ], constraints = [1.1021789088863796, 1.7741647927614224, 1.1021789088863796, 0.7060414670665537, 0.7060414670665537, 217.73287006746065, 1.9064553416779029, 2.0627353742962056]
iteration = 1614.0 , objective = [3.03993419], inputs = [0.00679311 0.01       0.01       0.35794164 0.5        0.23094661
 2.         0.97665999 0.17211345 0.61930314 1.01112034 0.52459618
 0.21698266], constraints = [1.1121791217855974, 1.745348066020914, 1.1121791217855974, 0.6896363468352159, 0.6896363468352159, 235.29399972417372, 1.9274260644602021, 2.0477955753941566]
iteration = 1615.0 , objective = [3.03714426], inputs = [0.00658737 0.01       0.01       0.35835288 0.5        0.23061301
 2.         0.97742004 0.17136561 0.61811672 1.01104484 0.52393655
 0.21831401], constraints = [1.1131487366663366, 1.7421458099556348, 1.1131487366663366, 0.6878425725693017, 0.6878425725693017, 237.2833536763231, 1.9297085628530812, 2.0462031911920264]
iteration = 1616.0 , objective = [3.03728421], inputs = [0.00660241 0.01       0.01       0.35832281 0.5        0.2306374
 2.         0.97736447 0.17142028 0.61820346 1.01105036 0.52398477
 0.21821667], constraints = [1.113078595892344, 1.742380462275267, 1.113078595892344, 0.6879739269943894, 0.6879739269943894, 237.1372591185575, 1.929541490238906, 2.0463195295807997]
iteration = 1617.0 , objective = [3.03713223], inputs = [0.00659144 0.01       0.01       0.35834475 0.5        0.2306196
 2.         0.97740501 0.17138039 0.61814018 1.01104634 0.52394959
 0.21828769], constraints = [1.1131297802636215, 1.7422092661948259, 1.1131297802636215, 0.6878780930259758, 0.6878780930259758, 237.24383847558823, 1.9296633846867, 2.0462346468806665]
iteration = 1618.0 , objective = [3.037115], inputs = [0.00658964 0.01       0.01       0.35834835 0.5        0.23061668
 2.         0.97741167 0.17137384 0.61812978 1.01104567 0.52394381
 0.21829936], constraints = [1.113138184210736, 1.7421811375754646, 1.113138184210736, 0.6878623475478005, 0.6878623475478005, 237.26135387835285, 1.929683411326229, 2.0462207028473474]
iteration = 1619.0 , objective = [3.03711744], inputs = [0.00659037 0.01       0.01       0.35834688 0.5        0.23061787
 2.         0.97740896 0.17137651 0.61813402 1.01104594 0.52394616
 0.2182946 ], constraints = [1.113134760677435, 1.7421925970528134, 1.113134760677435, 0.6878687621647255, 0.6878687621647255, 237.25421803863298, 1.9296752526080851, 2.046226383492582]
iteration = 1620.0 , objective = [3.03711265], inputs = [0.00658982 0.01       0.01       0.35834799 0.5        0.23061697
 2.         0.977411   0.1713745  0.61813083 1.01104574 0.52394439
 0.21829818], constraints = [1.113137334529916, 1.7421839817684868, 1.113137334529916, 0.6878639396252647, 0.6878639396252647, 237.25958277555503, 1.929681386373587, 2.0462221127471008]
iteration = 1621.0 , objective = [3.03711199], inputs = [0.00658998 0.01       0.01       0.35834767 0.5        0.23061723
 2.         0.97741041 0.17137508 0.61813175 1.0110458  0.5239449
 0.21829715], constraints = [1.113136595113223, 1.7421864568213414, 1.113136595113223, 0.687865325072824, 0.687865325072824, 237.25804154912777, 1.9296796242308107, 2.0462233396661897]
iteration = 1622.0 , objective = [6.25594492], inputs = [ 0.1191648   0.01        0.01        0.35877096  0.5         0.27
  2.          0.61021085  0.25753516  1.47558922  1.08201138  0.91721767
 -0.7053579 ], constraints = [0.11108308080226009, 0.7313507012754331, 0.11108308080226009, 0.8892281665548908, 0.8892281665548908, 118981.87817688729, 1.1796669668465471, 3.277555622984632]
iteration = 1623.0 , objective = [3.03711199], inputs = [0.00658998 0.01       0.01       0.35834767 0.5        0.23061723
 2.         0.97741041 0.17137508 0.61813175 1.0110458  0.5239449
 0.21829715], constraints = [1.1131365951131214, 1.742186456821237, 1.1131365951131214, 0.6878653250730149, 0.6878653250730149, 237.25804154885137, 1.9296796242296292, 2.0462233396668816]
iteration = 1624.0 , objective = [3.0371117], inputs = [0.00659003 0.01       0.01       0.35834767 0.5        0.23061725
 2.         0.97741024 0.17137512 0.61813215 1.01104583 0.52394509
 0.21829671], constraints = [1.1131365414458323, 1.742186401773714, 1.1131365414458323, 0.6878654257009024, 0.6878654257009024, 237.2578960086899, 1.9296790014104859, 2.0462237043242792]
iteration = 1625.0 , objective = [3.03690072], inputs = [0.0066288  0.01       0.01       0.35834782 0.5        0.23063081
 2.         0.97728379 0.17140479 0.61842743 1.01107027 0.52408052
 0.21797864], constraints = [1.1130974941476128, 1.7421463424344725, 1.1130974941476128, 0.6879384746018805, 0.6879384746018805, 237.1525098339397, 1.9292269726212141, 2.0464884676554354]
iteration = 1626.0 , objective = [3.03208291], inputs = [0.00753693 0.01       0.01       0.35835123 0.5        0.23094851
 2.         0.97432163 0.17209983 0.62534444 1.01164274 0.527253
 0.21052762], constraints = [1.1121077974870022, 1.7411059320256426, 1.1121077974870022, 0.6896476262268115, 0.6896476262268115, 234.81891295367944, 1.9187045672379421, 2.0527102468924405]
iteration = 1627.0 , objective = [3.01003386], inputs = [0.01257112 0.01       0.01       0.35837016 0.5        0.23270965
 2.         0.95790097 0.17595279 0.66368876 1.01481622 0.54483962
 0.16922304], constraints = [1.1040765263932943, 1.7316164408121513, 1.1040765263932943, 0.6990537236302437, 0.6990537236302437, 226.4757824782178, 1.8625962402392462, 2.0878984938503606]
iteration = 1628.0 , objective = [3.01681637], inputs = [0.00566863 0.01       0.01       0.36328147 0.5        0.27
 2.         0.90381608 0.1592263  0.67670904 1.02702495 0.57003772
 0.10578606], constraints = [0.982588807245415, 1.5247465429952707, 0.982588807245415, 0.562345053051962, 0.562345053051962, 74.16914938044428, 1.8016789251200191, 2.212839586209239]
iteration = 1629.0 , objective = [3.00362185], inputs = [0.00996127 0.01       0.01       0.36022714 0.5        0.24680922
 2.         0.93745135 0.16962847 0.66861176 1.01943237 0.55436708
 0.14523737], constraints = [1.0622527793818153, 1.6581091976775457, 1.0622527793818153, 0.643075761641352, 0.643075761641352, 152.91105866627325, 1.8389121706794602, 2.133444052830326]
iteration = 1630.0 , objective = [3.02788736], inputs = [0.01388433 0.01       0.01       0.3575778  0.5        0.27
 2.         0.85928265 0.18121769 0.6445264  1.01914339 0.59034576
 0.11083157], constraints = [0.9846598263111622, 1.5918081263118864, 0.9846598263111622, 0.6334145585207359, 0.6334145585207359, 50.86074490860344, 1.7263499759202017, 2.3275228406248325]
iteration = 1631.0 , objective = [3.13906651], inputs = [-0.00647501  0.01        0.01        0.35004989  0.5         0.27
  2.          0.88660166  0.20481096  0.50830711  0.9771172   0.5880879
  0.26747835], constraints = [0.9996521920530136, 1.7029447072095862, 0.9996521920530136, 0.7038741985571672, 0.7038741985571672, 28.398523183372838, 1.6615155756875104, 2.2558044838781806]
iteration = 1632.0 , objective = [3.03163019], inputs = [0.01249539 0.01       0.01       0.35706424 0.5        0.27
 2.         0.86114638 0.18282724 0.63523339 1.01627632 0.59019173
 0.12151817], constraints = [0.9856560244973059, 1.5993839475347218, 0.9856560244973059, 0.6382652180251535, 0.6382652180251535, 47.61309824587879, 1.7219426785453869, 2.3224855196947822]
iteration = 1633.0 , objective = [3.07139527], inputs = [0.09010477 0.01       0.01       0.34291057 0.5        0.27
 2.         0.57318566 0.22633461 0.52176027 0.97223908 0.80660666
 0.07727868], constraints = [1.0722296128566429, 1.9118248967346432, 1.0722296128566429, 0.8084531327628429, 0.8084531327628429, 29.00489148876609, 1.2053447104949508, 3.489270841354653]
iteration = 1634.0 , objective = [3.11571832], inputs = [0.06808818 0.01       0.01       0.33720819 0.5        0.27
 2.         0.53590608 0.25443328 0.51583442 0.93927012 0.79226822
 0.11369028], constraints = [0.9950940209751632, 1.87509286822393, 0.9950940209751632, 0.899631522347311, 0.899631522347311, 10.595342456817075, 1.185545622799188, 3.7319972228047495]
iteration = 1635.0 , objective = [3.08177071], inputs = [0.08441612 0.01       0.01       0.34143719 0.5        0.27
 2.         0.56355335 0.23359475 0.52022915 0.96372055 0.80290189
 0.08668671], constraints = [1.0530925100167494, 1.9045719222427941, 1.0530925100167494, 0.8320793048781652, 0.8320793048781652, 22.521153422940046, 1.200296771756378, 3.548909761563977]
iteration = 1636.0 , objective = [3.14653951], inputs = [0.06050911 0.01       0.01       0.33699581 0.5        0.27
 2.         0.54895287 0.25573241 0.49716416 0.90435948 0.80313287
 0.15279258], constraints = [0.9986435016983803, 1.8848890774212734, 0.9986435016983803, 0.899390126386947, 0.899390126386947, 8.921472679890002, 1.1260396834718536, 3.6433000263876285]
iteration = 1637.0 , objective = [3.09996822], inputs = [0.077008   0.01       0.01       0.34006092 0.5        0.27
 2.         0.55902906 0.2404546  0.51308194 0.94532618 0.80297347
 0.10717111], constraints = [1.0365285463872558, 1.899501111751251, 1.0365285463872558, 0.8530668202295594, 0.8530668202295594, 16.826239964899592, 1.1772819665789496, 3.577631522088518]
iteration = 1638.0 , objective = [3.19303285], inputs = [0.07886126 0.01       0.01       0.33929659 0.5        0.27
 2.         0.44693262 0.24593945 0.47727372 0.86462811 0.88051699
 0.12877292], constraints = [1.007793160733765, 1.876041646440528, 1.007793160733765, 0.9103849311754096, 0.9103849311754096, 6.943113423837595, 0.9819550624716813, 4.474947428257739]
iteration = 1639.0 , objective = [3.12789465], inputs = [0.07761458 0.01       0.01       0.33981075 0.5        0.27
 2.         0.52233924 0.24224983 0.5013617  0.91891323 0.82835391
 0.11424151], constraints = [1.0253828636922409, 1.8894475977367018, 1.0253828636922409, 0.8694082173003295, 0.8694082173003295, 12.460421269104168, 1.1093244292602609, 3.828929227342548]
iteration = 1640.0 , objective = [3.24341126], inputs = [0.08732956 0.01       0.01       0.3418723  0.5        0.27
 2.         0.38815883 0.23726521 0.46653373 0.81626487 0.94675361
 0.12498361], constraints = [1.015689176148889, 1.860574860197276, 1.015689176148889, 0.9188908655034038, 0.9188908655034038, 5.559651144856533, 0.8621724397949786, 5.1525300231454105]
iteration = 1641.0 , objective = [3.16327827], inputs = [0.08087445 0.01       0.01       0.34050251 0.5        0.27
 2.         0.4773148  0.24057723 0.48967512 0.88446942 0.86808311
 0.11784604], constraints = [1.018643265020126, 1.874443489724122, 1.018643265020126, 0.8815001093734509, 0.8815001093734509, 9.29074432266329, 1.0188764313160235, 4.1901067925109725]
iteration = 1642.0 , objective = [3.29780126], inputs = [0.09449582 0.01       0.01       0.34548437 0.5        0.27
 2.         0.337367   0.22653662 0.46820884 0.76159802 1.02392559
 0.11860508], constraints = [1.0186218220094096, 1.82497114093978, 1.0186218220094096, 0.9259353282596403, 0.9259353282596403, 4.329244179306123, 0.7438021127609471, 5.928262063894914]
iteration = 1643.0 , objective = [3.20680092], inputs = [0.08573273 0.01       0.01       0.34227937 0.5        0.27
 2.         0.42740021 0.23556942 0.48201883 0.84064539 0.92366679
 0.11811676], constraints = [1.0143719495469807, 1.8496436874150046, 1.0143719495469807, 0.890919460626213, 0.890919460626213, 6.893275400022301, 0.9101175883713395, 4.6794548940591865]
iteration = 1644.0 , objective = [3.35366118], inputs = [0.09761193 0.01       0.01       0.34941954 0.5        0.27
 2.         0.31286772 0.21721443 0.48273689 0.69977992 1.11125518
 0.12018274], constraints = [1.0161595846492035, 1.7771910453633804, 1.0161595846492035, 0.9211675692537574, 0.9211675692537574, 3.3443315912578733, 0.6297202777071447, 6.39247785891808]
iteration = 1645.0 , objective = [3.25877453], inputs = [0.09032566 0.01       0.01       0.34504002 0.5        0.27
 2.         0.38311777 0.22847271 0.48229646 0.78618166 0.99619531
 0.11891554], constraints = [1.0110574642939092, 1.8150924852143404, 1.0110574642939092, 0.8972288614159925, 0.8972288614159925, 5.059430652276354, 0.789184257097304, 5.22032692341012]
iteration = 1646.0 , objective = [3.40823936], inputs = [0.10631438 0.01       0.01       0.35511892 0.5        0.27
 2.         0.26668382 0.20219394 0.50069049 0.6758087  1.22137852
 0.09949459], constraints = [1.0170368967841135, 1.7161127241993797, 1.0170368967841135, 0.9272441742753504, 0.9272441742753504, 2.631914277439887, 0.5533163461232087, 7.499517522464039]
iteration = 1647.0 , objective = [3.5094881], inputs = [0.08948614 0.01       0.01       0.36509077 0.5        0.27
 2.         0.25       0.18577763 0.5483384  0.74848538 1.4704153
 0.13312559], constraints = [1.0052864415426082, 1.59281408848209, 1.0052864415426082, 0.9006135812185734, 0.9006135812185734, 1.6254122265342819, 0.5090299191101453, 8.0]
iteration = 1648.0 , objective = [3.61135673], inputs = [0.05989818 0.01       0.01       0.36622696 0.5        0.27
 1.98907911 0.25       0.18566221 0.52315607 0.75026715 1.5
 0.21647977], constraints = [1.0004307668228165, 1.5766943437887369, 1.0004307668228165, 0.9000001524151292, 0.9000001524151292, 1.455651970107365, 0.5001780982695799, 7.956316424029722]
iteration = 1649.0 , objective = [3.5316665], inputs = [0.08276702 0.01       0.01       0.36534879 0.5        0.27
 1.99751998 0.25       0.18575142 0.54261975 0.74889    1.47713369
 0.15205448], constraints = [1.0041008712015311, 1.58891158449127, 1.0041008712015311, 0.9004742508786824, 0.9004742508786824, 1.5443968868507723, 0.5069886433158115, 7.990079905785367]
iteration = 1650.0 , objective = [3.58059154], inputs = [0.12028052 0.01       0.01       0.37054351 0.5        0.27
 1.9881346  0.25       0.18567047 0.4079928  0.7501598  1.5
 0.06145847], constraints = [1.0010025720168332, 1.5342063184068901, 1.0010025720168332, 0.9000001262872888, 0.9000001262872888, 1.2557607401924562, 0.5001065363364535, 7.952538387092822]
iteration = 1651.0 , objective = [3.54922307], inputs = [ 0.17243234  0.01        0.01        0.36473965  0.5         0.27
  2.          0.3733296   0.24073242  0.25393364  0.75        1.5
 -0.05177399], constraints = [1.0018980970804336, 1.596427840313498, 1.0018980970804336, 0.9386293102849714, 0.9386293102849714, 1.192722757097184, 0.5, 5.357196461873458]
iteration = 1652.0 , objective = [3.55899788], inputs = [ 0.19766323  0.01        0.01        0.37011348  0.5         0.27
  2.          0.38236045  0.22923557  0.17946836  0.75        1.5
 -0.11643058], constraints = [0.9992921855128145, 1.5383284807930875, 0.9992921855128145, 0.8999101422923478, 0.8999101422923478, 1.2031600754578449, 0.5, 5.230666554734542]
iteration = 1653.0 , objective = [3.55581967], inputs = [ 0.2113904   0.01        0.01        0.37171493  0.5         0.27
  2.          0.35967237  0.22393536  0.16166689  0.75        1.5
 -0.15394593], constraints = [0.999975799900487, 1.5240793531074974, 0.999975799900487, 0.900878098744647, 0.900878098744647, 1.2112255421279192, 0.5, 5.560616222513232]
iteration = 1654.0 , objective = [3.55894587], inputs = [ 0.20856851  0.01        0.01        0.37148212  0.5         0.27
  2.          0.36509063  0.22505087  0.16172169  0.75        1.5
 -0.14577329], constraints = [1.0000015390776882, 1.5262949959764678, 1.0000015390776882, 0.9000537069585989, 0.9000537069585989, 1.201152010999934, 0.5, 5.478091791177046]
iteration = 1655.0 , objective = [3.55929506], inputs = [ 0.208654    0.01        0.01        0.37152654  0.5         0.27
  2.          0.36442796  0.22486258  0.1614284   0.75        1.5
 -0.14603828], constraints = [0.9999996860223881, 1.5258690288782781, 0.9999996860223881, 0.9000007804449253, 0.9000007804449253, 1.2000002971334334, 0.5, 5.488053157638385]
iteration = 1656.0 , objective = [3.55922391], inputs = [ 0.208239    0.01        0.01        0.37157548  0.5         0.27
  2.          0.36202244  0.22424514  0.16377914  0.75        1.5
 -0.14535424], constraints = [1.0000006939582853, 1.525388228081668, 1.0000006939582853, 0.900010404797146, 0.900010404797146, 1.2000124429882442, 0.5, 5.524519461906905]
iteration = 1657.0 , objective = [3.55897907], inputs = [ 0.20654078  0.01        0.01        0.37167026  0.5         0.27
  2.          0.35591813  0.2226568   0.17166968  0.75        1.5
 -0.14210137], constraints = [1.000004971966283, 1.5244388427195397, 1.000004971966283, 0.9000682173111547, 0.9000682173111547, 1.2000476228111792, 0.5, 5.619269856039062]
iteration = 1658.0 , objective = [3.55858923], inputs = [ 0.20402047  0.01        0.01        0.37177036  0.5         0.27
  2.          0.34946844  0.22090787  0.18262177  0.75        1.5
 -0.13708189], constraints = [1.0000057807869638, 1.5234146275436737, 1.0000057807869638, 0.9000784656194611, 0.9000784656194611, 1.2000743280246864, 0.5, 5.7229774134353235]
iteration = 1659.0 , objective = [3.55728875], inputs = [ 0.19747739  0.01        0.01        0.37190775  0.5         0.27
  2.          0.33834091  0.21780897  0.20972935  0.75        1.5
 -0.12364715], constraints = [1.0000183112761538, 1.5219560238607508, 1.0000183112761538, 0.9002430492640793, 0.9002430492640793, 1.200360075688933, 0.5, 5.911197691888557]
iteration = 1660.0 , objective = [3.55421418], inputs = [ 0.18397445  0.01        0.01        0.37203579  0.5         0.27
  2.          0.32485284  0.21379327  0.26376058  0.75        1.5
 -0.0953816 ], constraints = [1.0000292762373681, 1.520431892820729, 1.0000292762373681, 0.9003784132475033, 0.9003784132475033, 1.201293644148471, 0.5, 6.156633839382206]
iteration = 1661.0 , objective = [3.54655163], inputs = [ 0.15386704  0.01        0.01        0.37188346  0.5         0.27
  2.          0.31214753  0.20970703  0.37997009  0.75        1.5
 -0.03106717], constraints = [1.000035380437606, 1.5212463904444669, 1.000035380437606, 0.9003580082152934, 0.9003580082152934, 1.2053868932823333, 0.5, 6.407226695729016]
iteration = 1662.0 , objective = [3.53304656], inputs = [0.1012977  0.01       0.01       0.37077788 0.5        0.27
 2.         0.31479519 0.21045903 0.57460063 0.75       1.5
 0.08360972], constraints = [1.0000015494027494, 1.5307854516357755, 1.0000015494027494, 0.9000162596288277, 0.9000162596288277, 1.2138108987636327, 0.5, 6.35333713157829]
iteration = 1663.0 , objective = [3.51924533], inputs = [0.04388745 0.01       0.01       0.3684557  0.5        0.27
 2.         0.34750512 0.22114391 0.7759919  0.75       1.5
 0.21204421], constraints = [1.0000654757220673, 1.5524472582137918, 1.0000654757220673, 0.9023102597410294, 0.9023102597410294, 1.2127149570426488, 0.5, 5.755310825872636]
iteration = 1664.0 , objective = [3.51152571], inputs = [0.01174154 0.01       0.01       0.36663499 0.5        0.27
 2.         0.40286997 0.23576984 0.87998824 0.75       1.5
 0.28635321], constraints = [1.0003741574027087, 1.5702060771098307, 1.0003741574027087, 0.9054486378645349, 0.9054486378645349, 1.2023304447359215, 0.5, 4.964380929127528]
iteration = 1665.0 , objective = [3.51053088], inputs = [0.00673289 0.01       0.01       0.36675633 0.5        0.27
 2.         0.44507797 0.24282695 0.89118685 0.74682099 1.49364198
 0.29820752], constraints = [1.0002587199570219, 1.5684923181262918, 1.0002587199570219, 0.9024821226267438, 0.9024821226267438, 1.200091880227171, 0.5, 4.493594636542228]
iteration = 1666.0 , objective = [3.51086361], inputs = [0.00731316 0.01       0.01       0.36715019 0.5        0.27
 2.         0.46237779 0.24493751 0.88769743 0.74334266 1.48668533
 0.29639119], constraints = [1.0000388936914126, 1.5641750986969765, 1.0000388936914126, 0.9003537731762231, 0.9003537731762231, 1.1999379945228306, 0.5, 4.325467267359555]
iteration = 1667.0 , objective = [3.51089862], inputs = [0.00667834 0.01       0.01       0.36726916 0.5        0.27
 2.         0.46693367 0.24553433 0.88980629 0.74033559 1.48067117
 0.29732697], constraints = [1.0000106522433745, 1.5629488393962478, 1.0000106522433745, 0.9000230039148828, 0.9000230039148828, 1.2000823256821558, 0.5, 4.283263600958585]
iteration = 1668.0 , objective = [3.5107953], inputs = [0.00347316 0.01       0.01       0.36738379 0.5        0.27
 2.         0.47241087 0.24637446 0.90071193 0.73248892 1.46497783
 0.30336759], constraints = [1.00007883794755, 1.5619175144045674, 1.00007883794755, 0.9000323814534231, 0.9000323814534231, 1.200810050141325, 0.5, 4.233602869285225]
iteration = 1669.0 , objective = [3.5102114], inputs = [-0.00887313  0.01        0.01        0.36759995  0.5         0.27
  2.          0.48233852  0.24785924  0.94216873  0.70726953  1.41453907
  0.32738038], constraints = [1.0009106333721467, 1.560980000011859, 1.0009106333721467, 0.9001028513323781, 0.9001028513323781, 1.2098413166100648, 0.5, 4.146465392658754]
iteration = 1670.0 , objective = [3.51047888], inputs = [-0.00496659  0.01        0.01        0.36753155  0.5         0.27
  2.          0.47919727  0.24738943  0.92905121  0.7152493   1.43049861
  0.31978239], constraints = [1.0004447368319418, 1.5609889094388092, 1.0004447368319418, 0.900058554642511, 0.900058554642511, 1.2047822936095145, 0.5, 4.17364645100775]
iteration = 1671.0 , objective = [3.50935171], inputs = [-0.02377595  0.01        0.01        0.36771801  0.5         0.27
  2.          0.48583201  0.24833548  0.99100735  0.67917104  1.35834209
  0.35635257], constraints = [1.0020893827133905, 1.5615580546192613, 1.0020893827133905, 0.9000447096854798, 0.9000447096854798, 1.2231640317843109, 0.5, 4.116649262205347]
iteration = 1672.0 , objective = [3.51018463], inputs = [-0.01382994  0.01        0.01        0.36761942  0.5         0.27
  2.          0.4823237   0.24783523  0.9582462   0.69824849  1.39649699
  0.337015  ], constraints = [1.00068411153723, 1.5604988317598898, 1.00068411153723, 0.9000409473212178, 0.9000409473212178, 1.2074756184359512, 0.5, 4.146592854862707]
iteration = 1673.0 , objective = [3.50732344], inputs = [-0.04490691  0.01        0.01        0.36771479  0.5         0.27
  2.          0.48240111  0.24783186  1.05975255  0.64515693  1.29031387
  0.39773976], constraints = [1.0053377522300568, 1.5663164017070739, 1.0053377522300568, 0.900000005925893, 0.900000005925893, 1.260207334215733, 0.5, 4.145927459105664]
iteration = 1674.0 , objective = [3.50961216], inputs = [-0.02645692  0.01        0.01        0.36765817  0.5         0.27
  2.          0.48235515  0.24783386  0.99948955  0.6766767   1.3533534
  0.36168826], constraints = [1.001239875077218, 1.5609707293413453, 1.001239875077218, 0.9000243108695855, 0.9000243108695855, 1.2136808184032684, 0.5, 4.146322470139882]
iteration = 1675.0 , objective = [3.50623312], inputs = [-0.06249579  0.01        0.01        0.36754686  0.5         0.27
  2.          0.4705908   0.24613785  1.11571861  0.62264528  1.24529056
  0.43213928], constraints = [1.006583415441418, 1.569902169142552, 1.006583415441418, 0.9001426221896491, 0.9001426221896491, 1.2743537798419065, 0.5, 4.249976824016099]
iteration = 1676.0 , objective = [3.50896996], inputs = [-0.04070253  0.01        0.01        0.36761417  0.5         0.27
  2.          0.47770488  0.24716345  1.04543311  0.65531891  1.31063783
  0.38953646], constraints = [1.0017201717040538, 1.5621854261776582, 1.0017201717040538, 0.900036725370972, 0.900036725370972, 1.2190249517854022, 0.5, 4.186685260588132]
iteration = 1677.0 , objective = [3.50682409], inputs = [-0.07504246  0.01        0.01        0.36733522  0.5         0.27
  2.          0.45882919  0.24437961  1.15562177  0.61518538  1.23037075
  0.45732533], constraints = [1.004548979245042, 1.569164747782878, 1.004548979245042, 0.9003799693875931, 0.9003799693875931, 1.250161610092596, 0.5, 4.358920573958139]
iteration = 1678.0 , objective = [3.50847891], inputs = [-0.05592013  0.01        0.01        0.36749055  0.5         0.27
  2.          0.4693402   0.2459298   1.09426277  0.6375339   1.2750678
  0.41957683], constraints = [1.001816303900635, 1.5636326757309842, 1.001816303900635, 0.9000937767393851, 0.9000937767393851, 1.2199766624828168, 0.5, 4.261301316187627]
iteration = 1679.0 , objective = [3.50705531], inputs = [-0.09141051  0.01        0.01        0.36714165  0.5         0.27
  2.          0.450185    0.24296534  1.20848833  0.60810946  1.21621892
  0.49079532], constraints = [1.0032563571688486, 1.5692076127818966, 1.0032563571688486, 0.900407581236003, 0.900407581236003, 1.235363728420121, 0.5, 4.4426180465830445]
iteration = 1680.0 , objective = [3.5080498], inputs = [-0.0744702   0.01        0.01        0.36730819  0.5         0.27
  2.          0.45932818  0.24438034  1.15396606  0.62215437  1.24430873
  0.45680123], constraints = [1.001734029206197, 1.5653570356377304, 1.001734029206197, 0.9001544263517739, 0.9001544263517739, 1.2189273199773627, 0.5, 4.354185292394145]
iteration = 1681.0 , objective = [3.50694102], inputs = [-0.11219705  0.01        0.01        0.36698847  0.5         0.27
  2.          0.44357781  0.2417927   1.27598347  0.59932537  1.19865074
  0.53318812], constraints = [1.0025972248231338, 1.5697093269307025, 1.0025972248231338, 0.9002875206522727, 0.9002875206522727, 1.2283189142706468, 0.5, 4.5087917787131495]
iteration = 1682.0 , objective = [3.50764478], inputs = [-0.09657831  0.01        0.01        0.36712083  0.5         0.27
  2.          0.45009839  0.24286397  1.22546883  0.60877647  1.21755294
  0.5015643 ], constraints = [1.0015944074891787, 1.5669870952983005, 1.0015944074891787, 0.9001615981479953, 0.9001615981479953, 1.2173943299402552, 0.5, 4.443472888386717]
iteration = 1683.0 , objective = [3.50645563], inputs = [-0.13866901  0.01        0.01        0.3668604   0.5         0.27
  2.          0.43917709  0.24096829  1.36182195  0.58833136  1.17666272
  0.58694427], constraints = [1.002595149201365, 1.5708707289074968, 1.002595149201365, 0.9001433539093847, 0.9001433539093847, 1.2286618755185508, 0.5, 4.553971618467426]
iteration = 1684.0 , objective = [3.50721887], inputs = [-0.12078955  0.01        0.01        0.36697102  0.5         0.27
  2.          0.44381628  0.24177355  1.30390132  0.59701612  1.19403223
  0.55067622], constraints = [1.0015218180666565, 1.5682971311370253, 1.0015218180666565, 0.9001157104565771, 0.9001157104565771, 1.216719792652235, 0.5, 4.506369124183161]
iteration = 1685.0 , objective = [3.50500175], inputs = [-0.17612333  0.01        0.01        0.36674698  0.5         0.27
  2.          0.4364826   0.2404591   1.48264738  0.5721765   1.14435301
  0.66239055], constraints = [1.004343312388005, 1.5743769469359168, 1.004343312388005, 0.9000662348682446, 0.9000662348682446, 1.248315123969109, 0.5, 4.582084122873171]
iteration = 1686.0 , objective = [3.50667486], inputs = [-0.14570364  0.01        0.01        0.36687015  0.5         0.27
  2.          0.44051429  0.24118172  1.38438191  0.58583206  1.17166411
  0.60097571], constraints = [1.001694475616025, 1.5694681833798314, 1.001694475616025, 0.9000769492516703, 0.9000769492516703, 1.218692000738815, 0.5, 4.540147870208026]
iteration = 1687.0 , objective = [3.50403284], inputs = [-0.20368235  0.01        0.01        0.36679453  0.5         0.27
  2.          0.43851223  0.24080117  1.57079633  0.55987008  1.11974016
  0.7166924 ], constraints = [1.005058571586179, 1.574901239495564, 1.005058571586179, 0.9000049644809294, 0.9000049644809294, 1.2561716950240833, 0.5, 4.560876235147073]
iteration = 1688.0 , objective = [3.50602502], inputs = [-0.17169912  0.01        0.01        0.36683624  0.5         0.27
  2.          0.43961664  0.24101109  1.46796314  0.57419168  1.14838336
  0.65285873], constraints = [1.0019236758231345, 1.5700809496650656, 1.0019236758231345, 0.9000434442595198, 0.9000434442595198, 1.2212250323631275, 0.5, 4.549418343116294]
iteration = 1689.0 , objective = [3.50510703], inputs = [-0.20393469  0.01        0.01        0.36698443  0.5         0.27
  2.          0.4449746   0.2419458   1.57079633  0.55841341  1.11682682
  0.71553   ], constraints = [1.001836321560891, 1.5685026205025077, 1.001836321560891, 0.9000353749240253, 0.9000353749240253, 1.2200838171741024, 0.5, 4.494638591515659]
iteration = 1690.0 , objective = [3.50521328], inputs = [-0.20460839  0.01        0.01        0.36740081  0.5         0.27
  2.          0.45874817  0.24431169  1.57079633  0.55036178  1.10072355
  0.7130702 ], constraints = [1.000192798318738, 1.562255699132181, 1.000192798318738, 0.9002245928600118, 0.9002245928600118, 1.2021915152673661, 0.5, 4.359690400200134]
iteration = 1691.0 , objective = [3.5051687], inputs = [-0.20546642  0.01        0.01        0.36769803  0.5         0.27
  2.          0.46698266  0.24556059  1.57079633  0.54310178  1.08620356
  0.71204308], constraints = [1.0001537549860129, 1.5594237435252338, 1.0001537549860129, 0.9000758824379732, 0.9000758824379732, 1.2018374338012192, 0.5, 4.282814226841789]
iteration = 1692.0 , objective = [3.50529501], inputs = [-0.20560708  0.01        0.01        0.3676853   0.5         0.27
  2.          0.46617952  0.24540944  1.57079633  0.54284619  1.08569237
  0.71230136], constraints = [0.9999999452762318, 1.559341031979537, 0.9999999452762318, 0.9000006987162061, 0.9000006987162061, 1.2000057345778838, 0.5, 4.290192723162434]
iteration = 1693.0 , objective = [3.50529487], inputs = [-0.20570667  0.01        0.01        0.36766522  0.5         0.27
  2.          0.465347    0.24527977  1.57079633  0.54253794  1.08507588
  0.71247905], constraints = [1.0000000223279086, 1.5595496945422807, 1.0000000223279086, 0.9000007584967221, 0.9000007584967221, 1.200004441646374, 0.5, 4.297868087418157]
iteration = 1694.0 , objective = [3.50529541], inputs = [-0.20568468  0.01        0.01        0.36767043  0.5         0.27
  2.          0.46548271  0.24530069  1.57079633  0.54258041  1.08516083
  0.71242726], constraints = [0.9999996675167824, 1.5594964541224228, 0.9999996675167824, 0.9000000202106584, 0.9000000202106584, 1.2000001456458829, 0.5, 4.296615050396226]
iteration = 1695.0 , objective = [3.50529543], inputs = [-0.20568376  0.01        0.01        0.36767081  0.5         0.27
  2.          0.46547687  0.24529977  1.57079633  0.54257605  1.08515211
  0.71242212], constraints = [0.9999996602643922, 1.5594928870597289, 0.9999996602643922, 0.9000000000373947, 0.9000000000373947, 1.200000001162933, 0.5, 4.296668957977581]
