iteration = 257.0 , objective = [3.08978026], inputs = [0.01       0.01       0.01       0.5        0.5        0.135
 2.         1.         0.0675     0.52359878 1.         0.5
 0.31415927], constraints = [1.3807998149881, 1.023760347135665, 1.3807998149881, 0.4811030397324907, 0.4811030397324907, 1790.6600433120498, 2.0, 2.0]
iteration = 258.0 , objective = [3.08978353], inputs = [0.01000058 0.00999942 0.01000058 0.49999942 0.50000058 0.13499942
 1.99999942 0.99999942 0.06750058 0.52359819 1.00000058 0.49999942
 0.31415985], constraints = [1.380808051719817, 1.0237749993791632, 1.380808051719817, 0.48110874266385734, 0.48110874266385734, 1790.7811180345186, 2.000003493596646, 2.000000582281296]
iteration = 259.0 , objective = [1.63022492], inputs = [0.03723181 0.01       0.01       0.3        0.5        0.24795481
 2.         0.99592212 0.09609838 0.5455234  1.00309942 0.49997342
 0.30842115], constraints = [0.7189233331753311, 1.768518647380097, 0.7189233331753311, 0.3809586523210128, 0.3809586523210128, 661.1329201965231, 2.0063055104897423, 2.008189156301418]
iteration = 260.0 , objective = [0.33526901], inputs = [-0.08504122  0.01        0.12973318  0.46878722  0.62587784  0.11497827
  1.98884162  1.02136084  0.027       0.4993189   0.99590005  0.51085114
  0.28466178], constraints = [0.45311066197135347, 0.8916723543215365, 0.45311066197135347, 0.23864240243689833, 0.23864240243689833, 30.426047870339342, 1.9494916685993515, 1.9472467892453513]
iteration = 261.0 , objective = [nan], inputs = [ 0.10519669  0.01        0.27309645  0.32794007  0.51453293  0.27
  2.          0.25        0.07603801  1.57079633  2.          1.37223005
 -0.78539816], constraints = [-0.08535994113030876, 1.7024205036777962, -0.08535994113030876, 0.5631456834154085, 0.5631456834154085, 2490646.242581855, 1.4574815646554447, 8.0]
iteration = 262.0 , objective = [1.47084546], inputs = [ 0.03972873  0.01        0.52359878  0.32916599  0.85        0.27
  2.          0.61706798  0.08493984  0.86623149  1.00304332  0.69562812
 -0.11888214], constraints = [0.5560977785065048, 9.923367441796534, 0.5560977785065048, 0.35413996890001775, 0.35413996890001775, 95.53305497199204, 1.4419246246263626, 3.2411339684464693]
iteration = 263.0 , objective = [0.30978699], inputs = [-0.07623556  0.01        0.15753032  0.45893342  0.6416953   0.12591896
  1.98962912  0.99282779  0.03108912  0.52521382  0.99640419  0.52389181
  0.25618159], constraints = [0.4894189895342438, 1.1074635656591465, 0.4894189895342438, 0.2510055819292148, 0.2510055819292148, 28.95369112609343, 1.9019273807250785, 2.0040022377779683]
iteration = 264.0 , objective = [0.33103594], inputs = [-0.08275589  0.01        0.13694736  0.46622987  0.62998293  0.1178177
  1.989046    1.01395567  0.02806125  0.50603939  0.99603089  0.51423558
  0.27727033], constraints = [0.46297441736119815, 0.9456638001309872, 0.46297441736119815, 0.24204669839535542, 0.24204669839535542, 29.932175275493165, 1.9369155344737046, 1.961669576247513]
iteration = 265.0 , objective = [0.43868789], inputs = [-0.08457936  0.01        0.12874628  0.47302219  0.62587784  0.11460079
  1.989046    1.00848361  0.027       0.50188001  0.99703583  0.5116318
  0.28015092], constraints = [0.4631702397362142, 0.8936225790494724, 0.4631702397362142, 0.23978276101442883, 0.23978276101442883, 29.905688900007537, 1.9487370247975013, 1.9723136511451946]
iteration = 266.0 , objective = [1.88582065], inputs = [-0.1777189   0.01        0.10391366  0.3         0.53288306  0.27
  2.          0.60803725  0.09903811  1.50676387  0.66537775  0.72501398
  0.11569449], constraints = [0.12579345969105685, 1.0474782985082172, 0.12579345969105685, 0.40356570691110477, 0.40356570691110477, 26.324492443291973, 0.9177447167088384, 3.289272174377985]
iteration = 267.0 , objective = [1.50209125], inputs = [-0.14606455  0.01        0.1149249   0.35540998  0.56524969  0.21927255
  1.99634866  0.74334344  0.07537914  1.17318893  0.7755955   0.65475449
  0.16955312], constraints = [0.38099259637664123, 1.372763532439928, 0.38099259637664123, 0.35867015609222624, 0.35867015609222624, 19.38547388187703, 1.1845592685454012, 2.685634346510669]
iteration = 268.0 , objective = [0.32858609], inputs = [-0.08303821  0.01        0.13684915  0.46573568  0.62969426  0.11827013
  1.98907856  1.0127489   0.02827226  0.50901449  0.99504787  0.51486221
  0.27678997], constraints = [0.4645625662883949, 0.9504533784569638, 0.4645625662883949, 0.24291215513344108, 0.24291215513344108, 29.84791617368009, 1.9326488674167772, 1.964039219171333]
iteration = 269.0 , objective = [0.33091936], inputs = [-0.08239996  0.01        0.13809685  0.46585307  0.63063703  0.11827013
  1.98907856  1.01277575  0.02823334  0.50711022  0.99605173  0.51478194
  0.27609259], constraints = [0.4645674120711375, 0.9543809564661716, 0.4645674120711375, 0.2425995436270155, 0.2425995436270155, 29.847906813639838, 1.9349002966943945, 1.9639871541110825]
iteration = 270.0 , objective = [1.95436674], inputs = [-0.19527608  0.01        0.07016998  0.3         0.49137355  0.27
  2.          0.54259625  0.09728205  1.57079633  0.55287575  0.66773253
  0.1110071 ], constraints = [0.021687610509062056, 0.637574160145783, 0.021687610509062056, 0.4164873646091295, 0.4164873646091295, 312.1337655792697, 0.8279898352978841, 3.6859819770522506]
iteration = 271.0 , objective = [1.5120861], inputs = [-0.15786346  0.01        0.09239637  0.35524523  0.53748046  0.21942338
  1.99635952  0.6993138   0.07427878  1.21686905  0.70026646  0.61677576
  0.16626806], constraints = [0.3589235555265178, 1.119008500391872, 0.3589235555265178, 0.36005013769944944, 0.36005013769944944, 13.793288539628435, 1.1353663759238137, 2.854740630365238]
iteration = 272.0 , objective = [0.32858328], inputs = [-0.08303859  0.01        0.13684892  0.46573512  0.62969379  0.11827064
  1.9890786   1.01274732  0.02827249  0.50901807  0.99504638  0.51486273
  0.27678942], constraints = [0.46456437097049064, 0.9504582458867279, 0.46456437097049064, 0.24291308945984727, 0.24291308945984727, 29.847819617402802, 1.9326440386722854, 1.964042328662281]
iteration = 273.0 , objective = [0.32795626], inputs = [-0.08312271  0.01        0.13679895  0.4656109   0.62959012  0.11838437
  1.98908678  1.01239494  0.02832421  0.50981387  0.99471498  0.51497731
  0.27666516], constraints = [0.46496512639690407, 0.9515401513632687, 0.46496512639690407, 0.24312066886841543, 0.24312066886841543, 29.826427877169436, 1.931570511645951, 1.9647340273308982]
iteration = 274.0 , objective = [0.31806468], inputs = [-0.08437644  0.01        0.13605412  0.46375959  0.62804504  0.12007923
  1.98920878  1.0071432   0.02909507  0.52167428  0.98977579  0.51668491
  0.27481332], constraints = [0.4708022663572876, 0.9674759526147663, 0.4708022663572876, 0.2461710888401581, 0.2461710888401581, 29.52439142320251, 1.9156274286829849, 1.9751002483668696]
iteration = 275.0 , objective = [0.31837889], inputs = [-0.08416632  0.01        0.13645645  0.46375959  0.62853997  0.12007923
  1.98920878  1.00792346  0.02913199  0.52091081  0.99111717  0.51737897
  0.27486921], constraints = [0.4708022533468982, 0.969616578705193, 0.4708022533468982, 0.24643639840614698, 0.24643639840614698, 29.522952531165977, 1.9156502628974688, 1.973571264994388]
iteration = 276.0 , objective = [1.72675368], inputs = [ 0.17300116  0.01        0.52359878  0.3         0.79558907  0.27
  2.          0.50820575  0.0975137   0.86737414  0.68689427  0.74039846
 -0.41212686], constraints = [0.39359908968002955, 8.837923965229633, 0.39359908968002955, 0.42978698018622224, 0.42978698018622224, 103.91160443267631, 0.9277359478297929, 3.9354139369918215]
iteration = 277.0 , objective = [0.31491226], inputs = [-0.0833302   0.01        0.1376295   0.4630939   0.62872611  0.12068866
  1.98925265  1.00511501  0.02937319  0.52307955  0.98854457  0.51759431
  0.2720209 ], constraints = [0.4729421168923899, 0.9796161766005737, 0.4729421168923899, 0.2472605868442212, 0.2472605868442212, 29.412430121158685, 1.9098829962108197, 1.9791293782154058]
iteration = 278.0 , objective = [0.31478094], inputs = [-0.08482647  0.01        0.1357863   0.4630939   0.62748947  0.12068866
  1.98925265  1.00525481  0.02939662  0.52593897  0.98799978  0.51730992
  0.27414744], constraints = [0.4729361209826469, 0.973358675944236, 0.4729361209826469, 0.24743954487502642, 0.24743954487502642, 29.411407037598174, 1.9098798382119195, 1.9788541465687597]
iteration = 279.0 , objective = [1.92243614], inputs = [-0.24033148  0.01       -0.05472228  0.3         0.4240582   0.27
  2.          0.35461441  0.09878421  1.57079633  0.25        0.43721348
  0.17823388], constraints = [0.029670427718554826, -0.022419621387680482, 0.029670427718554826, 0.5239060723319903, 0.5239060723319903, 1.8696461259155959, 0.5718030494832381, 5.639928713107976]
iteration = 280.0 , objective = [0.31491038], inputs = [-0.08333063  0.01        0.13762896  0.46309345  0.62872554  0.12068908
  1.98925268  1.0051132   0.02937339  0.52308247  0.98854251  0.51759408
  0.27202064], constraints = [0.4729435846624799, 0.9796192581823658, 0.4729435846624799, 0.24726136872866716, 0.24726136872866716, 29.412351554680605, 1.9098798485485982, 1.9791329750391067]
iteration = 281.0 , objective = [0.31434581], inputs = [-0.08346163  0.01        0.13746846  0.46295736  0.62855477  0.12081366
  1.98926164  1.00457043  0.0294313   0.52395668  0.98792628  0.51752702
  0.27194238], constraints = [0.4733828006715011, 0.9805410342041256, 0.4733828006715011, 0.24749542851438575, 0.24749542851438575, 29.38889337124988, 1.9089366283840532, 1.980211233835378]
iteration = 282.0 , objective = [0.303871], inputs = [-0.08572824  0.01        0.13469151  0.4606028   0.6256      0.12296925
  1.9894168   0.99517923  0.03043338  0.53908244  0.977264    0.51636657
  0.27058839], constraints = [0.48080577239729605, 0.9958702645044979, 0.48080577239729605, 0.25148135064124005, 0.25148135064124005, 29.005871596756606, 1.8925779864117047, 1.9990537833486688]
iteration = 283.0 , objective = [0.30272748], inputs = [-0.07941745  0.01        0.14352481  0.4606028   0.63127478  0.12296925
  1.9894168   0.99752519  0.03044137  0.52833833  0.98393715  0.52101796
  0.26157119], constraints = [0.480839704400962, 1.0258063145332001, 0.480839704400962, 0.25146115531955915, 0.25146115531955915, 29.024669332374252, 1.8884898711335334, 1.994352442913849]
iteration = 284.0 , objective = [nan], inputs = [-0.17105719  0.01        0.43563609  0.3         0.48210437  0.27
  2.          0.40166325  0.1051342   1.57079633  0.40209754  0.59240796
  0.03027642], constraints = [-0.02508082950287084, 2.0603287064617524, -0.02508082950287084, 0.5097140878147542, 0.5097140878147542, 24.56451508327948, 0.678751082433585, 4.979295492919837]
iteration = 285.0 , objective = [0.33100401], inputs = [-0.09426114  0.01        0.16478596  0.44454252  0.61125044  0.13767233
  1.99047512  0.93582763  0.03790346  0.64225383  0.91974735  0.52397071
  0.24655719], constraints = [0.5222040612134307, 1.1791079113997258, 0.5222040612134307, 0.2800580772067917, 0.2800580772067917, 27.25495365003479, 1.7553411702807058, 2.1269676775106525]
iteration = 286.0 , objective = [0.29249364], inputs = [-0.08691179  0.01        0.13886572  0.45837518  0.62360966  0.12500862
  1.98956359  0.98694694  0.03146951  0.55339269  0.96928623  0.51742129
  0.26725517], constraints = [0.48780585395731313, 1.022196720834905, 0.48780585395731313, 0.25578689933972854, 0.25578689933972854, 28.64568930862217, 1.8733017911705783, 2.0158769499859477]
iteration = 287.0 , objective = [0.29443635], inputs = [-0.08788012  0.01        0.13206427  0.45837518  0.62280454  0.12500862
  1.98956359  0.98629436  0.03147044  0.55339269  0.96717658  0.51524848
  0.2693074 ], constraints = [0.4878383883297569, 1.0104292826925805, 0.4878383883297569, 0.2558177514268482, 0.2558177514268482, 28.638013091840534, 1.8771071126180727, 2.0172107610892778]
iteration = 288.0 , objective = [1.79541163], inputs = [-0.16723856  0.01        0.52359878  0.3         0.5031392   0.27
  2.          0.63476079  0.12384357  1.45704314  0.99444776  0.91017013
  0.15420525], constraints = [0.21200867938026025, 3.022294755371571, 0.21200867938026025, 0.47903983092098, 0.47903983092098, 95464.57717089013, 1.092595460994099, 3.150793227002424]
iteration = 289.0 , objective = [1.44160185], inputs = [-0.14046297  0.01        0.39535442  0.35279173  0.54329602  0.22166954
  1.9965212   0.75215618  0.09305222  1.15582632  0.98606058  0.77925385
  0.19188856], constraints = [0.42060066123150835, 2.648187138725077, 0.42060066123150835, 0.42606143032852606, 0.42606143032852606, 41.410044716392505, 1.265390707763413, 2.6543971304214824]
iteration = 290.0 , objective = [0.28111769], inputs = [-0.08816495  0.01        0.14486786  0.4559044   0.62173023  0.1272706
  1.98972641  0.98145256  0.03291062  0.56749035  0.96967877  0.52354848
  0.26549151], constraints = [0.4955296547238487, 1.0549554836831838, 0.4955296547238487, 0.26244148791190913, 0.26244148791190913, 28.24586470755987, 1.8521279338936152, 2.027328155527225]
iteration = 291.0 , objective = [0.28045896], inputs = [-0.08822653  0.01        0.14349557  0.4559044   0.62140207  0.1272706
  1.98972641  0.97781606  0.03273753  0.56926499  0.96043764  0.51861541
  0.26355812], constraints = [0.4955341010462149, 1.0521631185621365, 0.4955341010462149, 0.2612989577344771, 0.2612989577344771, 28.246887023311373, 1.851926528094728, 2.034867805580442]
iteration = 292.0 , objective = [1.82706528], inputs = [-0.17573282  0.01        0.52359878  0.3         0.56294372  0.27
  2.          0.68401423  0.13547991  1.46133961  0.99252957  0.91809754
  0.17910192], constraints = [0.21506805295292358, 3.8539850897510735, 0.21506805295292358, 0.507550146479348, 0.507550146479348, 43.50716952375443, 1.0810720317330902, 2.923915760103308]
iteration = 293.0 , objective = [0.28111769], inputs = [-0.08816495  0.01        0.14486786  0.4559044   0.62173023  0.1272706
  1.98972641  0.98145256  0.03291062  0.56749035  0.96967877  0.52354848
  0.26549151], constraints = [0.49552965647791325, 1.0549554919204163, 0.49552965647791325, 0.26244148963857017, 0.26244148963857017, 28.24586461352017, 1.8521279291922064, 2.0273281576999196]
iteration = 294.0 , objective = [0.281117], inputs = [-0.08816505  0.01        0.14486829  0.45590422  0.62173016  0.12727077
  1.98972642  0.98145222  0.03291073  0.56749137  0.96967879  0.52354893
  0.26549141], constraints = [0.4955302314547377, 1.0549581920671878, 0.4955302314547377, 0.26244205563327394, 0.26244205563327394, 28.24583378769286, 1.8521263880827434, 2.0273288699045384]
iteration = 295.0 , objective = [0.28079544], inputs = [-0.08821179  0.01        0.14507046  0.455821    0.62169878  0.12734695
  1.98973191  0.98129345  0.03296549  0.56796851  0.96969099  0.52375954
  0.26544529], constraints = [0.495799175712616, 1.0562230345525885, 0.495799175712616, 0.26270696933614524, 0.26270696933614524, 28.231417237523566, 1.8514049149522542, 2.0276624782572243]
iteration = 296.0 , objective = [0.27325615], inputs = [-0.08922311  0.01        0.1494444   0.45402046  0.62101986  0.12899533
  1.98985056  0.97785835  0.03415005  0.57829153  0.9699549   0.52831617
  0.26444758], constraints = [0.5014613346148068, 1.0835649110593755, 0.5014613346148068, 0.2683592467430224, 0.2683592467430224, 27.934250266287428, 1.83593640611734, 2.0349067552109816]
iteration = 297.0 , objective = [0.27309397], inputs = [-0.08910399  0.01        0.1494444   0.45402046  0.62029719  0.12899533
  1.98985056  0.97726317  0.03411843  0.57823962  0.96997807  0.52832869
  0.26414673], constraints = [0.5014635479694481, 1.0807952499070947, 0.5014635479694481, 0.2681516572529248, 0.2681516572529248, 27.93566828463828, 1.8359367896563026, 2.0361460557133055]
iteration = 298.0 , objective = [1.81168958], inputs = [ 0.19474268  0.01       -0.46870128  0.3         0.3         0.27
  2.          1.37778962  0.16032292 -0.52972256  1.09360665  0.3011962
  0.25997401], constraints = [0.2268034274061366, -0.6823500321277578, 0.2268034274061366, 0.5600760158651391, 0.5600760158651391, 13.727720162093894, 3.630877987455945, 1.4516004245233485]
iteration = 299.0 , objective = [0.27325766], inputs = [-0.08922213  0.01        0.14944228  0.45401994  0.62101876  0.12899581
  1.98985059  0.97785972  0.03415049  0.57828772  0.96995532  0.52831539
  0.26444757], constraints = [0.5014630490408242, 1.0835650785661053, 0.5014630490408242, 0.26836141889819143, 0.26836141889819143, 27.9341583316236, 1.8359399251963628, 2.034903928863752]
iteration = 300.0 , objective = [0.27366018], inputs = [-0.08895883  0.01        0.14886912  0.45387713  0.6207211   0.12912656
  1.98986     0.97823054  0.03426748  0.57726036  0.97006997  0.5281048
  0.26444342], constraints = [0.5019245679386504, 1.0836056281411979, 0.5019245679386504, 0.26894643754107056, 0.26894643754107056, 27.909493727515297, 1.8368891319681273, 2.034142168688572]
iteration = 301.0 , objective = [0.27272942], inputs = [-0.08930251  0.01        0.14979261  0.45387713  0.62096581  0.12912656
  1.98986     0.97758488  0.03425103  0.57911335  0.9699759   0.52868539
  0.26436816], constraints = [0.5019243084063956, 1.0858099026160375, 0.5019243084063956, 0.2688513681717933, 0.2688513681717933, 27.909463531825896, 1.8346939798090387, 2.0354856572540987]
iteration = 302.0 , objective = [1.77746406], inputs = [-0.20973941  0.01        0.52359878  0.3         0.3         0.25908847
  2.          0.53196508  0.14219955  1.57079633  1.11056365  0.9889444
  0.20940558], constraints = [0.2164682349158934, 1.0002849792185604, 0.2164682349158934, 0.5844502153782622, 0.5844502153782622, 62183.48312119171, 1.1229788558371854, 3.7596452579682915]
iteration = 303.0 , objective = [1.41734219], inputs = [-0.1694792   0.01        0.39868884  0.3512924   0.40690708  0.21576782
  1.99662     0.6807203   0.10622218  1.23961753  1.06373241  0.83533114
  0.22775153], constraints = [0.4079823566952314, 1.4525320272005877, 0.4079823566952314, 0.4998564111514369, 0.4998564111514369, 58.424719999379384, 1.2734260190119453, 2.93309896253913]
iteration = 304.0 , objective = [0.68601361], inputs = [-0.12483448  0.01        0.26017568  0.40817075  0.52545679  0.16772936
  1.9928719   0.84567559  0.06632672  0.87237195  1.01180104  0.66498874
  0.24809544], constraints = [0.548787404380929, 1.5321248999141974, 0.548787404380929, 0.39558834618088906, 0.39558834618088906, 30.454985266872846, 1.5215310941111602, 2.356544189749268]
iteration = 305.0 , objective = [0.26757169], inputs = [-0.09010796  0.01        0.15243436  0.45241311  0.61766971  0.13036304
  1.98995647  0.9739847   0.03529436  0.58671302  0.97140665  0.53248931
  0.26391978], constraints = [0.5065532477397754, 1.0968871989944653, 0.5065532477397754, 0.27413773178036954, 0.27413773178036954, 27.668052431304382, 1.8242744831551596, 2.043108551491031]
iteration = 306.0 , objective = [0.2774396], inputs = [-0.08626034  0.01        0.14299346  0.45241311  0.61766971  0.13046685
  1.98995647  0.981972    0.0354683   0.56672834  0.97124532  0.52594596
  0.2644009 ], constraints = [0.5065909968284281, 1.083346920094361, 0.5065909968284281, 0.27488348891988307, 0.27488348891988307, 27.672139600910185, 1.8466637242941384, 2.0264900412796907]
iteration = 307.0 , objective = [1.77955072], inputs = [-0.18315179  0.01        0.52359878  0.3         0.3         0.26697837
  2.          0.37773484  0.13630093  1.57079633  1.18732621  1.03739225
  0.14238985], constraints = [0.15515268493620385, 1.0498788218063024, 0.15515268493620385, 0.6303883939950284, 0.6303883939950284, 14965.36260402119, 1.144529670507342, 5.294719463549538]
iteration = 308.0 , objective = [1.07945123], inputs = [-0.13662987  0.01        0.33801657  0.37620656  0.45883485  0.1986707
  1.99497824  0.67585977  0.08579765  1.07875467  1.07936643  0.78494078
  0.20315481], constraints = [0.4967672149091922, 1.6004121684788692, 0.4967672149091922, 0.44764058624505776, 0.44764058624505776, 57.21098194722954, 1.3750928249087468, 2.951763553317923]
iteration = 309.0 , objective = [0.32861597], inputs = [-0.09774472  0.01        0.18289841  0.43990351  0.59159634  0.14157601
  1.99078082  0.92504632  0.04358467  0.66748359  0.98912867  0.57393021
  0.25394497], constraints = [0.5391465515465502, 1.1972275860910107, 0.5391465515465502, 0.3108560614555514, 0.3108560614555514, 26.688940470485704, 1.7234302405740132, 2.1520877032067323]
iteration = 310.0 , objective = [0.26442878], inputs = [-0.09059586  0.01        0.15438066  0.45161389  0.61600392  0.13107941
  1.99000914  0.97085811  0.03582402  0.59187333  0.97253888  0.5351369
  0.26328251], constraints = [0.5091062688438064, 1.10433261876358, 0.5091062688438064, 0.27665923523232167, 0.27665923523232167, 27.534546812219396, 1.8173646479902894, 2.0497425220333274]
iteration = 311.0 , objective = [1.38855995], inputs = [-0.17887987  0.01        0.52359878  0.33461469  0.43787342  0.27
  2.          0.38046318  0.11961553  1.48596626  1.21111021  1.02497403
  0.16051407], constraints = [0.3326474864889545, 2.390031147422834, 0.3326474864889545, 0.5708946750301181, 0.5708946750301181, 94859.83105010353, 1.181600868132883, 5.256750450725836]
iteration = 312.0 , objective = [0.96660503], inputs = [-0.14945187  0.01        0.40052607  0.37361442  0.49725025  0.22369314
  1.99666971  0.57726149  0.09168503  1.18793528  1.13158643  0.86169499
  0.19477022], constraints = [0.49416812965175244, 2.298373718234689, 0.49416812965175244, 0.4499789292774967, 0.4499789292774967, 82.2060067474332, 1.31320995078489, 3.4588652558201836]
iteration = 313.0 , objective = [0.2644244], inputs = [-0.09060366  0.01        0.15441327  0.45160356  0.61598819  0.13109168
  1.99001002  0.97080596  0.03583142  0.59195229  0.97255995  0.53518016
  0.26327343], constraints = [0.509149617788782, 1.1044891551972227, 0.509149617788782, 0.27669019644312964, 0.27669019644312964, 27.5322223097867, 1.817257109245155, 2.049853525504507]
iteration = 314.0 , objective = [0.26428348], inputs = [-0.09094235  0.01        0.15582974  0.4511547   0.61530481  0.13162464
  1.99004835  0.96854097  0.03615287  0.59538239  0.97347521  0.53705937
  0.26287917], constraints = [0.511019611833244, 1.1112793570141326, 0.511019611833244, 0.27803011126685895, 0.27803011126685895, 27.43365251989666, 1.812602588135536, 2.054686803388861]
iteration = 315.0 , objective = [0.26569307], inputs = [-0.09316815  0.01        0.1651384   0.44820494  0.61081382  0.13512708
  1.99030024  0.95365604  0.03826541  0.61792409  0.97949003  0.54940906
  0.26028819], constraints = [0.5226697071793638, 1.1551338933168451, 0.5226697071793638, 0.2866030838247216, 0.2866030838247216, 26.89956843056013, 1.782806479632055, 2.0870210528340354]
iteration = 316.0 , objective = [1.38502779], inputs = [ 0.28936373  0.01       -0.52359878  0.3         0.85        0.27
  2.          0.25        0.10972294 -0.05712486  0.87365429  0.58913088
 -0.17447997], constraints = [0.7752536779199918, 0.44160516424535684, 0.7752536779199918, 0.670880083043672, 0.670880083043672, 22.779019490275335, 1.4829544965849761, 8.0]
iteration = 317.0 , objective = [0.36063233], inputs = [-0.00636911  0.01        0.00885932  0.41457625  0.66508676  0.16573065
  1.99250118  0.79399178  0.0544796   0.46475097  0.95547519  0.5584222
  0.16163639], constraints = [0.6207291434130601, 1.402275795953217, 0.6207291434130601, 0.3393416644775103, 0.3393416644775103, 23.245684011121355, 1.7110264981951013, 2.509473316022471]
iteration = 318.0 , objective = [0.26839171], inputs = [-0.08047564  0.01        0.14228591  0.44328746  0.61875008  0.1396022
  1.99062208  0.93030854  0.04063639  0.59552578  0.97597837  0.55072704
  0.24586246], constraints = [0.5382882539051014, 1.224134724642673, 0.5382882539051014, 0.2950347368873014, 0.2950347368873014, 26.10273579734669, 1.7721635231875026, 2.139743953946346]
iteration = 319.0 , objective = [1.29009032], inputs = [ 0.27591257  0.01        0.52359878  0.30631699  0.85        0.27
  2.          0.25        0.12397236  0.36954499  0.82919834  0.86324606
 -0.31993593], constraints = [0.8067943188458886, 13.168098333957627, 0.8067943188458886, 0.7153124545078792, 0.7153124545078792, 72.41900208236461, 0.9605584922422552, 8.0]
iteration = 320.0 , objective = [0.41378228], inputs = [0.01690056 0.01       0.24647229 0.40586292 0.68193466 0.17523088
 1.99318442 0.74442736 0.06340634 0.53378089 0.93587356 0.63611683
 0.09126897], constraints = [0.6494462883115463, 2.9587678328010583, 0.6494462883115463, 0.3749528800519657, 0.3749528800519657, 25.260439117768193, 1.4712290384334, 2.677473355061428]
iteration = 321.0 , objective = [0.28202114], inputs = [-0.06095576  0.01        0.16317095  0.4357854   0.63141596  0.14674427
  1.99113572  0.89304709  0.04520082  0.5831485   0.96793902  0.56784414
  0.21487289], constraints = [0.5628844301287066, 1.431235755219967, 0.5628844301287066, 0.3127340449238331, 0.3127340449238331, 25.016693100344472, 1.7045857183989088, 2.229597689319178]
iteration = 322.0 , objective = [1.1708064], inputs = [ 0.52359878  0.01       -0.20587246  0.3         0.85        0.27
  2.          0.25        0.11280644 -0.51647383  1.18351678  0.94723305
 -0.4180017 ], constraints = [1.0985376088953684, 5.110101572911463, 1.0985376088953684, 0.6805514435847978, 0.6805514435847978, 456.3113344271553, 1.2494462500623278, 8.0]
iteration = 323.0 , objective = [0.49850393], inputs = [ 0.2160468   0.01       -0.01170746  0.37144084  0.73499627  0.2051514
  1.99533623  0.58832669  0.07723706  0.06207103  1.07009474  0.74762497
 -0.08502707], constraints = [0.8336227309771983, 2.7354605895432926, 0.8336227309771983, 0.4172356010356298, 0.4172356010356298, 68.65991037300526, 1.4313255774094613, 3.391544622179434]
iteration = 324.0 , objective = [0.31800056], inputs = [0.03369919 0.01       0.103413   0.41379813 0.66681054 0.16670266
 1.99257108 0.78892064 0.05614797 0.40509036 1.0028468  0.62927731
 0.11239364], constraints = [0.6430061771602704, 1.8385671064837015, 0.6430061771602704, 0.3472440726450309, 0.3472440726450309, 26.285963996256342, 1.5936484308731318, 2.525692678812076]
iteration = 325.0 , objective = [0.28244785], inputs = [-0.05930242  0.01        0.16212716  0.43540135  0.6320342   0.14709288
  1.99116079  0.89122831  0.04539203  0.58003836  0.96854875  0.5689172
  0.21308289], constraints = [0.5641236393649758, 1.4383227298896584, 0.5641236393649758, 0.31336799855482284, 0.31336799855482284, 24.95100431053065, 1.7024423914530413, 2.2341758736091846]
iteration = 326.0 , objective = [1.02439417], inputs = [ 0.52359878  0.01        0.146226    0.30456792  0.85        0.27
  2.          0.25        0.11520222 -0.42094656  1.35402461  1.14601156
 -0.43404597], constraints = [1.1981249738101327, 10.81077207182786, 1.1981249738101327, 0.6880441555075637, 0.6880441555075637, 633.3915552857765, 1.18151042511648, 8.0]
iteration = 327.0 , objective = [0.40052244], inputs = [ 0.20853392  0.01        0.15482076  0.3752849   0.73218696  0.20356728
  1.99522231  0.59659134  0.077469    0.1200974   1.14567044  0.83408537
 -0.08426532], constraints = [0.8650020123381789, 3.7428015736393143, 0.8650020123381789, 0.41871386748026046, 0.41871386748026046, 79.96178296527164, 1.3735649681326734, 3.3443702149137975]
iteration = 328.0 , objective = [0.30140638], inputs = [0.04412767 0.01       0.15930566 0.41218624 0.67071009 0.16890154
 1.99272922 0.77744865 0.05777916 0.40242342 1.03694766 0.67131692
 0.09825623], constraints = [0.6601041560053945, 2.0715351604498924, 0.6601041560053945, 0.35323019848976667, 0.35323019848976667, 28.56317465166981, 1.5446469805983367, 2.5631650733372937]
iteration = 329.0 , objective = [0.28357624], inputs = [-0.05394048  0.01        0.16198089  0.43419785  0.6340392   0.14822347
  1.9912421   0.88532984  0.0460342   0.57083058  0.97209464  0.57422572
  0.20713013], constraints = [0.5681851015993407, 1.4667945697244105, 0.5681851015993407, 0.3155504802668654, 0.3155504802668654, 24.755566313805126, 1.6928789412242236, 2.2491528290416665]
iteration = 330.0 , objective = [0.28388756], inputs = [-0.05394048  0.01        0.15874204  0.43415583  0.6340392   0.14822347
  1.9912421   0.88532984  0.04601709  0.56995186  0.97068848  0.57250133
  0.20727772], constraints = [0.5681642984605026, 1.4613065739311801, 0.5681642984605026, 0.3154437935688634, 0.3154437935688634, 24.750199795000896, 1.6955217838675263, 2.2491528290416665]
iteration = 331.0 , objective = [1.18641247], inputs = [ 0.39007079  0.01        0.52359878  0.30117264  0.85        0.27
  2.          0.25        0.13442412  0.04291646  1.31025545  1.17860597
 -0.37011452], constraints = [1.049987504615722, 14.373023488419106, 1.049987504615722, 0.7474846264882932, 0.7474846264882932, 219.08356058602868, 1.1116993174754763, 8.0]
iteration = 332.0 , objective = [0.51332441], inputs = [ 0.14509428  0.01        0.32408157  0.37456729  0.73084689  0.20281164
  1.99516796  0.60053364  0.08565631  0.3341851   1.12368033  0.8451483
 -0.0516285 ], constraints = [0.8016422496341895, 5.3784953718223045, 0.8016422496341895, 0.45486076181478263, 0.45486076181478263, 47.00855901232683, 1.329565863295152, 3.322325083806958]
iteration = 333.0 , objective = [0.30159004], inputs = [-0.02344694  0.01        0.18681587  0.42506202  0.64887083  0.15658677
  1.99184357  0.84169704  0.05210459  0.53457482  0.99531864  0.61573298
  0.16748647], constraints = [0.5989892537776758, 1.7557339663129616, 0.5989892537776758, 0.3389331844869634, 0.3389331844869634, 24.031217642889388, 1.6164777023246004, 2.366461425905715]
iteration = 334.0 , objective = [0.28438137], inputs = [-0.05239292  0.01        0.16324128  0.4337342   0.63479192  0.14864791
  1.99127263  0.88311545  0.04634227  0.56899059  0.97327326  0.57633223
  0.2051182 ], constraints = [0.5696930126496123, 1.4802585563704014, 0.5696930126496123, 0.3167814186744107, 0.3167814186744107, 24.67599258310679, 1.688736471046313, 2.2548270681906]
iteration = 335.0 , objective = [0.91497241], inputs = [ 0.37677544  0.01        0.52359878  0.30971666  0.64376799  0.27
  2.          0.25        0.12829877 -0.00301337  1.84799756  1.5
 -0.25880708], constraints = [1.204521809993983, 8.244611269779677, 1.204521809993983, 0.7286723567364101, 0.7286723567364101, 387.44983255126033, 1.2319983738293452, 8.0]
iteration = 336.0 , objective = [0.35428558], inputs = [ 1.38463389e-01  1.00000000e-02  3.23496570e-01  3.78582117e-01
  6.38783682e-01  2.02614638e-01  1.99515379e+00  6.01561433e-01
  8.27893073e-02  3.14613582e-01  1.36227363e+00  9.87098346e-01
 -1.19492661e-03], constraints = [0.8596915876515899, 4.107926918064916, 0.8596915876515899, 0.4424401187595573, 0.4424401187595573, 67.61249218449103, 1.3800789295661653, 3.3166251806100115]
iteration = 337.0 , objective = [0.29060229], inputs = [-1.62863312e-03  1.00000000e-02  2.05866251e-01  4.19064755e-01
  6.35853652e-01  1.63002073e-01  1.99230495e+00  8.08227238e-01
  5.60365158e-02  5.01330962e-01  1.07674024e+00  6.85588500e-01
  1.50242685e-01], constraints = [0.6299784621368578, 1.9413017108768877, 0.6299784621368578, 0.3517814229887938, 0.3517814229887938, 25.787769484750232, 1.570534276208177, 2.4650306925576984]
iteration = 338.0 , objective = [0.28508477], inputs = [-0.04957149  0.01        0.16561033  0.43291889  0.63485093  0.1494457
  1.99133     0.87895325  0.04688107  0.56523014  0.97902384  0.58240458
  0.20206828], constraints = [0.572552746551162, 1.4983308805868625, 0.572552746551162, 0.3188324546672199, 0.3188324546672199, 24.53580332702291, 1.6810030054767184, 2.265569875250669]
iteration = 339.0 , objective = [0.28591379], inputs = [-0.04948409  0.01        0.16561033  0.43286272  0.63620673  0.1494457
  1.99133     0.87895325  0.04692657  0.56553209  0.97555979  0.5803533
  0.20133653], constraints = [0.5725325378776356, 1.505570238002097, 0.5725325378776356, 0.3191135182027496, 0.3191135182027496, 24.530621117744055, 1.6809756713781252, 2.265569875250669]
iteration = 340.0 , objective = [1.11725875], inputs = [ 0.45547284  0.01       -0.00567631  0.30383784  0.3         0.27
  2.          0.25        0.13269269 -0.07226648  1.19179638  1.11815263
 -0.49299199], constraints = [1.0894766965282294, 0.7489024163445249, 1.0894766965282294, 0.7421791782566002, 0.7421791782566002, 263.0741261245208, 1.0658619801964457, 8.0]
iteration = 341.0 , objective = [0.51625524], inputs = [ 0.1962234   0.01        0.08224857  0.37009774  0.47188573  0.20811705
  1.99554952  0.57285438  0.08864385  0.25497338  1.08257595  0.84314235
 -0.13620354], constraints = [0.8344143213311613, 1.30416433605623, 0.8344143213311613, 0.4654039864826353, 0.4654039864826353, 54.16911140798504, 1.2839776580896591, 3.4835196916893394]
iteration = 342.0 , objective = [0.32266525], inputs = [0.02340238 0.01       0.14086111 0.41426796 0.58646831 0.16686459
 1.99258273 0.78807578 0.05927999 0.47311824 1.00976735 0.65981483
 0.101639  ], constraints = [0.639964802037824, 1.4954081503367733, 0.639964802037824, 0.36413915895433385, 0.36413915895433385, 24.79739971261015, 1.5303799026918665, 2.5284151506500727]
iteration = 343.0 , objective = [0.28715298], inputs = [-0.04440284  0.01        0.16385737  0.43159787  0.63142404  0.15067946
  1.99141873  0.87251651  0.04775927  0.55870597  0.98120137  0.58788745
  0.194955  ], constraints = [0.5769546232497078, 1.5006098313714487, 0.5769546232497078, 0.3222505811890636, 0.3222505811890636, 24.317962342245828, 1.6690292808563403, 2.2823851626584473]
iteration = 344.0 , objective = [0.60124726], inputs = [ 0.52359878  0.01       -0.22576134  0.31964418  0.3         0.25823921
  2.          0.25        0.11883678 -0.44615298  1.92870029  1.5
 -0.40318771], constraints = [1.3121076546603714, 0.44745938472206315, 1.3121076546603714, 0.7161681322681837, 0.7161681322681837, 785.3978348622254, 1.285800194973438, 8.0]
iteration = 345.0 , objective = [0.24891193], inputs = [ 0.28837148  0.01       -0.06440801  0.36600771  0.43725309  0.21369534
  1.99644623  0.50780362  0.08940135 -0.03000936  1.53631126  1.12226558
 -0.15547805], constraints = [1.032741702376672, 0.9391500233328779, 1.032741702376672, 0.4805741434787684, 0.4805741434787684, 184.35680848246784, 1.3689373473436215, 3.9315321112718853]
iteration = 346.0 , objective = [0.27499343], inputs = [0.11234053 0.01       0.0563398  0.40070359 0.53996564 0.1803612
 1.99378678 0.70072943 0.06737352 0.28140926 1.24266925 0.83959025
 0.02989401], constraints = [0.760972702107927, 1.2811231250661719, 0.760972702107927, 0.3915474281472351, 0.3915474281472351, 43.933580772473306, 1.4800901330925438, 2.8453019012236096]
iteration = 347.0 , objective = [0.28595262], inputs = [-0.03675844  0.01        0.15861372  0.43009115  0.6269636   0.15212704
  1.99153422  0.86413842  0.04871586  0.54518216  0.9939532   0.60016304
  0.18690494], constraints = [0.5828430783487112, 1.495117981083754, 0.5828430783487112, 0.32582085845062897, 0.32582085845062897, 24.07367629441422, 1.6561386437572203, 2.304647230127035]
iteration = 348.0 , objective = [0.28989936], inputs = [-0.03767531  0.01        0.16157571  0.42987842  0.6269636   0.15228532
  1.99153422  0.86413842  0.04892402  0.55014261  0.98386304  0.59502398
  0.18569632], constraints = [0.5826945904168239, 1.5028400466680867, 0.5826945904168239, 0.32677296083822144, 0.32677296083822144, 24.04170747657686, 1.6534846999914172, 2.304647230127035]
iteration = 349.0 , objective = [0.41017405], inputs = [ 0.52359878  0.01       -0.13173372  0.33020484  0.3         0.27
  2.          0.25        0.09089695 -0.685321    2.          1.44117378
 -0.28713061], constraints = [1.4420194603943928, 0.5803636943633327, 1.4420194603943928, 0.6111446820816137, 0.6111446820816137, 5362.240064194647, 1.3877576907558562, 8.0]
iteration = 350.0 , objective = [0.38405466], inputs = [ 0.30795187  0.01       -0.01999691  0.36864492  0.42582811  0.22463797
  1.99674204  0.48634398  0.07466405 -0.21177628  1.61283468  1.11752065
 -0.10470358], constraints = [1.0452178955969333, 1.0022316023483797, 1.0452178955969333, 0.4130929281969917, 0.4130929281969917, 303.27918178379645, 1.4432258366143829, 4.105616887984846]
iteration = 351.0 , objective = [0.34247613], inputs = [0.13031471 0.01       0.07204526 0.40030957 0.52947786 0.18727142
 1.99405833 0.68103014 0.06129235 0.17830182 1.29391082 0.85091437
 0.045569  ], constraints = [0.7813428707100366, 1.2916253784070462, 0.7813428707100366, 0.352804154874616, 0.352804154874616, 55.86446495165778, 1.5206122466571683, 2.928003039647222]
iteration = 352.0 , objective = [0.2810758], inputs = [-0.0262949   0.01        0.15319207  0.42822597  0.62085822  0.15432808
  1.9916923   0.85267063  0.0495035   0.52220499  1.0127391   0.61586722
  0.17805329], constraints = [0.5910021590846317, 1.4863311072850938, 0.5910021590846317, 0.3271148960070674, 0.3271148960070674, 23.77157565701166, 1.6444114346741785, 2.335828446195213]
iteration = 353.0 , objective = [0.28435147], inputs = [-0.0262949   0.01        0.15219562  0.42802877  0.62085822  0.15410847
  1.9916923   0.85267063  0.05002025  0.52634014  1.01096699  0.61696568
  0.17588615], constraints = [0.590993214151587, 1.4874756234026136, 0.590993214151587, 0.3306197747599948, 0.3306197747599948, 23.76799738587853, 1.6386113830340219, 2.335828446195213]
iteration = 354.0 , objective = [0.64821499], inputs = [ 0.52359878  0.01       -0.09377555  0.33866608  0.30377562  0.27
  2.          0.25        0.08426223 -0.73222392  2.          1.42925045
 -0.28794313], constraints = [1.4577517086917835, 0.61588323349155, 1.4577517086917835, 0.5898065283698599, 0.5898065283698599, 5315.0306886208455, 1.3993348757362247, 8.0]
iteration = 355.0 , objective = [0.49074888], inputs = [ 3.11812708e-01  1.00000000e-02  1.34156664e-03  3.73159181e-01
  4.25896822e-01  2.25450114e-01  1.99680037e+00  4.82112583e-01
  7.08752520e-02 -2.49093132e-01  1.61976631e+00  1.11598401e+00
 -1.08469254e-01], constraints = [1.0416348480827973, 1.0199422478504712, 1.0416348480827973, 0.39876359296984354, 0.39876359296984354, 295.4901702740924, 1.4514242992875779, 4.141771949120611]
iteration = 356.0 , objective = [0.38273459], inputs = [0.13677916 0.01       0.07995243 0.40166648 0.52682559 0.18863124
 1.994156   0.67394526 0.0598114  0.15019704 1.30551687 0.85708059
 0.03985943], constraints = [0.7814323386517626, 1.2916699096827822, 0.7814323386517626, 0.34471326138931346, 0.34471326138931346, 54.748619814471695, 1.5232136672735974, 2.958928736662683]
iteration = 357.0 , objective = [0.27432769], inputs = [-0.01626533  0.01        0.1486876   0.42659248  0.61507491  0.15643784
  1.99184383  0.84167845  0.05013747  0.49932533  1.03074585  0.6307026
  0.16955393], constraints = [0.5987821899715953, 1.477051313237473, 0.5987821899715953, 0.3276764621630526, 0.3276764621630526, 23.474137859525293, 1.6342819101737693, 2.366513986114736]
iteration = 358.0 , objective = [0.27657212], inputs = [-0.01626533  0.01        0.1486351   0.42643815  0.61500605  0.15643784
  1.99184383  0.84167845  0.05025659  0.49958276  1.03074585  0.63092007
  0.16956875], constraints = [0.5987811094450165, 1.4777952801477874, 0.5987811094450165, 0.3283769608280943, 0.3283769608280943, 23.475279519723678, 1.6337185918654271, 2.366513986114736]
iteration = 359.0 , objective = [3.89200127], inputs = [ 0.44142285  0.01        0.52359878  0.53446382  0.34495995  0.1796266
  1.83522933  0.80043326  0.05221472 -0.78539816  2.          1.05708612
 -0.32769895], constraints = [1.022256671224394, 0.9568331516700973, 1.022256671224394, 0.30420831805997856, 0.30420831805997856, 859.670877637283, 1.891993427123478, 2.292794934688362]
iteration = 360.0 , objective = [2.58538804], inputs = [ 0.2807428   0.01        0.39197915  0.49659356  0.43978889  0.17148575
  1.8902118   0.81491316  0.05148546 -0.3343718   1.65972509  0.90739616
 -0.15312897], constraints = [0.875190322191309, 1.3308457418480655, 0.875190322191309, 0.3115609115504679, 0.3115609115504679, 100.44749518016191, 1.8291074562159897, 2.3195254218334127]
iteration = 361.0 , objective = [1.27754253], inputs = [0.11817632 0.01       0.25881427 0.45827868 0.53573115 0.16324932
 1.94583978 0.82956306 0.05074764 0.12194974 1.31545525 0.7559488
 0.02349052], constraints = [0.7265490959681906, 1.5405010708950027, 0.7265490959681906, 0.3199412559697884, 0.3199412559697884, 26.991820592909043, 1.7401380262903494, 2.3456200819001882]
iteration = 362.0 , objective = [0.29245565], inputs = [-0.00814275  0.01        0.15534113  0.42850687  0.61028119  0.15684937
  1.9890644   0.84094648  0.05017434  0.47652539  1.04794717  0.63826962
  0.1607292 ], constraints = [0.6059418842221195, 1.4677991026101576, 0.6059418842221195, 0.3271867803340401, 0.3271867803340401, 23.100327946941853, 1.6418565878899503, 2.3652687243789807]
iteration = 363.0 , objective = [0.82383642], inputs = [ 0.52359878  0.01        0.46688076  0.31930805  0.72055686  0.27
  2.          0.67157401  0.13037796 -0.78539816  2.          1.40161481
 -0.28261325], constraints = [1.1222818999077717, 8.887081246895344, 1.1222818999077717, 0.49319224982726145, 0.49319224982726145, 7997.38372613912, 1.4269255583350076, 2.97807832230421]
iteration = 364.0 , objective = [0.44774772], inputs = [ 0.31791006  0.01        0.34637073  0.36154843  0.67789993  0.22623097
  1.99576988  0.73709081  0.09935352 -0.2972598   1.6317261   1.10633696
 -0.11111914], constraints = [0.9210019750885097, 5.4096958304600316, 0.9210019750885097, 0.4451089479160334, 0.4451089479160334, 285.11577338430743, 1.4748907032750256, 2.707630923913762]
iteration = 365.0 , objective = [0.28060772], inputs = [0.14451315 0.01       0.24478001 0.39715734 0.64193987 0.1893334
 1.99220386 0.7923219  0.07319973 0.11424395 1.32126886 0.85741585
 0.03345149], constraints = [0.757770555143491, 3.0203971718066396, 0.757770555143491, 0.39210894060839896, 0.39210894060839896, 50.74903461793905, 1.54098953635564, 2.5143869807935975]
iteration = 366.0 , objective = [0.29239983], inputs = [3.43295598e-04 1.00000000e-02 1.60312986e-01 4.26764166e-01
 6.12041077e-01 1.58655134e-01 1.98923892e+00 8.38243464e-01
 5.14543054e-02 4.56386378e-01 1.06314096e+00 6.50451824e-01
 1.53653905e-01], constraints = [0.6123998906393389, 1.513068605058373, 0.6123998906393389, 0.33146497604873076, 0.33146497604873076, 22.834320624048793, 1.6344653414435735, 2.373104000113635]
iteration = 367.0 , objective = [1.0945772], inputs = [ 0.45907622  0.01        0.52359878  0.31446644  0.84040936  0.27
  2.          0.4682219   0.12649838 -0.61216751  1.20478798  0.84183783
 -0.29699716], constraints = [0.9152436669939593, 12.62861063601205, 0.9152436669939593, 0.5413139282330762, 0.5413139282330762, 233.57514927268107, 1.431140227405482, 4.271478929600973]
iteration = 368.0 , objective = [0.42061595], inputs = [ 0.20595975  0.01        0.32314746  0.3764293   0.7144019   0.2085629
  1.99406232  0.67238983  0.08509108 -0.02256826  1.12663097  0.73623619
 -0.04834004], constraints = [0.7828470075515871, 5.022366591417882, 0.7828470075515871, 0.42704529238984007, 0.42704529238984007, 45.158625779596264, 1.53025753437714, 2.965634258885348]
iteration = 369.0 , objective = [0.26749246], inputs = [0.06199603 0.01       0.20913783 0.41167159 0.64273329 0.17361965
 1.99068518 0.78851335 0.06154007 0.31277499 1.08217802 0.6761737
 0.09308735], constraints = [0.6648239687234704, 2.185238083509551, 0.6648239687234704, 0.36337038227981533, 0.36337038227981533, 22.543452462903637, 1.6004438274555928, 2.5246055639592364]
iteration = 370.0 , objective = [0.30337158], inputs = [0.07066773 0.01       0.20001838 0.41295454 0.62662537 0.17361965
 1.99068518 0.81584344 0.0622004  0.28949316 1.18905284 0.75140654
 0.09213171], constraints = [0.674485180878059, 1.9882940626775771, 0.674485180878059, 0.36431061793978753, 0.36431061793978753, 25.602119339293985, 1.5824360978613339, 2.4400333248644577]
iteration = 371.0 , objective = [1.27720227], inputs = [ 0.48627241  0.01        0.11127021  0.3         0.81767843  0.27
  2.          0.25        0.15302423 -0.43339255  0.60125833  0.53478687
 -0.52842187], constraints = [0.8183307557190407, 7.216655612690399, 0.8183307557190407, 0.8038826027486387, 0.8038826027486387, 13.879287785326873, 1.1242952307318472, 8.0]
iteration = 372.0 , objective = [0.55106182], inputs = [ 0.23534199  0.01        0.1691522   0.3660461   0.71421036  0.21299762
  1.99449092  0.56849376  0.09891762  0.00791445  0.88568939  0.6184075
 -0.16084173], constraints = [0.7691950286781268, 3.6834890258027246, 0.7691950286781268, 0.5003597384644588, 0.5003597384644588, 16.97146557441895, 1.4322099821392325, 3.508377855405489]
iteration = 373.0 , objective = [0.32632658], inputs = [ 0.52359878  0.01       -0.03209625  0.33083844  0.85        0.27
  2.          0.25        0.1665786  -0.44014056  1.79547711  1.5
 -0.65540698], constraints = [1.1084863614832783, 6.100405266052025, 1.1084863614832783, 0.844305726515823, 0.844305726515823, 32.2595881729531, 1.1969847429594924, 8.0]
iteration = 374.0 , objective = [0.47331876], inputs = [ 0.31814838  0.01        0.11134036  0.35593213  0.75321811  0.22937247
  1.99607349  0.47700132  0.11835432 -0.12079654  1.1470405   0.87165908
 -0.30291353], constraints = [0.8536752491712035, 4.442222013200361, 0.8536752491712035, 0.5779615202205809, 0.5779615202205809, 16.70096422529488, 1.3159279005200628, 4.184628851318468]
iteration = 375.0 , objective = [0.69498552], inputs = [ 0.31814838  0.01        0.15252467  0.3470733   0.74393322  0.22937247
  1.99607349  0.47700132  0.12812952 -0.03998431  0.80413237  0.5945392
 -0.33637994], constraints = [0.8220730389337141, 4.708945756209734, 0.8220730389337141, 0.6140702246719768, 0.6140702246719768, 15.70212677505256, 1.352530445402977, 4.184628851318468]
iteration = 376.0 , objective = [1.78201077], inputs = [ 0.52359878  0.01        0.39158883  0.40568738  0.85        0.27
  2.          0.25        0.05024371 -0.61358179  1.26268089  1.5
 -0.7337165 ], constraints = [1.2523982676208227, 10.09419381594711, 1.2523982676208227, 0.4779811026619706, 0.4779811026619706, 35.41081911985629, 0.8417872593350388, 8.0]
iteration = 377.0 , objective = [0.55949188], inputs = [ 0.39032863  0.01        0.20979919  0.37341249  0.7872202   0.24364601
  1.99745298  0.39724965  0.09442523 -0.29392526  1.18766808  1.09241216
 -0.45426621], constraints = [0.9380958699959395, 5.600918533108102, 0.9380958699959395, 0.510990657726251, 0.510990657726251, 16.083031473221492, 1.0871977876812058, 5.0282058078878]
iteration = 378.0 , objective = [0.27084583], inputs = [ 0.45824248  0.01        0.06118072  0.33669697  0.85        0.27
  2.          0.25        0.17031902 -0.46018733  1.946555    1.5
 -0.54446374], constraints = [0.9254996194851965, 6.588775209665727, 0.9254996194851965, 0.8553623108516867, 0.8553623108516867, 6.822490454429041, 1.2977033308544275, 8.0]
iteration = 379.0 , objective = [0.32874664], inputs = [ 0.31438681  0.01        0.33865358  0.35208161  0.3         0.27
  2.          0.25        0.07981915  0.13241762  0.25        0.3774533
 -0.39548374], constraints = [0.9543634567700062, 1.029541151038547, 0.9543634567700062, 0.5754323083082089, 0.5754323083082089, 32.11884045467141, 0.6623335878375832, 8.0]
iteration = 380.0 , objective = [0.29417376], inputs = [ 0.39621673  0.01        0.18081773  0.34333031  0.61285841  0.27
  2.          0.25        0.1312985  -0.20467591  1.21505728  1.01599544
 -0.48022855], constraints = [0.9368551398182101, 3.9035866774384687, 0.9368551398182101, 0.7379001734737893, 0.7379001734737893, 8.040938511790685, 1.1959278803086812, 8.0]
iteration = 381.0 , objective = [0.26420246], inputs = [ 0.44518351  0.01        0.08636923  0.33809356  0.80007195  0.27
  2.          0.25        0.16210359 -0.40639167  1.79254466  1.39809715
 -0.53093959], constraints = [0.9312719774593248, 6.09087487437325, 0.9312719774593248, 0.831022006185444, 0.831022006185444, 6.446957540150875, 1.2821316913407947, 8.0]
iteration = 382.0 , objective = [0.35200493], inputs = [ 0.37413301  0.01        0.40499348  0.36890335  0.85        0.27
  1.93372196  0.45774926  0.09273837  0.23741346  0.25        0.61084541
 -0.64275101], constraints = [0.7917501785432031, 9.269179359759654, 0.7917501785432031, 0.43556392623593904, 0.43556392623593904, 47.50446622567101, 0.40926885322293616, 4.224413095494029]
iteration = 383.0 , objective = [0.26385109], inputs = [ 0.44501845  0.01        0.08710941  0.33816513  0.80018793  0.27
  1.99984603  0.25048261  0.16194245 -0.40489608  1.78896124  1.39626832
 -0.53119934], constraints = [0.9314311391374148, 6.100315199865048, 0.9314311391374148, 0.8299034341600778, 0.8299034341600778, 6.434942838497639, 1.2812446000244837, 7.983971442990459]
iteration = 384.0 , objective = [0.26032917], inputs = [ 0.44330819  0.01        0.09477903  0.33890675  0.80138975  0.27
  1.99825065  0.25548335  0.16027276 -0.38939901  1.75183058  1.37731834
 -0.53389075], constraints = [0.9329842851430956, 6.1968063786310985, 0.9329842851430956, 0.8183877302038981, 0.8183877302038981, 6.330743666327619, 1.2719140687926103, 7.821451429322719]
iteration = 385.0 , objective = [0.27215108], inputs = [ 0.49670617  0.01        0.23827477  0.33992494  0.85        0.27
  2.          0.25        0.18523983 -0.16463544  1.61849584  1.5
 -0.78539816], constraints = [0.9562918330772648, 9.331313263072268, 0.9562918330772648, 0.8990512132109725, 0.8990512132109725, 19.808270589711327, 1.0789972294533576, 8.0]
iteration = 386.0 , objective = [0.26303149], inputs = [ 0.46994508  0.01        0.16636002  0.33941466  0.82563834  0.27
  1.99912329  0.25274805  0.17272726 -0.27727862  1.68531828  1.4385165
 -0.65935196], constraints = [0.9558373104867729, 7.605141732892892, 0.9558373104867729, 0.8588612317143448, 0.8588612317143448, 6.7492083932502345, 1.171566876548214, 7.909549670856491]
iteration = 387.0 , objective = [0.25902271], inputs = [ 0.45445399  0.01        0.12473099  0.33911928  0.8115362   0.27
  1.99861579  0.25433881  0.16548415 -0.34248396  1.72399953  1.40292577
 -0.58638807], constraints = [0.9451572293620287, 6.811243415382063, 0.9451572293620287, 0.835380926712232, 0.835380926712232, 5.739225543026263, 1.2288601195886255, 7.858084223052636]
iteration = 388.0 , objective = [0.33513248], inputs = [ 0.34117925  0.01        0.52359878  0.3499131   0.3         0.27
  2.          0.30900858  0.21095854  0.81708374  1.53108275  1.5
 -0.78539816], constraints = [0.752914757402103, 1.3564862822622386, 0.752914757402103, 0.9069585203406664, 0.9069585203406664, 41728.702537838326, 1.0207218308553283, 6.472312259886531]
iteration = 389.0 , objective = [0.25902271], inputs = [ 0.45445399  0.01        0.12473099  0.33911928  0.8115362   0.27
  1.99861579  0.25433881  0.16548415 -0.34248396  1.72399953  1.40292577
 -0.58638807], constraints = [0.9451572293620709, 6.811243415378778, 0.9451572293620709, 0.835380926712282, 0.835380926712282, 5.739225543022739, 1.228860119588453, 7.858084223051329]
iteration = 390.0 , objective = [0.2590227], inputs = [ 0.45445394  0.01        0.12473117  0.33911929  0.81153598  0.27
  1.99861579  0.25433883  0.16548417 -0.34248345  1.72399944  1.40292581
 -0.58638815], constraints = [0.9451572535152594, 6.8112415517777976, 0.9451572535152594, 0.8353809551712537, 0.8353809551712537, 5.7392235439190005, 1.228860021579221, 7.858083481556581]
iteration = 391.0 , objective = [0.25901319], inputs = [ 0.45441635  0.01        0.12486352  0.33912287  0.81136624  0.27
  1.99861625  0.25435697  0.16549926 -0.34209868  1.72393543  1.40295802
 -0.58645419], constraints = [0.94517542288938, 6.809836558887137, 0.94517542288938, 0.8354023977722405, 0.8354023977722405, 5.737730132932946, 1.2287861805598992, 7.857524859927638]
iteration = 392.0 , objective = [0.25886169], inputs = [ 0.45378892  0.01        0.12707285  0.33918265  0.80853284  0.27
  1.99862392  0.25465979  0.16575115 -0.33567583  1.72286686  1.40349572
 -0.58755651], constraints = [0.9454745552295657, 6.786088716004827, 0.9454745552295657, 0.8357605936225692, 0.8357605936225692, 5.716527279787198, 1.227554057485634, 7.84821157609095]
iteration = 393.0 , objective = [0.57629918], inputs = [ 0.38011169  0.01        0.44477028  0.34880794  0.3         0.27
  2.          0.38912793  0.24563159  0.61312812  1.9212866   1.5
 -0.78539816], constraints = [0.992120410035929, 1.3634233035529397, 0.992120410035929, 0.9418416655488816, 0.9418416655488816, 9680.231590867947, 1.280857734520601, 5.139697869835588]
iteration = 394.0 , objective = [0.39462276], inputs = [ 0.4071308   0.01        0.32826345  0.34527813  0.48649049  0.27
  1.99949536  0.33981542  0.21633762  0.26518026  1.8485216   1.4646097
 -0.71284516], constraints = [0.9687940758164941, 3.3148564393695947, 0.9687940758164941, 0.8947907665708142, 0.8947907665708142, 262.83436599882725, 1.2621257392129042, 5.884062988101428]
iteration = 395.0 , objective = [0.31152859], inputs = [ 0.42787948  0.01        0.23879478  0.3425675   0.62970146  0.27
  1.99910783  0.30194705  0.19384202 -0.00201809  1.79264343  1.43743255
 -0.65712978], constraints = [0.9654982325676726, 4.906103801434739, 0.9654982325676726, 0.8644232419219805, 0.8644232419219805, 30.97290486404905, 1.2471148152263334, 6.6207232321275]
iteration = 396.0 , objective = [0.2619172], inputs = [ 0.45114812  0.01        0.13846002  0.33952765  0.7903056   0.27
  1.99867324  0.25947951  0.16861429 -0.30166804  1.72997878  1.4069547
 -0.59464771], constraints = [0.9474406859517058, 6.597653295671202, 0.9474406859517058, 0.8381315388117561, 0.8381315388117561, 5.667030817200022, 1.2295909597976726, 7.702624685704921]
iteration = 397.0 , objective = [0.25889232], inputs = [ 0.45376071  0.01        0.12719451  0.33918634  0.8083381   0.27
  1.99862445  0.25471128  0.16578174 -0.3353125   1.72294285  1.40353267
 -0.58763227], constraints = [0.9454954289346533, 6.784127235978252, 0.9454954289346533, 0.8357852010232861, 0.8357852010232861, 5.71481042790054, 1.2275758722725263, 7.846627046579073]
iteration = 398.0 , objective = [0.25904034], inputs = [ 0.45362496  0.01        0.12777986  0.33920407  0.80740115  0.27
  1.99862698  0.25495904  0.16592891 -0.33356435  1.72330843  1.40371048
 -0.58799679], constraints = [0.9455958109612231, 6.774674823871787, 0.9455958109612231, 0.8359038185953732, 0.8359038185953732, 5.706899090451867, 1.2276808169724962, 7.839012110090406]
iteration = 399.0 , objective = [0.605918], inputs = [ 0.42357062  0.01        0.42271846  0.34725807  0.3         0.27
  2.          0.41631269  0.25730954  0.36118836  2.          1.38607252
 -0.78539816], constraints = [1.0615491368954304, 1.3934282577651238, 1.0615491368954304, 0.9581975495284348, 0.9581975495284348, 635.9264760674741, 1.4429259462332333, 4.804081278332965]
iteration = 400.0 , objective = [0.42569267], inputs = [ 0.43508684  0.01        0.30970394  0.34417194  0.49442588  0.27
  1.99947389  0.35448523  0.22229433  0.09497314  1.89397737  1.39283103
 -0.70975794], constraints = [1.013229025897309, 3.4081561114903463, 1.013229025897309, 0.9001226304488207, 0.9001226304488207, 97.98156194146891, 1.3598041218006165, 5.640499899787082]
iteration = 401.0 , objective = [0.33188734], inputs = [ 0.44336699  0.01        0.22844654  0.34195301  0.63421802  0.27
  1.99909561  0.3100313   0.1971184  -0.09643551  1.81774714  1.3976904
 -0.65537264], constraints = [0.9762887623154415, 4.832230852554281, 0.9762887623154415, 0.8659756071492202, 0.8659756071492202, 15.452610271787576, 1.3005363322516774, 6.448044449206489]
iteration = 402.0 , objective = [0.26368083], inputs = [ 0.45272049  0.01        0.13665586  0.33944645  0.79213121  0.27
  1.9986683   0.25981488  0.16867896 -0.31265619  1.73163529  1.40317968
 -0.59393746], constraints = [0.9473254102851045, 6.6129783834733615, 0.9473254102851045, 0.8379027714347853, 0.8379027714347853, 5.620891825839564, 1.2340795157931375, 7.692662995975488]
iteration = 403.0 , objective = [0.82114976], inputs = [ 0.46881688  0.01        0.39457968  0.35039782  0.3         0.27
  2.          0.44998427  0.27        0.09773473  1.84664116  0.91609308
 -0.78539816], constraints = [1.178545882318814, 1.3876110177187995, 1.178545882318814, 0.9761107815542406, 0.9761107815542406, 199.56055455308794, 2.015778974666526, 4.444599799625527]
iteration = 404.0 , objective = [0.52334094], inputs = [ 0.46183802  0.01        0.28275246  0.34564967  0.51337178  0.27
  1.99942262  0.36753313  0.22607056 -0.08019717  1.79677843  1.12727768
 -0.70238715], constraints = [1.03039456953383, 3.516667766316189, 1.03039456953383, 0.901182555873868, 0.901182555873868, 24.275274931378252, 1.5939093506757633, 5.4401153877743145]
iteration = 405.0 , objective = [0.37816139], inputs = [ 0.45732886  0.01        0.21049905  0.34258181  0.65123481  0.27
  1.99904957  0.31426008  0.19768702 -0.19516191  1.7645613   1.26372754
 -0.64875236], constraints = [0.974955849571925, 4.92574397689595, 0.974955849571925, 0.8635780388481447, 0.8635780388481447, 7.472436919648764, 1.396314667441611, 6.3611310751690295]
iteration = 406.0 , objective = [0.2669646], inputs = [ 0.45287213  0.01        0.13908558  0.33954962  0.78749519  0.27
  1.99868085  0.26160633  0.16963343 -0.30879018  1.73271869  1.39859117
 -0.59574108], constraints = [0.9478337764105916, 6.560005504648023, 0.9478337764105916, 0.8384971720196086, 0.8384971720196086, 5.581987746199177, 1.2389029217348897, 7.640032345941109]
iteration = 407.0 , objective = [0.72436851], inputs = [ 0.5084475   0.01        0.3155949   0.34782861  0.34623057  0.27
  2.          0.45158698  0.27       -0.14735494  1.97418837  0.97353171
 -0.78539816], constraints = [1.0653441420928567, 1.5735737256071167, 1.0653441420928567, 0.9753610643072325, 0.9753610643072325, 20.225324607240996, 2.0278624243142254, 4.428825645344788]
iteration = 408.0 , objective = [0.4806123], inputs = [ 0.48178442  0.01        0.23091204  0.34385665  0.55793355  0.27
  1.99936712  0.36044106  0.22184771 -0.22480579  1.85833985  1.17746003
 -0.69440748], constraints = [0.9909339685878281, 3.7038365695886295, 0.9909339685878281, 0.894324187066715, 0.894324187066715, 6.432168670172192, 1.578261511406004, 5.547001529254165]
iteration = 409.0 , objective = [0.34674944], inputs = [ 0.46449821  0.01        0.17601043  0.34128154  0.69518487  0.27
  1.99895681  0.30134932  0.19062961 -0.27501875  1.78323291  1.30967089
 -0.63541638], constraints = [0.9610586331302475, 5.393065094399355, 0.9610586331302475, 0.8556485419374893, 0.8556485419374893, 5.107171176705432, 1.3615885662490517, 6.633354355280566]
iteration = 410.0 , objective = [0.73041828], inputs = [ 0.52359878  0.01        0.31307612  0.34944931  0.35134855  0.27
  2.          0.48663845  0.27       -0.32349214  2.          0.85304401
 -0.74640135], constraints = [0.9423991244504849, 1.5191762655127807, 0.9423991244504849, 0.9603647380497913, 0.9603647380497913, 1.6218734592968573, 2.344544933509597, 4.109827298836477]
iteration = 411.0 , objective = [1.07800556], inputs = [ 0.23998511  0.01        0.52359878  0.35203441  0.3         0.27
  2.          0.25        0.21472726 -0.00892777  2.          0.35167625
 -0.08709921], constraints = [1.2351952142651281, 1.6225839025452966, 1.2351952142651281, 0.9834790878229287, 0.9834790878229287, 12.225665118027939, 5.687048746689479, 8.0]
iteration = 412.0 , objective = [0.86610317], inputs = [ 0.35992891  0.01        0.43456609  0.35094114  0.32171595  0.27
  2.          0.35007739  0.2381028  -0.14196101  2.          0.563711
 -0.36592641], constraints = [1.0421697423794156, 1.6310618953761327, 1.0421697423794156, 0.9483565318162194, 0.9483565318162194, 2.913248533710674, 3.547917253468162, 5.713022499080418]
iteration = 413.0 , objective = [0.80463502], inputs = [ 0.41555739  0.01        0.39327381  0.35043409  0.33178755  0.27
  2.          0.39649207  0.24894409 -0.20366022  2.          0.66205015
 -0.49524307], constraints = [0.9912911405111248, 1.540783821465151, 0.9912911405111248, 0.9464889632926975, 0.9464889632926975, 2.0037558123114563, 3.0209192034566024, 5.044237125017211]
iteration = 414.0 , objective = [0.9437463], inputs = [ 0.52359878  0.01        0.31307612  0.35765423  0.33351809  0.27
  2.          0.54533154  0.27       -0.33563075  2.          0.85304401
 -0.74640135], constraints = [0.9639250020476489, 1.329100627337178, 0.9639250020476489, 0.9404266383662236, 0.9404266383662236, 1.4660947571572218, 2.344544933509597, 3.667493730263076]
iteration = 415.0 , objective = [1.09374043], inputs = [ 0.23322229  0.01        0.45121595  0.35984546  0.3         0.27
  2.          0.25        0.20000642 -0.04568381  2.          0.6951468
 -0.13354453], constraints = [0.993282881543909, 1.3571188917546424, 0.993282881543909, 0.9416434343634049, 0.9416434343634049, 1.713615564067282, 2.877090140326536, 8.0]
iteration = 416.0 , objective = [1.21721625], inputs = [ 0.32919814  0.01        0.39349636  0.36411019  0.3         0.27
  2.          0.33541     0.22394094 -0.15506692  2.          0.71221005
 -0.32310633], constraints = [1.0051416995307607, 1.153786408238751, 1.0051416995307607, 0.9202018594603595, 0.9202018594603595, 1.3207248368717996, 2.8081603002080153, 5.962851437657896]
iteration = 417.0 , objective = [1.16573895], inputs = [ 0.43250868  0.01        0.34854027  0.3631401   0.4008472   0.27
  2.          0.44020149  0.2479109  -0.26637561  2.          0.72127893
 -0.52449689], constraints = [1.0039829167477705, 2.0375166195552574, 1.0039829167477705, 0.919255076194212, 0.919255076194212, 1.2598720562334473, 2.7728523943616628, 4.543373952116755]
iteration = 418.0 , objective = [1.16639715], inputs = [ 0.47686735  0.01        0.33003797  0.36557807  0.31796836  0.27
  2.          0.44915878  0.24266414 -0.32224304  1.71906347  0.50897987
 -0.59172328], constraints = [0.9665829996278157, 1.194010747412147, 0.9665829996278157, 0.9000445997224304, 0.9000445997224304, 0.9738111263471974, 3.377468510961391, 4.452768336212768]
iteration = 419.0 , objective = [1.17267169], inputs = [ 0.44792181  0.01        0.34211135  0.36398721  0.37204963  0.27
  2.          0.44331385  0.24608783 -0.28578764  1.90238411  0.64751222
 -0.54785577], constraints = [0.9991564858100632, 1.7185473705289311, 0.9991564858100632, 0.9125700767095853, 0.9125700767095853, 1.210960929918453, 2.937989495601218, 4.511476498077524]
iteration = 420.0 , objective = [1.17189332], inputs = [ 0.44523868  0.01        0.3432305   0.36383975  0.37706273  0.27
  2.          0.44277205  0.24640519 -0.28240838  1.91937717  0.6603536
 -0.54378944], constraints = [1.0005223409827988, 1.77099518829845, 1.0005223409827988, 0.9137330252575495, 0.9137330252575495, 1.22355151330146, 2.9065900135253684, 4.516996998794847]
iteration = 421.0 , objective = [1.16995564], inputs = [ 0.52177435  0.01        0.27341068  0.36539176  0.85        0.27
  2.          0.58087595  0.26569197 -0.38568073  2.          0.58079216
 -0.66034892], constraints = [0.9804796371888028, 9.07969686443252, 0.9804796371888028, 0.9188777945661488, 0.9188777945661488, 1.008677380237875, 3.4435726693995066, 3.443075931214714]
iteration = 422.0 , objective = [1.17122753], inputs = [ 0.47122669  0.01        0.31952289  0.36436674  0.53765057  0.27
  2.          0.48966581  0.2529541  -0.31747494  1.94675299  0.63333818
 -0.5833677 ], constraints = [0.99814413734714, 3.666892114453561, 0.99814413734714, 0.9115700971235295, 0.9115700971235295, 1.19142545089379, 3.0737970047018295, 4.084418351287126]
iteration = 423.0 , objective = [1.19000176], inputs = [ 0.45958296  0.01        0.30228603  0.36549592  0.64266015  0.27
  2.          0.49956498  0.25021774 -0.31217965  1.99689972  0.67654033
 -0.56162513], constraints = [0.9988085752151608, 5.221901002612172, 0.9988085752151608, 0.9000762047306574, 0.9000762047306574, 1.2049808610523773, 2.951634398661005, 4.003483196490953]
iteration = 424.0 , objective = [1.19283024], inputs = [ 0.45781877  0.01        0.29135192  0.36545677  0.67931689  0.27
  2.          0.48861725  0.24874972 -0.3109755   1.97368845  0.62488363
 -0.54952423], constraints = [0.9990650083830884, 5.8161219721521435, 0.9990650083830884, 0.900113487714112, 0.900113487714112, 1.1915368242936404, 3.1584896198243944, 4.093183403645727]
iteration = 425.0 , objective = [1.17862398], inputs = [ 0.4499809   0.01        0.24736605  0.36472095  0.85        0.27
  2.          0.46012885  0.2447489  -0.30372156  1.94727846  0.51469536
 -0.51296746], constraints = [0.9964402743740143, 8.886136623308076, 0.9964402743740143, 0.9008342898138999, 0.9008342898138999, 1.1698189647373445, 3.7833611854767306, 4.3466085960022625]
iteration = 426.0 , objective = [1.1842828], inputs = [ 0.445858    0.01        0.23560577  0.36475361  0.85        0.27
  2.          0.45349029  0.24339076 -0.30056831  1.95590677  0.5262483
 -0.50539041], constraints = [0.9998663417388429, 8.765615842284104, 0.9998663417388429, 0.9000496920562759, 0.9000496920562759, 1.1999915384245563, 3.7166994330663288, 4.410237742425945]
iteration = 427.0 , objective = [1.18161285], inputs = [ 0.45026393  0.01        0.20240194  0.36456799  0.85        0.27
  2.          0.45315759  0.24331815 -0.30945988  1.97257175  0.54358198
 -0.51247445], constraints = [1.0001065641037945, 8.368677628280487, 1.0001065641037945, 0.9000001272405678, 0.9000001272405678, 1.202537001388948, 3.6288394907656834, 4.413475641744235]
iteration = 428.0 , objective = [1.17340457], inputs = [ 0.4667714   0.01        0.09646606  0.36410583  0.85        0.27
  2.          0.45081279  0.24292928 -0.33715623  1.99681547  0.55867948
 -0.5359936 ], constraints = [1.0004283220924728, 6.7850368669354735, 1.0004283220924728, 0.9000064240079767, 0.9000064240079767, 1.2086064421505442, 3.574170080022009, 4.436431401445941]
iteration = 429.0 , objective = [1.15919712], inputs = [ 0.49385106  0.01       -0.08969926  0.36345026  0.85        0.27
  2.          0.43684941  0.24058455 -0.37941834  2.          0.53550486
 -0.56926744], constraints = [0.9975808768867758, 3.555310602851667, 0.9975808768867758, 0.9002349019946984, 0.9002349019946984, 1.1791246405789213, 3.7347933790801133, 4.578236705869757]
iteration = 430.0 , objective = [1.14284243], inputs = [ 0.51541766  0.01       -0.2341695   0.36304529  0.85        0.27
  2.          0.43104045  0.23945754 -0.40609642  2.          0.47925011
 -0.59013487], constraints = [0.9948781545631095, 1.1427286852341554, 0.9948781545631095, 0.9000428077328401, 0.9000428077328401, 1.1552076789905183, 4.173186287476176, 4.639935765351382]
iteration = 431.0 , objective = [1.1466535], inputs = [ 0.52359878  0.01       -0.23826465  0.36314829  0.82451745  0.27
  2.          0.43186535  0.23959505 -0.41283473  1.98450975  0.48587871
 -0.60807808], constraints = [1.0001553083983128, 1.0053452486276198, 1.0001553083983128, 0.9000008824453224, 0.9000008824453224, 1.2038564740041622, 4.084372761128296, 4.63107310566111]
iteration = 432.0 , objective = [1.14701438], inputs = [ 0.52359878  0.01       -0.24060807  0.36309436  0.83228821  0.27
  2.          0.41912955  0.23724843 -0.4130403   1.96010749  0.48961957
 -0.610459  ], constraints = [1.0000671971140458, 0.9997630577485115, 1.0000671971140458, 0.9002137717919957, 0.9002137717919957, 1.2003247426674326, 4.003327509690976, 4.771794280841028]
iteration = 433.0 , objective = [1.14696245], inputs = [ 0.52359878  0.01       -0.24506718  0.36306787  0.85        0.27
  2.          0.41648716  0.2366548  -0.41407773  1.96025593  0.49146832
 -0.61006861], constraints = [1.00000271679806, 0.9984970666166094, 1.00000271679806, 0.9000095731598561, 0.9000095731598561, 1.200119149980264, 3.9885702995315655, 4.802068848713414]
iteration = 434.0 , objective = [1.1469385], inputs = [ 0.52359878  0.01       -0.24499275  0.36305428  0.85        0.27
  2.          0.41559418  0.23647396 -0.41455841  1.96156592  0.48931122
 -0.60891621], constraints = [0.9999948178704132, 0.9999834274490724, 0.9999948178704132, 0.900001109423638, 0.900001109423638, 1.1999620612127193, 4.008830858957166, 4.812386911562492]
iteration = 435.0 , objective = [1.14611955], inputs = [ 0.52359878  0.01       -0.24515166  0.3629802   0.85        0.27
  2.          0.41175186  0.23570659 -0.41692478  1.97396061  0.46926602
 -0.60004811], constraints = [0.9996745773454162, 0.9988714921821215, 0.9996745773454162, 0.9000207440103555, 0.9000207440103555, 1.197104377431693, 4.20648530256939, 4.8572944222035686]
iteration = 436.0 , objective = [1.14618153], inputs = [ 0.52359878  0.01       -0.24518273  0.36296886  0.85        0.27
  2.          0.41095911  0.23553802 -0.41804737  1.98708411  0.45219807
 -0.59295061], constraints = [0.9998083612354461, 0.9993215305119587, 0.9998083612354461, 0.9000008936941527, 0.9000008936941527, 1.1983258890644986, 4.394278130833761, 4.866664277952082]
iteration = 437.0 , objective = [1.14629858], inputs = [ 0.52359878  0.01       -0.24517583  0.36297378  0.85        0.27
  2.          0.41154407  0.23565717 -0.4185436   1.99768569  0.44094354
 -0.58833   ], constraints = [0.9999285406945907, 0.9997429901437376, 0.9999285406945907, 0.9000004881604158, 0.9000004881604158, 1.1994105201040366, 4.530479595554841, 4.859746851916752]
iteration = 438.0 , objective = [1.14641415], inputs = [ 0.52359878  0.01       -0.24516986  0.36297697  0.85        0.27
  2.          0.41176832  0.23570266 -0.41854137  1.99900814  0.4403936
 -0.58806801], constraints = [0.9999997095711922, 1.0000000572934715, 0.9999997095711922, 0.9000000715808314, 0.9000000715808314, 1.2000009394977478, 4.539139880278714, 4.857100271807139]
iteration = 439.0 , objective = [1.14635759], inputs = [ 0.52359878  0.01       -0.24515602  0.36298271  0.85        0.27
  2.          0.41231614  0.23581407 -0.41805418  2.          0.44300489
 -0.58929293], constraints = [0.9999916184411941, 0.9999723049201716, 0.9999916184411941, 0.9000004264524896, 0.9000004264524896, 1.1999243818812002, 4.51462287872406, 4.850646896982631]
iteration = 440.0 , objective = [1.14498058], inputs = [ 0.52359878  0.01       -0.23911544  0.36301262  0.85        0.27
  2.          0.41309126  0.23597116 -0.41358339  2.          0.47379049
 -0.60312034], constraints = [0.9990256954957585, 1.0826345898403127, 0.9990256954957585, 0.9000008511881826, 0.9000008511881826, 1.1910413715387667, 4.221275105086969, 4.841545124998313]
iteration = 441.0 , objective = [1.14561665], inputs = [ 0.52359878  0.01       -0.24103932  0.36300309  0.85        0.27
  2.          0.41284439  0.23592113 -0.4150073   2.          0.46398549
 -0.59871641], constraints = [0.9995425067391323, 1.0568651900903967, 0.9995425067391323, 0.9000005313211343, 0.9000005313211343, 1.1957739031694112, 4.310479593079108, 4.844440265790086]
iteration = 442.0 , objective = [1.14588986], inputs = [ 0.52359878  0.01       -0.23450687  0.36300882  0.85        0.27
  2.          0.41070612  0.23548829 -0.41358216  2.          0.47646325
 -0.60367298], constraints = [0.9998563683325828, 1.1532076548062824, 0.9998563683325828, 0.900006492190287, 0.900006492190287, 1.1986678134321933, 4.197595519138928, 4.8696620760258735]
iteration = 443.0 , objective = [1.14597986], inputs = [ 0.52359878  0.01       -0.22485096  0.36299032  0.85        0.27
  2.          0.40761973  0.23485492 -0.41360437  2.          0.48043901
 -0.6047763 ], constraints = [0.9999913359292797, 1.2987992149359984, 0.9999913359292797, 0.9000136873084454, 0.9000136873084454, 1.1999065588722844, 4.162859334888027, 4.906533883679467]
iteration = 444.0 , objective = [1.14599042], inputs = [ 0.52359878  0.01       -0.21925587  0.36297794  0.85        0.27
  2.          0.40623607  0.23456286 -0.41391392  2.          0.48130217
 -0.60474006], constraints = [1.0000001551893072, 1.3846848488828727, 1.0000001551893072, 0.9000027831935689, 0.9000027831935689, 1.2000100785930763, 4.155393709445971, 4.923245693991015]
iteration = 445.0 , objective = [1.14599859], inputs = [ 0.52359878  0.01       -0.21911775  0.36297785  0.85        0.27
  2.          0.40626184  0.23456727 -0.41394109  2.          0.48130676
 -0.60471744], constraints = [0.9999996605467355, 1.3868224372886122, 0.9999996605467355, 0.9000000009746325, 0.9000000009746325, 1.2000000701565372, 4.155354077154047, 4.922933435056789]
iteration = 446.0 , objective = [1.14599863], inputs = [ 0.52359878  0.01       -0.2191173   0.36297786  0.85        0.27
  2.          0.40627062  0.2345691  -0.41394095  2.          0.48132519
 -0.60472305], constraints = [0.9999996600002939, 1.3868297446150268, 0.9999996600002939, 0.9000000001126467, 0.9000000001126467, 1.199999998134718, 4.155194923689003, 4.92282702783542]
