iteration = 965.0 , objective = [3.49834022], inputs = [0.01       0.01       0.01       0.5        0.5        0.135
 2.         1.         0.0675     0.52359878 1.         0.5
 0.31415927], constraints = [1.3807998149881, 1.023760347135665, 1.3807998149881, 0.4811030397324907, 0.4811030397324907, 1790.6600433120498, 2.0, 2.0]
iteration = 966.0 , objective = [3.49834303], inputs = [0.01000058 0.00999942 0.01000058 0.49999942 0.50000058 0.13499942
 1.99999942 0.99999942 0.06750058 0.52359819 1.00000058 0.49999942
 0.31415985], constraints = [1.380808051719817, 1.0237749993791632, 1.380808051719817, 0.48110874266385734, 0.48110874266385734, 1790.7811180345186, 2.000003493596646, 2.000000582281296]
iteration = 967.0 , objective = [2.59197848], inputs = [0.03772413 0.01       0.01       0.3        0.5        0.24802042
 2.         0.99696356 0.09613571 0.55453655 1.00456218 0.50041547
 0.30117999], constraints = [0.7199611394248742, 1.7683820160120323, 0.7199611394248742, 0.38096931472462064, 0.38096931472462064, 666.221060801201, 2.0074562958191366, 2.006091383749298]
iteration = 968.0 , objective = [2.49773369], inputs = [-0.14148224  0.01        0.1977987   0.4747066   0.69756423  0.14159886
  1.9938365   1.01194463  0.03283533  0.52112191  0.99680762  0.53078093
  0.22805084], constraints = [0.1692184733909479, 1.1721708513936582, 0.1692184733909479, 0.23611938888108353, 0.23611938888108353, 0.020822568768515657, 1.8780019394524778, 1.9703019635651695]
iteration = 969.0 , objective = [3.25962776], inputs = [-0.01554106  0.01        0.19732993  0.52363171  0.6955368   0.12725134
  1.99331597  1.01316712  0.03904337  0.55385043  1.00377522  0.51189745
  0.27082249], constraints = [1.0278915722983, 2.4690555903805005, 1.0278915722983, 0.3064291668498825, 0.3064291668498825, 574.0311280227296, 1.9608912239495269, 1.9674108362803373]
iteration = 970.0 , objective = [1.89068781], inputs = [-0.11868918  0.01        0.19771386  0.48356116  0.69719731  0.13900222
  1.99374229  1.01216588  0.03395887  0.52704517  0.99806863  0.52736336
  0.23579173], constraints = [0.3293404027332666, 1.3288271623096326, 0.3293404027332666, 0.24787518224701832, 0.24787518224701832, 0.4244307515410469, 1.8925634447121116, 1.9697782045906982]
iteration = 971.0 , objective = [1.85818818], inputs = [-0.12399628  0.01        0.19773361  0.48149948  0.69728274  0.13960682
  1.99376423  1.01211437  0.03369727  0.52566601  0.99777502  0.52815911
  0.23398936], constraints = [0.2903380479231455, 1.295268563005942, 0.2903380479231455, 0.2451027832170166, 0.2451027832170166, 0.19126037891105455, 1.8891561387310605, 1.969900135261474]
iteration = 972.0 , objective = [6.51493345], inputs = [-0.10330804  0.01        0.31273441  0.7         0.81106209  0.13255677
  1.9929563   1.01509002  0.12671014  0.5121893   0.99541166  0.5281546
  0.25618883], constraints = [1.6348791436329833, 4.220073894119755, 1.6348791436329833, 0.8566934136213209, 0.8566934136213209, 3.30185195423976, 1.884697526344415, 1.9633296247468677]
iteration = 973.0 , objective = [2.76254483], inputs = [-0.12004312  0.01        0.21970824  0.52325109  0.71902397  0.13825968
  1.99360985  1.01268296  0.05147039  0.52309085  0.99732342  0.52815824
  0.23823129], constraints = [0.4452794223856442, 1.6738395210157178, 0.4452794223856442, 0.36663420654933504, 0.36663420654933504, 0.41622795295101456, 1.8883041821082531, 1.968641641889754]
iteration = 974.0 , objective = [2.04708038], inputs = [-0.12305037  0.01        0.2029917   0.4914898   0.70248498  0.13928447
  1.99372729  1.01225042  0.03795002  0.52504982  0.99766696  0.5281589
  0.23500437], constraints = [0.32384821537927566, 1.3816484402860754, 0.32384821537927566, 0.27439300322265786, 0.27439300322265786, 0.23310876452721274, 1.888952282825213, 1.9695988743240496]
iteration = 975.0 , objective = [1.84966377], inputs = [-0.12394488  0.01        0.19801935  0.48204238  0.69756545  0.1395893
  1.99376222  1.01212176  0.03392838  0.52563252  0.99776914  0.52815909
  0.23404452], constraints = [0.29210449337838784, 1.2998903367808832, 0.29210449337838784, 0.246697926445785, 0.246697926445785, 0.19336073664717934, 1.889145060625333, 1.9698837618040506]
iteration = 976.0 , objective = [1.98041692], inputs = [ 0.52359878  0.01        0.04928902  0.30879622  0.56054017  0.27
  2.          0.25        0.15841758 -0.05475994  1.12072346  0.98161496
 -0.72169895], constraints = [1.0900891203565137, 3.256412140471329, 1.0900891203565137, 0.8200345208612055, 0.8200345208612055, 300.7857465840191, 1.1417139140379875, 8.0]
iteration = 977.0 , objective = [1.43011311], inputs = [ 0.26803879  0.01        0.10798702  0.37716966  0.61461865  0.21853203
  1.99753819  0.55077945  0.10928659  0.17429811  1.07219823  0.80265379
 -0.34450463], constraints = [0.8325097853431325, 2.4903669969238442, 0.8325097853431325, 0.536619891695664, 0.536619891695664, 29.56828070174506, 1.335816576845107, 3.6267478673939477]
iteration = 978.0 , objective = [1.53571957], inputs = [ 0.34499536  0.01        0.09031134  0.35658042  0.59833404  0.23403054
  1.99827952  0.46020599  0.12408136  0.10532205  1.08681059  0.85654421
 -0.45808884], constraints = [0.9333913663527519, 2.7235208245044156, 0.9333913663527519, 0.5978687843557909, 0.5978687843557909, 68.64250379931404, 1.2688318654514699, 4.342141508748867]
iteration = 979.0 , objective = [1.46653352], inputs = [ 0.30514784  0.01        0.09946367  0.36724137  0.60676609  0.22600553
  1.99789566  0.50710423  0.11642075  0.14103732  1.07924443  0.82864017
 -0.39927582], constraints = [0.8830585454071961, 2.6031823843941018, 0.8830585454071961, 0.564725351324737, 0.564725351324737, 45.19743385995102, 1.302428326529125, 3.9398126929806176]
iteration = 980.0 , objective = [1.46478333], inputs = [ 0.3040087   0.01        0.09972532  0.36754614  0.60700714  0.22577612
  1.99788469  0.50844493  0.11620175  0.14205834  1.07902813  0.82784246
 -0.39759449], constraints = [0.8815482060612071, 2.5997322355486894, 0.8815482060612071, 0.5638275275958614, 0.5638275275958614, 44.62702494234111, 1.3034220671555599, 3.9294023053314393]
iteration = 981.0 , objective = [1.47044738], inputs = [ 0.50667911  0.01        0.07762391  0.33442871  0.58059866  0.27
  2.          0.25        0.20154736 -0.1865625   1.14538969  0.87927543
 -0.78539816], constraints = [0.9366533087637552, 3.0684654799277786, 0.9366533087637552, 0.9460516781655426, 0.9460516781655426, 17.42247819485312, 1.3026517671155635, 8.0]
iteration = 982.0 , objective = [3.01746553], inputs = [ 0.23536846  0.01        0.25366314  0.57326206  0.75358392  0.0675
  2.          0.484375    0.04711179  0.0731443   1.227009    0.42126477
 -0.54671643], constraints = [0.2593420035910152, 1.4139408980265034, 0.2593420035910152, 0.7260860474044816, 0.7260860474044816, 2.647783646603857, 2.9126788926420946, 4.129032258064516]
iteration = 983.0 , objective = [2.25658479], inputs = [ 0.47665961  0.01        0.07762391  0.37802913  0.58059866  0.27
  2.          0.25        0.1854371  -0.1865625   1.14538969  0.87927543
 -0.78539816], constraints = [0.9617391703716912, 2.5583824690066717, 0.9617391703716912, 0.8996243941407807, 0.8996243941407807, 6.059746761392068, 1.3026517671155635, 8.0]
iteration = 984.0 , objective = [1.92920506], inputs = [ 0.1887906   0.01        0.10538347  0.40257415  0.61284786  0.22673806
  2.          0.60478249  0.12696656  0.24320579  1.15457741  0.494397
 -0.30431066], constraints = [0.7515357852898272, 2.1876590399129427, 0.7515357852898272, 0.5731212326041216, 0.5731212326041216, 5.056113026234788, 2.3353244566604485, 3.3069740511473102]
iteration = 985.0 , objective = [2.84500299], inputs = [ 0.2117656   0.01        0.17852391  0.48676768  0.68226733  0.14819228
  2.          0.54539028  0.08757739  0.15932125  1.19030502  0.45832379
 -0.42387974], constraints = [0.598005359310146, 2.072856212985805, 0.598005359310146, 0.6156021281785278, 0.6156021281785278, 3.1412878252071037, 2.5970831954385063, 3.6670986918984]
iteration = 986.0 , objective = [4.61430303], inputs = [ 0.25140343  0.01        0.25366314  0.63748524  0.75358392  0.0675
  2.          0.70010444  0.06194561 -0.07945827  1.22709114  0.4063417
 -0.35339946], constraints = [0.7610875827758289, 1.7267417140246355, 0.7610875827758289, 0.8461515072914586, 0.8461515072914586, 3.6759086957998806, 3.019850353537912, 2.856716640616305]
iteration = 987.0 , objective = [2.879059], inputs = [ 0.52359878  0.01        0.11773545  0.3         0.62446284  0.27
  2.          0.25        0.16654339 -0.36640615  2.          0.25
 -0.7332362 ], constraints = [0.24008876716130495, 2.5053878271756367, 0.24008876716130495, 0.844201425218409, 0.844201425218409, 0.006227070015452238, 8.0, 8.0]
iteration = 988.0 , objective = [1.8724362], inputs = [ 0.36483385  0.01        0.14868493  0.39508981  0.65389309  0.20798353
  2.          0.40039329  0.1263391  -0.09874036  1.58775661  0.35606476
 -0.57573226], constraints = [0.5769980952547397, 2.6421689529378796, 0.5769980952547397, 0.6957897445378102, 0.6957897445378102, 0.7213485607777399, 4.459179289184921, 4.995088712890717]
iteration = 989.0 , objective = [2.72108785], inputs = [-0.52359878  0.01        0.09585571  0.3         0.61650823  0.22669107
  1.33579428  0.62773613  0.07710227  1.03299117  2.          0.25
  1.1465106 ], constraints = [0.7828949156646274, 3.429680103609317, 0.7828949156646274, 0.37738211338847744, 0.37738211338847744, 12579.155956312767, 8.0, 2.1279550822174027]
iteration = 990.0 , objective = [2.24512268], inputs = [-0.19928365  0.01        0.11514059  0.33471176  0.63015527  0.21986203
  1.57825719  0.54474647  0.09507578  0.61986175  1.84951389  0.28871808
  0.51781981], constraints = [0.7685732261074404, 3.0285729180110237, 0.7685732261074404, 0.47815789951936294, 0.47815789951936294, 171.95034165051914, 6.405951042873239, 2.8972325446285243]
iteration = 991.0 , objective = [1.83374651], inputs = [0.03405753 0.01       0.12901585 0.3596865  0.63997416 0.21494862
 1.7527066  0.48503631 0.10800752 0.32261965 1.74124079 0.31657532
 0.06548366], constraints = [0.7295093688974965, 2.8235220700718857, 0.7295093688974965, 0.5606965545490544, 0.5606965545490544, 12.618029060148245, 5.5002417816112175, 3.6135574827755166]
iteration = 992.0 , objective = [1.78133471], inputs = [ 0.32693713  0.01        0.14643146  0.39103368  0.65229841  0.20878151
  1.97166784  0.41009076  0.12423887 -0.05046556  1.60534114  0.3515405
 -0.50226878], constraints = [0.5952077124946623, 2.6672986306641975, 0.5952077124946623, 0.6790806943469209, 0.6790806943469209, 0.773256905913038, 4.566589525270115, 4.807881679357209]
iteration = 993.0 , objective = [1.66208215], inputs = [ 0.27426082  0.01        0.14329915  0.38539569  0.65008181  0.20989071
  1.93228623  0.42357021  0.12131955  0.01663626  1.62978358  0.34525178
 -0.40015479], constraints = [0.6209208160954947, 2.7022302683627504, 0.6209208160954947, 0.6564183339101969, 0.6564183339101969, 0.9800426463340712, 4.720565340938257, 4.561903082903496]
iteration = 994.0 , objective = [2.25321461], inputs = [-0.52359878  0.01       -0.03752927  0.3         0.48732054  0.27
  2.          0.815559    0.27        1.00251086  2.          0.25
  1.08062376], constraints = [1.0525350434992509, 2.1404964630132315, 1.0525350434992509, 0.8980039078211467, 0.8980039078211467, 309.0437118573477, 8.0, 2.4523057129245807]
iteration = 995.0 , objective = [1.79693017], inputs = [-0.18533063  0.01        0.03913646  0.33620517  0.55632635  0.24451549
  1.97129143  0.6493677   0.20696402  0.58453008  1.84303953  0.29038385
  0.4528188 ], constraints = [0.8951986273437522, 2.340232892745607, 0.8951986273437522, 0.7985379891830606, 0.7985379891830606, 24.747662774410557, 6.346907803742907, 3.0357090680137135]
iteration = 996.0 , objective = [1.59346564], inputs = [0.01501087 0.01       0.08454225 0.35764791 0.5971955  0.22942213
 1.95428859 0.55093983 0.16963056 0.33697826 1.75007867 0.31430145
 0.08099724], constraints = [0.7670035917521915, 2.477624853219776, 0.7670035917521915, 0.7359013604187998, 0.7359013604187998, 4.014819198053711, 5.568153379664938, 3.5471906054248223]
iteration = 997.0 , objective = [1.64060651], inputs = [ 0.24762353  0.01        0.13726202  0.38254467  0.64464787  0.21189751
  1.93454692  0.43665712  0.12628339  0.04955061  1.64214361  0.34207171
 -0.35071761], constraints = [0.6338722010071062, 2.677021785273245, 0.6338722010071062, 0.6642085517352417, 0.6642085517352417, 1.0053499512920083, 4.800582923459858, 4.4303569734665995]
iteration = 998.0 , objective = [1.60927086], inputs = [ 0.20826565  0.01        0.12834188  0.37833216  0.63661897  0.21486266
  1.93788719  0.45599367  0.1336177   0.09818314  1.66040613  0.337373
 -0.27767179], constraints = [0.6540259732516485, 2.6406111621297117, 0.6540259732516485, 0.6759508089435948, 0.6759508089435948, 1.1121486418052533, 4.9215738130430715, 4.249811648677387]
iteration = 999.0 , objective = [1.73561476], inputs = [ 0.52359878  0.01        0.07826783  0.33886086  0.58651363  0.27
  2.          0.80837872  0.27       -0.53582299  2.          0.25
 -0.41788239], constraints = [0.74040456443591, 2.665308258604771, 0.74040456443591, 0.898505456816853, 0.898505456816853, 0.8238055722170219, 8.0, 2.474087902979985]
iteration = 1000.0 , objective = [1.62369757], inputs = [ 0.29397875  0.01        0.11473087  0.36760317  0.62299945  0.22984996
  1.95477055  0.55177813  0.17068881 -0.0741509   1.75271373  0.31362348
 -0.3157835 ], constraints = [0.7294255334958775, 2.7687677682557847, 0.7294255334958775, 0.7382584600514123, 0.7382584600514123, 1.1066271531304728, 5.588592199124387, 3.542674900888202]
iteration = 1001.0 , objective = [2.11238978], inputs = [ 0.52359878  0.01        0.08207633  0.35162777  0.58919607  0.27
  2.          0.25        0.22136088 -0.4902839   2.          0.36412744
 -0.46727939], constraints = [1.03023784847656, 3.2139017768322238, 1.03023784847656, 1.0021312369545645, 1.0021312369545645, 1.9884460678402218, 5.492582450631697, 8.0]
iteration = 1002.0 , objective = [1.8650224], inputs = [ 0.41460337  0.01        0.0975767   0.35921093  0.60524177  0.25094169
  1.97853061  0.39324722  0.197308   -0.29275502  1.88261883  0.34015436
 -0.39536774], constraints = [0.8803825593624215, 3.0098081044911997, 0.8803825593624215, 0.8437468462091272, 0.8437468462091272, 1.334587214322012, 5.534601507534769, 5.031264034974041]
iteration = 1003.0 , objective = [1.7907858], inputs = [ 0.37923833  0.01        0.102606    0.36167139  0.61044801  0.24475796
  1.97156457  0.43972573  0.18950372 -0.2286641   1.84453291  0.33237597
 -0.37203502], constraints = [0.8344493468309693, 2.9406246986885822, 0.8344493468309693, 0.8075824334851383, 0.8075824334851383, 1.2254367960658141, 5.549537567584679, 4.483623408790984]
iteration = 1004.0 , objective = [2.1836571], inputs = [ 0.52359878  0.01        0.09999174  0.36156721  0.60611156  0.27
  2.          0.25        0.20760449 -0.42030523  2.          0.35651501
 -0.55483885], constraints = [1.0121959673602787, 3.373694191955825, 1.0121959673602787, 0.9633136483804724, 0.9633136483804724, 1.2110211097002062, 5.6098619337655915, 8.0]
iteration = 1005.0 , objective = [1.98207173], inputs = [ 0.45331343  0.01        0.10126456  0.36161793  0.60822286  0.25771031
  1.98615553  0.34237253  0.19879169 -0.32700014  1.92430712  0.34476234
 -0.46583642], constraints = [0.9225903341083571, 3.1587820894101166, 0.9225903341083571, 0.8692008628668932, 0.8692008628668932, 1.2154979881801882, 5.5815467650193185, 5.80115335362408]
iteration = 1006.0 , objective = [2.14980751], inputs = [ 0.52359878  0.01        0.09453931  0.36305212  0.600728    0.27
  2.          0.40498788  0.23532239 -0.41487767  2.          0.34750094
 -0.56082057], constraints = [0.9990041797062598, 3.204516204029724, 0.9990041797062598, 0.9029055489569198, 0.9029055489569198, 1.208878064558255, 5.755380046536384, 4.938419443266549]
iteration = 1007.0 , objective = [2.1518163], inputs = [ 0.52359878  0.01        0.08998458  0.36253992  0.59608284  0.27
  2.          0.44331653  0.24236366 -0.42629971  2.          0.38206399
 -0.56031634], constraints = [1.0002220941400741, 3.12171789854932, 1.0002220941400741, 0.9020348406778781, 0.9020348406778781, 1.22817553850714, 5.234725155857467, 4.511449238826446]
iteration = 1008.0 , objective = [2.15036575], inputs = [ 0.52359878  0.01        0.09269936  0.36284521  0.59885152  0.27
  2.          0.42047131  0.23816682 -0.41949178  2.          0.36146321
 -0.56061688], constraints = [0.9994412735952661, 3.170735458729626, 0.9994412735952661, 0.9020764067386229, 0.9020764067386229, 1.209945220232738, 5.533066557740415, 4.756567070866317]
iteration = 1009.0 , objective = [2.15922023], inputs = [ 0.52359878  0.01        0.09313214  0.36339882  0.5992131   0.27
  2.          0.41964466  0.23727411 -0.41839398  2.          0.36739247
 -0.56457009], constraints = [0.9999482794305503, 3.1710698055988176, 0.9999482794305503, 0.9000000499457084, 0.9000000499457084, 1.1996416726203534, 5.443769726538531, 4.765936985334606]
iteration = 1010.0 , objective = [2.10170743], inputs = [ 0.52359878  0.01        0.09373024  0.3637794   0.59761557  0.27
  2.          0.38822591  0.23112633 -0.36566812  2.          0.60205943
 -0.69852399], constraints = [0.9306628777398278, 3.024982525144894, 0.9306628777398278, 0.901424944561271, 0.901424944561271, 0.8033545057073204, 3.3219312119317337, 5.151639650547862]
iteration = 1011.0 , objective = [2.15652319], inputs = [ 0.52359878  0.01        0.09321446  0.3634512   0.59899323  0.27
  2.          0.41532062  0.23642801 -0.41113752  2.          0.39968879
 -0.58300566], constraints = [0.9985206446159768, 3.165827071502421, 0.9985206446159768, 0.9000258243739245, 0.9000258243739245, 1.187743300133809, 5.003893102343834, 4.815556765559328]
iteration = 1012.0 , objective = [2.15436294], inputs = [ 0.52359878  0.01        0.09270723  0.36363131  0.59805635  0.27
  2.          0.41676656  0.23670794 -0.40217799  2.          0.44828287
 -0.60732086], constraints = [0.9972087532711498, 3.1458899337951918, 0.9972087532711498, 0.9000029186085423, 0.9000029186085423, 1.177169082010618, 4.461468729008699, 4.798849466259164]
iteration = 1013.0 , objective = [2.15604569], inputs = [ 0.52359878  0.01        0.09225818  0.36356036  0.59758628  0.27
  2.          0.41779216  0.23691046 -0.40369913  2.          0.45389777
 -0.60665448], constraints = [0.9999974854177837, 3.1429797060869062, 0.9999974854177837, 0.9000014579036659, 0.9000014579036659, 1.2007557841226622, 4.406278539590666, 4.78706926114527]
iteration = 1014.0 , objective = [2.15144696], inputs = [ 0.52359878  0.01        0.09042156  0.3632621   0.59533368  0.27
  2.          0.41624532  0.2366045  -0.40265374  2.          0.51305787
 -0.62482005], constraints = [0.9976430711358044, 3.1019959357588536, 0.9976430711358044, 0.9000033134202163, 0.9000033134202163, 1.1823638751285617, 3.898195761348182, 4.804858782439749]
iteration = 1015.0 , objective = [2.15050611], inputs = [ 0.52359878  0.01        0.08901158  0.36364142  0.59337355  0.27
  2.          0.42235733  0.23781947 -0.39442666  2.          0.58043902
 -0.65059258], constraints = [0.9962268978308851, 3.060540116849002, 0.9962268978308851, 0.900051464575611, 0.900051464575611, 1.1688379748896969, 3.4456677161571756, 4.735326857404312]
iteration = 1016.0 , objective = [2.15297683], inputs = [ 0.52359878  0.01        0.08944006  0.36346044  0.59401999  0.27
  2.          0.41862727  0.23708117 -0.39877792  2.          0.55530578
 -0.63930105], constraints = [0.9994305341107783, 3.0797335648263755, 0.9994305341107783, 0.9000189001454868, 0.9000189001454868, 1.1963933347773952, 3.6016192858509664, 4.777519600628088]
iteration = 1017.0 , objective = [2.15375369], inputs = [ 0.52359878  0.01        0.08904288  0.36352853  0.5934937   0.27
  2.          0.41819107  0.23698874 -0.39779225  2.          0.57234737
 -0.64453091], constraints = [0.9998087104389397, 3.070371759511821, 0.9998087104389397, 0.9000002612534639, 0.9000002612534639, 1.1983766723372875, 3.4943813764263676, 4.782502886289011]
iteration = 1018.0 , objective = [2.15383076], inputs = [ 0.52359878  0.01        0.08875982  0.36354161  0.59312429  0.27
  2.          0.4172588   0.23680491 -0.39736842  2.          0.58410537
 -0.64784722], constraints = [0.9999173282514494, 3.0639633996975113, 0.9999173282514494, 0.9000012000522666, 0.9000012000522666, 1.1993084108993304, 3.4240397291661337, 4.7931882803014325]
iteration = 1019.0 , objective = [2.15391384], inputs = [ 0.52359878  0.01        0.08875029  0.36354001  0.59311611  0.27
  2.          0.41729021  0.23681071 -0.39744646  2.          0.58403179
 -0.64773762], constraints = [0.9999996444446533, 3.0639673866284958, 0.9999996444446533, 0.9000000013683457, 0.9000000013683457, 1.2000006607690281, 3.4244711184829066, 4.792827567042097]
iteration = 1020.0 , objective = [2.15391416], inputs = [ 0.52359878  0.01        0.08874667  0.36354022  0.59311181  0.27
  2.          0.41730566  0.23681377 -0.3974437   2.          0.5841282
 -0.6477644 ], constraints = [0.9999996549228327, 3.063886699522216, 0.9999996549228327, 0.9000000003309103, 0.9000000003309103, 1.1999999554957874, 3.423905924887646, 4.792650015847836]
