iteration = 2394.0 , objective = [4.56059612], inputs = [0.01       0.01       0.01       0.5        0.5        0.135
 2.         1.         0.0675     0.52359878 1.         0.5
 0.31415927], constraints = [1.3807998149881, 1.023760347135665, 1.3807998149881, 0.4811030397324907, 0.4811030397324907, 1790.6600433120498, 2.0, 2.0]
iteration = 2395.0 , objective = [4.56059773], inputs = [0.01000058 0.00999942 0.01000058 0.49999942 0.50000058 0.13499942
 1.99999942 0.99999942 0.06750058 0.52359819 1.00000058 0.49999942
 0.31415985], constraints = [1.380808051719817, 1.0237749993791632, 1.380808051719817, 0.48110874266385734, 0.48110874266385734, 1790.7811180345186, 2.000003493596646, 2.000000582281296]
iteration = 2396.0 , objective = [14.37500537], inputs = [-0.17642591  0.01        0.12511372  0.7         0.62602545  0.27
  2.          0.93613554  0.19916655  0.56765737  1.00282656  0.54269005
  0.16520188], constraints = [0.23836925212484766, 0.735241643629866, 0.23836925212484766, 0.684696666193879, 0.684696666193879, 7293754.191990473, 1.8478808844726573, 2.1364427660388476]
iteration = 2397.0 , objective = [4.56059609], inputs = [0.01       0.01       0.01       0.5        0.5        0.135
 2.         1.         0.0675     0.52359878 1.         0.5
 0.31415926], constraints = [1.3807998103719634, 1.0237603468476364, 1.3807998103719634, 0.4811030448104527, 0.4811030448104527, 1790.6594461274203, 1.9999999979985352, 2.0000000015483583]
iteration = 2398.0 , objective = [4.56056819], inputs = [0.00999734 0.01       0.01000164 0.50000285 0.5000018  0.13500192
 2.         0.99999909 0.06750188 0.5235994  1.00000004 0.50000061
 0.31415714], constraints = [1.3807943853347278, 1.0237600081788667, 1.3807943853347278, 0.48110901207708634, 0.48110901207708634, 1789.9578312611357, 1.99999764598432, 2.0000018211003585]
iteration = 2399.0 , objective = [4.55685158], inputs = [0.00964553 0.01       0.01021888 0.50038028 0.50023962 0.13525669
 2.         0.99987857 0.06775035 0.52368255 1.00000537 0.50008117
 0.31387604], constraints = [1.3800940432989346, 1.023763655394901, 1.3800940432989346, 0.4818979218043585, 0.4818979218043585, 1700.0627057348129, 1.9996861166560245, 2.0002428930643306]
iteration = 2400.0 , objective = [4.50626639], inputs = [0.0056001  0.01       0.01271684 0.50472027 0.50297437 0.13818618
 2.         0.99849271 0.07060751 0.52463862 1.00006671 0.50100754
 0.31064367], constraints = [1.3816853966139244, 1.028939023347428, 1.3816853966139244, 0.49074743946563, 0.49074743946563, 1033.9358957738748, 1.9961110859696363, 2.003019126484678]
iteration = 2401.0 , objective = [4.29274167], inputs = [-0.00796801  0.01        0.02109484  0.5192763   0.51214652  0.14801151
  2.          0.99384465  0.08019022  0.52784521  1.00027243  0.50411453
  0.29980253], constraints = [1.5327839997437995, 1.127900356376097, 1.5327839997437995, 0.5177236870587546, 0.5177236870587546, 702.4639401040662, 1.9842166130031804, 2.0123869538482233]
iteration = 2402.0 , objective = [4.22647829], inputs = [-0.01431877  0.01        0.02501628  0.52608947  0.51643969  0.15261039
  2.          0.99166905  0.08467555  0.5293461   1.00036872  0.5055688
  0.29472817], constraints = [1.5971401784131516, 1.1730690849040095, 1.5971401784131516, 0.5290914395279007, 0.5290914395279007, 578.3921368871929, 1.978699458088096, 2.0168018754612307]
iteration = 2403.0 , objective = [nan], inputs = [-0.50139808  0.01        0.08399503  0.7         0.68058011  0.27
  2.          0.78319741  0.21428838  0.76162765  1.00659266  0.69441894
 -0.25711805], constraints = [-18.702369803517747, -12.17800687131501, -18.702369803517747, 0.7391950025048691, 0.7391950025048691, 629389238.3858322, 1.4495466727111752, 2.553634603383465]
iteration = 2404.0 , objective = [4.18184209], inputs = [-0.0630267   0.01        0.03091415  0.54348052  0.53285373  0.16434935
  2.          0.97082189  0.09763684  0.55257426  1.00099111  0.52445382
  0.23954355], constraints = [1.332300753021267, 1.0188959871387036, 1.332300753021267, 0.5634125671366527, 0.5634125671366527, 42.61665075138008, 1.9086353833508862, 2.060110128675363]
iteration = 2405.0 , objective = [4.37278339], inputs = [-0.0754891   0.01        0.04744533  0.53082203  0.55728447  0.16790264
  1.99970117  0.96403568  0.08212418  0.57041963  1.00212964  0.53358504
  0.21228064], constraints = [1.0187893850855363, 0.9930381104098824, 1.0187893850855363, 0.47269241502608134, 0.47269241502608134, 14.632128765427614, 1.8781066794124563, 2.0743020295835]
iteration = 2406.0 , objective = [4.4200005], inputs = [-0.0824929   0.01        0.05494527  0.54013061  0.56930016  0.18420886
  1.9999983   0.95620022  0.08743833  0.58459191  1.00234988  0.54231115
  0.1907437 ], constraints = [0.9887663478016239, 1.0290026680670439, 0.9887663478016239, 0.46024453810330135, 0.46024453810330135, 5.682954702133005, 1.8482929698883637, 2.0916103794255263]
iteration = 2407.0 , objective = [4.38600827], inputs = [-0.07826409  0.01        0.0504169   0.53451021  0.56204524  0.17436338
  1.9998189   0.96093117  0.08422972  0.57603487  1.0022169   0.53704244
  0.20374742], constraints = [1.0095434381327342, 1.0088398142371493, 1.0095434381327342, 0.4674796480331847, 0.4674796480331847, 10.120610714627892, 1.8661782065887098, 2.08112606276276]
iteration = 2408.0 , objective = [4.42938769], inputs = [-0.08314998  0.01        0.05927103  0.54287457  0.57460684  0.19744359
  2.          0.95354843  0.08723109  0.58810877  1.00126169  0.54772851
  0.18330845], constraints = [0.9898699915539767, 1.0688516770863612, 0.9898699915539767, 0.43119343499640267, 0.43119343499640267, 4.090126136567491, 1.8280254901534934, 2.0974288579871336]
iteration = 2409.0 , objective = [4.39827871], inputs = [-0.08026176  0.01        0.05403704  0.5379301   0.56718124  0.18380006
  1.99989294  0.95791263  0.08545687  0.58097146  1.00182635  0.5414116
  0.19539065], constraints = [1.0039891407207884, 1.0345238617446253, 1.0039891407207884, 0.4515836577244713, 0.4515836577244713, 7.034266527789542, 1.8503969113849432, 2.087761328391352]
iteration = 2410.0 , objective = [4.43809713], inputs = [-0.08333766  0.01        0.06235844  0.54383151  0.57804839  0.21115034
  2.          0.9521884   0.08699043  0.58668221  0.99918067  0.55282569
  0.18051573], constraints = [0.9915333847338493, 1.1038196551855224, 0.9915333847338493, 0.40456015659729083, 0.40456015659729083, 2.988265364111946, 1.8074063589506266, 2.100424661280054]
iteration = 2411.0 , objective = [4.41179582], inputs = [-0.08163612  0.01        0.05775519  0.54056696  0.57203687  0.19602065
  1.99994078  0.95535494  0.08614209  0.58352313  1.00064421  0.54651162
  0.18874427], constraints = [1.0004986044006545, 1.0662668749154702, 1.0004986044006545, 0.42903027564032, 0.42903027564032, 4.829119995196966, 1.830966041459833, 2.093400775845723]
iteration = 2412.0 , objective = [4.44307199], inputs = [-0.08298253  0.01        0.06437184  0.54331526  0.57990654  0.22555884
  2.          0.95193862  0.08611989  0.58124066  0.99624534  0.55775574
  0.18152667], constraints = [0.994507232135871, 1.1339145202807892, 0.994507232135871, 0.3773292461953445, 0.3773292461953445, 2.2526407941565907, 1.78616780880995, 2.100975787907614]
iteration = 2413.0 , objective = [4.45420195], inputs = [-0.0823491   0.01        0.06693984  0.54269094  0.58238929  0.24933034
  2.          0.95161315  0.08488261  0.57169301  0.99118077  0.56613093
  0.18361719], constraints = [0.9984467936390609, 1.1766402765982502, 0.9984467936390609, 0.3396133916883601, 0.3396133916883601, 1.4202948006959808, 1.750797767951422, 2.1016943789102798]
iteration = 2414.0 , objective = [4.45237305], inputs = [-0.07982437  0.01        0.06792013  0.53810529  0.58286995  0.26662002
  2.          0.95317361  0.0805643   0.56106649  0.98651171  0.57279332
  0.18886232], constraints = [0.9995762872605509, 1.2088467262615474, 0.9995762872605509, 0.30422924520221545, 0.30422924520221545, 1.2278465290552074, 1.7222821445592986, 2.0982536409512296]
iteration = 2415.0 , objective = [4.44962022], inputs = [-0.07785186  0.01        0.06678498  0.5352221   0.58087905  0.27
  2.          0.95486664  0.0803913   0.55201767  0.9828923   0.57744192
  0.194169  ], constraints = [1.0000891352959043, 1.2070126202211104, 1.0000891352959043, 0.3000495111338952, 0.3000495111338952, 1.2055115237486163, 1.7021491804486422, 2.094533323838237]
iteration = 2416.0 , objective = [4.4468382], inputs = [-0.07434355  0.01        0.06500742  0.53287421  0.57803181  0.27
  2.          0.95679809  0.08108536  0.5399768   0.97689061  0.58678467
  0.19941806], constraints = [1.0005280927819393, 1.1943632557813895, 1.0005280927819393, 0.3023558063198171, 0.3023558063198171, 1.2083451719617166, 1.6648195808622375, 2.090305178965479]
iteration = 2417.0 , objective = [4.44412057], inputs = [-0.06936499  0.01        0.06426127  0.53192904  0.5767286   0.27
  2.          0.95790808  0.08076396  0.52918451  0.96927071  0.60112027
  0.20064591], constraints = [1.0007949570122712, 1.187861232395391, 1.0007949570122712, 0.30120377570564055, 0.30120377570564055, 1.2085673416489744, 1.6124405633510066, 2.087882998294806]
iteration = 2418.0 , objective = [4.43220905], inputs = [-0.05409633  0.01        0.06438009  0.52945233  0.57648569  0.27
  1.99996263  0.95941888  0.08043232  0.50585847  0.94783727  0.64509523
  0.19595597], constraints = [1.005673267043274, 1.2017889666112103, 1.005673267043274, 0.30000000561990914, 0.30000000561990914, 1.255261438379514, 1.4692982191919026, 2.084556259511568]
iteration = 2419.0 , objective = [4.42595638], inputs = [-0.03851871  0.01        0.06761974  0.52747087  0.58073022  0.27
  1.99995276  0.95874185  0.08042415  0.4908977   0.92643235  0.69232682
  0.18174518], constraints = [1.0045173969086185, 1.2478835329079245, 1.0045173969086185, 0.30000005223263865, 0.30000005223263865, 1.2428126828873518, 1.338143085618295, 2.0860180086630122]
iteration = 2420.0 , objective = [4.3898041], inputs = [-7.96067348e-05  1.00000000e-02  7.98841996e-02  5.23892878e-01
  5.97855371e-01  2.70000000e-01  1.99999820e+00  9.53760399e-01
  8.03640475e-02  4.71260184e-01  8.76580271e-01  8.08677910e-01
  1.31809587e-01], constraints = [1.0184226210843712, 1.4356434105117757, 1.0184226210843712, 0.30000287403807163, 0.30000287403807163, 1.3953331676133756, 1.0839671273436815, 2.0969608378052307]
iteration = 2421.0 , objective = [4.37952001], inputs = [0.03605474 0.01       0.09903139 0.5227017  0.62481001 0.27
 2.         0.94366165 0.08084021 0.47307153 0.82888752 0.92569343
 0.06237788], constraints = [1.0092009241851272, 1.7034345672803188, 1.0092009241851272, 0.30208432260301094, 0.30208432260301094, 1.3685107565978591, 0.8954233603887815, 2.11940371786447]
iteration = 2422.0 , objective = [4.38859686], inputs = [0.04635495 0.01       0.10668652 0.52598379 0.63549057 0.27
 2.         0.93890716 0.08096915 0.47734809 0.81126278 0.96620104
 0.03662647], constraints = [1.0003503952019166, 1.7921779717530981, 1.0003503952019166, 0.30274485326719225, 0.30274485326719225, 1.2272601912472085, 0.8396417965507701, 2.1301360650133376]
iteration = 2423.0 , objective = [4.37643429], inputs = [ 0.07119802  0.01        0.12000531  0.52740385  0.65333948  0.27
  2.          0.93253515  0.08008499  0.47003247  0.76826712  1.05876009
 -0.00647236], constraints = [1.006968673219948, 1.9904089095063013, 1.006968673219948, 0.30000423044831936, 0.30000423044831936, 1.2652189320633234, 0.7256290903873398, 2.144691279490802]
iteration = 2424.0 , objective = [4.37218958], inputs = [ 0.0937371   0.01        0.13324674  0.52576986  0.67040035  0.27
  2.          0.92732452  0.08001112  0.46037409  0.72250887  1.15064209
 -0.0437961 ], constraints = [1.006790436986528, 2.2011225808057437, 1.006790436986528, 0.3000035552619703, 0.3000035552619703, 1.259940301273415, 0.6279179902427612, 2.1567422874463698]
iteration = 2425.0 , objective = [4.36205918], inputs = [ 0.12364694  0.01        0.15229201  0.52264632  0.6946018   0.27
  2.          0.92040109  0.07991081  0.44720921  0.65641615  1.27979129
 -0.09391936], constraints = [1.0119934612715626, 2.527169556584992, 1.0119934612715626, 0.3000064515677573, 0.3000064515677573, 1.3130158672399121, 0.5129087505442588, 2.17296570186203]
iteration = 2426.0 , objective = [4.37482749], inputs = [ 0.12556733  0.01        0.155036    0.52206817  0.69787516  0.27
  2.          0.91977113  0.07989956  0.4467681   0.64759122  1.29479508
 -0.09853226], constraints = [1.0001320112227827, 2.5609965036513973, 1.0001320112227827, 0.30000005470104407, 0.30000005470104407, 1.2051803289261067, 0.5001495835821841, 2.1744539771372855]
iteration = 2427.0 , objective = [4.37508295], inputs = [ 0.12531284  0.01        0.15495113  0.52204636  0.69771775  0.27
  2.          0.9201459   0.07990514  0.44669983  0.64750732  1.29501457
 -0.0977484 ], constraints = [1.0000004620859684, 2.5589957998949804, 1.0000004620859684, 0.30000001936900555, 0.30000001936900555, 1.2000333245290582, 0.500000025353621, 2.1735683500061587]
iteration = 2428.0 , objective = [4.37500815], inputs = [ 0.1246539   0.01        0.15471305  0.52181924  0.69732706  0.27
  2.          0.92158697  0.07992661  0.44715701  0.64786313  1.29572626
 -0.09560137], constraints = [0.9999992018771997, 2.554858309778489, 0.9999992018771997, 0.3000002854076486, 0.3000002854076486, 1.2001119182415279, 0.5000000000139256, 2.170169571950567]
iteration = 2429.0 , objective = [4.37482645], inputs = [ 0.1222761   0.01        0.15402109  0.52130192  0.69621068  0.27
  2.          0.92707037  0.08000762  0.44993679  0.64948812  1.29897624
 -0.08838714], constraints = [1.0000023230096353, 2.541633159576204, 1.0000023230096353, 0.3000040780536941, 0.3000040780536941, 1.2009592494394359, 0.5000000000000349, 2.157333538181239]
iteration = 2430.0 , objective = [4.37473319], inputs = [ 0.12112707  0.01        0.15388073  0.52140705  0.69601129  0.27
  2.          0.93002624  0.08004888  0.45257563  0.65065934  1.30131867
 -0.08552682], constraints = [0.9999997506548541, 2.5371591514171703, 0.9999997506548541, 0.3000011589278135, 0.3000011589278135, 1.20002585790979, 0.5000000000000349, 2.1504769536067463]
iteration = 2431.0 , objective = [4.37283528], inputs = [ 0.10328609  0.01        0.1528011   0.52437522  0.6948573   0.27
  2.          0.97887404  0.08073884  0.5018028   0.67163376  1.34326751
 -0.04392673], constraints = [0.9997702532654416, 2.4824722242356283, 0.9997702532654416, 0.300290770672021, 0.300290770672021, 1.1992473268473853, 0.5000000000000349, 2.0431637889164533]
iteration = 2432.0 , objective = [4.37105764], inputs = [0.06112421 0.01       0.15135307 0.53375174 0.69409855 0.27
 2.         1.09647848 0.08192466 0.6260084  0.7237549  1.4475098
 0.05102269], constraints = [0.9987828980861652, 2.3674257805683157, 0.9987828980861652, 0.3012067900428462, 0.3012067900428462, 1.1958089113368038, 0.5000000000000349, 1.8240212043473036]
iteration = 2433.0 , objective = [4.3688192], inputs = [0.05678839 0.01       0.15204376 0.53672888 0.69554686 0.27
 2.         1.11041177 0.08164928 0.64509916 0.73120268 1.46240537
 0.05819515], constraints = [0.9999261324267575, 2.3614643297211857, 0.9999261324267575, 0.300010763019366, 0.300010763019366, 1.2023049098607177, 0.500000000000035, 1.8011336417955015]
iteration = 2434.0 , objective = [4.36798252], inputs = [0.05804935 0.01       0.1536026  0.53899958 0.69826806 0.27
 2.         1.11000244 0.08164416 0.65237341 0.73312278 1.46624556
 0.05085185], constraints = [0.9999454593409789, 2.380708188642471, 0.9999454593409789, 0.3000000094082891, 0.3000000094082891, 1.207563074813605, 0.5000000000000349, 1.8017978372619052]
iteration = 2435.0 , objective = [4.36818625], inputs = [0.05885594 0.01       0.15366179 0.53908692 0.69834125 0.27
 2.         1.10739855 0.08163139 0.65000999 0.73201046 1.46402092
 0.04869938], constraints = [0.9999997620293574, 2.3824605937846797, 0.9999997620293574, 0.30000038010856744, 0.30000038010856744, 1.200037199738956, 0.5000000000000349, 1.806034518938834]
iteration = 2436.0 , objective = [4.36818675], inputs = [0.05880011 0.01       0.15366683 0.53911678 0.69835667 0.27
 2.         1.10750618 0.08163182 0.65025019 0.73207773 1.46415547
 0.04879019], constraints = [1.0000003271831446, 2.3824194992054495, 1.0000003271831446, 0.3000000006539848, 0.3000000006539848, 1.2000004253597314, 0.5000000000000349, 1.8058589944973757]
iteration = 2437.0 , objective = [4.36818577], inputs = [0.05864372 0.01       0.15366944 0.53917478 0.69839419 0.27
 2.         1.10758075 0.08163219 0.65095265 0.73218592 1.46437185
 0.04904754], constraints = [1.0000002066309843, 2.38241800152757, 1.0000002066309843, 0.3000000003141043, 0.3000000003141043, 1.2000027467663612, 0.5000000000000349, 1.805737416852627]
iteration = 2438.0 , objective = [4.36818301], inputs = [0.05839063 0.01       0.15364318 0.53921095 0.69843314 0.27
 2.         1.10718403 0.08163021 0.6521112  0.73216844 1.46433689
 0.04947933], constraints = [1.0000003182899337, 2.3825802028169236, 1.0000003182899337, 0.300000008894492, 0.300000008894492, 1.2000081678476235, 0.5000000000000349, 1.8063844389364951]
iteration = 2439.0 , objective = [4.36817418], inputs = [0.05754931 0.01       0.15349124 0.53920528 0.69845883 0.27
 2.         1.10560007 0.08162229 0.65559339 0.73192929 1.46385858
 0.05109472], constraints = [1.000000800339108, 2.3826621823993914, 1.000000800339108, 0.3000001423217093, 0.3000001423217093, 1.200041921276523, 0.5000000000000349, 1.8089723874244372]
iteration = 2440.0 , objective = [4.36815711], inputs = [0.05609692 0.01       0.15311702 0.53898331 0.69838195 0.27
 2.         1.10156329 0.08160187 0.66138563 0.73096955 1.46193911
 0.0540421 ], constraints = [1.0000046945594538, 2.382821145344728, 1.0000046945594538, 0.3000009349955168, 0.3000009349955168, 1.2000836138782645, 0.500000000000035, 1.8156015353482318]
iteration = 2441.0 , objective = [4.36810926], inputs = [0.04963186 0.01       0.15165805 0.53835704 0.6977741  0.27
 2.         1.09305128 0.08155748 0.68405043 0.72963302 1.45926604
 0.06812041], constraints = [1.00002057972, 2.3766619359642376, 1.00002057972, 0.3000042679930388, 0.3000042679930388, 1.2005169086061624, 0.500000000000035, 1.8297403242185475]
iteration = 2442.0 , objective = [4.36810231], inputs = [0.05000142 0.01       0.15126969 0.53749697 0.69752254 0.27
 2.         1.08479119 0.081511   0.6834487  0.72649884 1.45299768
 0.06740702], constraints = [1.0000080348723452, 2.380283621951398, 1.0000080348723452, 0.3000041839841044, 0.3000041839841044, 1.2000478018939442, 0.500000000000035, 1.8436727897846379]
iteration = 2443.0 , objective = [4.36800113], inputs = [0.0492688  0.01       0.14989806 0.53512483 0.69666957 0.27
 2.         1.06234709 0.08138025 0.68746792 0.71836045 1.43672089
 0.06937816], constraints = [1.0000768139455851, 2.387396606663528, 1.0000768139455851, 0.30003285867404206, 0.30003285867404206, 1.200384869912198, 0.500000000000035, 1.8826238858318918]
iteration = 2444.0 , objective = [4.36806923], inputs = [0.04891451 0.01       0.14978992 0.53504304 0.69656009 0.27
 2.         1.06226396 0.08137016 0.68834173 0.71830316 1.43660632
 0.070282  ], constraints = [1.0000003157848139, 2.386233652078584, 1.0000003157848139, 0.3000000003632626, 0.3000000003632626, 1.2000045849381282, 0.500000000000035, 1.882771214452272]
iteration = 2445.0 , objective = [4.36806659], inputs = [0.04809056 0.01       0.14961793 0.53504071 0.69635887 0.27
 2.         1.06370875 0.08137976 0.69035424 0.71875521 1.43751041
 0.07235147], constraints = [1.0000000429363038, 2.3830550546678047, 1.0000000429363038, 0.3000001459166582, 0.3000001459166582, 1.2000177273784827, 0.5000000000000349, 1.8802139241276101]
iteration = 2446.0 , objective = [4.36806653], inputs = [0.04797625 0.01       0.14958619 0.53504623 0.69632561 0.27
 2.         1.06387744 0.08138083 0.6906672  0.71876455 1.43752911
 0.07261919], constraints = [1.000000339555101, 2.382515610754426, 1.000000339555101, 0.30000000197915155, 0.30000000197915155, 1.2000001407970826, 0.5000000000000349, 1.8799157885395579]
iteration = 2447.0 , objective = [4.36805651], inputs = [0.04643154 0.01       0.14904712 0.53508756 0.69578149 0.27
 2.         1.06553909 0.08139175 0.69511983 0.71824519 1.43649037
 0.07613784], constraints = [1.0000015007372873, 2.3743227974585595, 1.0000015007372873, 0.3000001914657653, 0.3000001914657653, 1.20002643465825, 0.5000000000000349, 1.8769841685387072]
iteration = 2448.0 , objective = [4.36743602], inputs = [0.01823846 0.01       0.13880935 0.53416518 0.68621264 0.27
 2.         1.07437417 0.08144919 0.77994961 0.70359845 1.4071969
 0.13984833], constraints = [1.0008635538291604, 2.244995973753731, 1.0008635538291604, 0.30000531031766486, 0.30000531031766486, 1.2106411821732321, 0.5000000000000349, 1.8615488434405267]
iteration = 2449.0 , objective = [4.36803278], inputs = [0.04297967 0.01       0.14779364 0.53497463 0.69460991 0.27
 2.         1.06662083 0.08139878 0.70550613 0.71645188 1.43290377
 0.08393836], constraints = [1.0000137377416816, 2.3582935768371542, 1.0000137377416816, 0.3000002486021945, 0.3000002486021945, 1.200175972975742, 0.5000000000000349, 1.8750805774977861]
iteration = 2450.0 , objective = [4.36803414], inputs = [0.04190628 0.01       0.14721912 0.53499613 0.69403806 0.27
 2.         1.06713879 0.08140206 0.70888103 0.71498081 1.42996163
 0.0861952 ], constraints = [1.0000047773189205, 2.35033562914729, 1.0000047773189205, 0.30000001839376655, 0.30000001839376655, 1.2000360475508627, 0.5000000000000349, 1.874170458785607]
iteration = 2451.0 , objective = [4.16946586], inputs = [-0.13648276  0.01        0.04857596  0.53747331  0.59618573  0.27
  2.          1.13736863  0.08185462  1.27555927  0.45214666  0.90429332
  0.45895347], constraints = [1.2219263545291756, 1.3637888807880467, 1.2219263545291756, 0.300303254100788, 0.300303254100788, 5.983232677411699, 0.5000000000000349, 1.7584448461443771]
iteration = 2452.0 , objective = [4.30483205], inputs = [-0.0620805   0.01        0.08971791  0.53644013  0.63699785  0.27
  2.          1.10807726  0.08166587  1.03920988  0.56176917  1.12353835
  0.30348395], constraints = [1.0603944628506299, 1.6741438932226071, 1.0603944628506299, 0.30010769434554035, 0.30010769434554035, 1.8528647713290511, 0.5000000000000349, 1.8049282913135654]
iteration = 2453.0 , objective = [4.35421594], inputs = [-0.00826145  0.01        0.11947804  0.53569278  0.66651939  0.27
  2.          1.08688929  0.08152933  0.868246    0.64106487  1.28212974
  0.19102472], constraints = [1.0123424932071035, 1.99543221753096, 1.0123424932071035, 0.3000259061517078, 0.3000259061517078, 1.3073984939429697, 0.5000000000000349, 1.8401138232681147]
iteration = 2454.0 , objective = [4.3678609], inputs = [0.03687391 0.01       0.14443638 0.53506601 0.69127763 0.27
 2.         1.06911998 0.08141483 0.72486709 0.70756623 1.41513247
 0.09671075], constraints = [1.0001149442539838, 2.312345510252129, 1.0001149442539838, 0.3000002857378053, 0.3000002857378053, 1.2009305308993272, 0.5000000000000349, 1.8706974246557169]
iteration = 2455.0 , objective = [4.36714148], inputs = [0.02933836 0.01       0.14026948 0.53517065 0.68714413 0.27
 2.         1.07208665 0.08143394 0.74880483 0.69646353 1.39292707
 0.11245689], constraints = [1.0007067785784518, 2.256406029092986, 1.0007067785784518, 0.3000016800227624, 0.3000016800227624, 1.205765627923824, 0.5000000000000349, 1.8655208549940043]
iteration = 2456.0 , objective = [4.16632336], inputs = [-0.14287544  0.01        0.0460178   0.5357623   0.59374928  0.27
  2.          1.12790377  0.08178231  1.29154726  0.43984839  0.87969678
  0.46934263], constraints = [1.2269730046595906, 1.3512731404336886, 1.2269730046595906, 0.3001911768943403, 0.3001911768943403, 6.370173058899752, 0.5000000000000349, 1.7732009215580868]
iteration = 2457.0 , objective = [4.30277484], inputs = [-0.07113839  0.01        0.0852791   0.53551584  0.63265366  0.27
  2.          1.1046527   0.08163719  1.06546353  0.54674349  1.09348699
  0.320679  ], constraints = [1.0623065827127711, 1.6296147796773, 1.0623065827127711, 0.3000681153429137, 0.3000681153429137, 1.8985642356963535, 0.500000000000035, 1.810523801459208]
iteration = 2458.0 , objective = [4.35339251], inputs = [-0.01851866  0.01        0.11407759  0.53533507  0.66119035  0.27
  2.          1.08759784  0.08153075  0.89962918  0.62515197  1.25030394
  0.21163295], constraints = [1.012920303787134, 1.929758399000661, 1.012920303787134, 0.3000169149122079, 0.3000169149122079, 1.3152298600018768, 0.5000000000000349, 1.8389150218710313]
iteration = 2459.0 , objective = [4.36701095], inputs = [0.02491324 0.01       0.13784763 0.53518585 0.6847443  0.27
 2.         1.0735209  0.08144289 0.76275088 0.68986967 1.37973935
 0.12162725], constraints = [1.0007834342386273, 2.224355724505806, 1.0007834342386273, 0.30000177408700424, 0.30000177408700424, 1.206405740089336, 0.500000000000035, 1.8630284737868796]
iteration = 2460.0 , objective = [4.36637758], inputs = [0.01798158 0.01       0.13405397 0.53520967 0.68098513 0.27
 2.         1.07576755 0.08145692 0.78459643 0.67954084 1.35908168
 0.13599201], constraints = [1.0012958508232654, 2.17507384625654, 1.0012958508232654, 0.3000024699475249, 0.3000024699475249, 1.2107051782146652, 0.500000000000035, 1.859137685490485]
iteration = 2461.0 , objective = [4.16785009], inputs = [-0.15166552  0.01        0.0435872   0.53451137  0.59127128  0.27
  2.          1.12722452  0.08177052  1.31229139  0.43220024  0.86440047
  0.48606255], constraints = [1.2263673793656276, 1.3313467295909829, 1.2263673793656276, 0.3001607080717571, 0.3001607080717571, 6.566577603602856, 0.500000000000035, 1.7742694177502105]
iteration = 2462.0 , objective = [4.30254658], inputs = [-0.08092874  0.01        0.08130861  0.53480253  0.62867875  0.27
  2.          1.1057688   0.08163976  1.09226143  0.53533244  1.07066487
  0.34009563], constraints = [1.062670904433684, 1.5872345780206403, 1.062670904433684, 0.3000574732142202, 0.3000574732142202, 1.9273393740252143, 0.500000000000035, 1.8086963493902322]
iteration = 2463.0 , objective = [4.35283396], inputs = [-0.02885085  0.01        0.1090799   0.5350169   0.65621891  0.27
  2.          1.08997266  0.08154349  0.9302708   0.61126051  1.22252102
  0.23263175], constraints = [1.0133327149887341, 1.869146579850522, 1.0133327149887341, 0.30001475463069033, 0.30001475463069033, 1.3221226543766074, 0.500000000000035, 1.8349084137275429]
iteration = 2464.0 , objective = [4.36627593], inputs = [0.01392651 0.01       0.13189155 0.53519298 0.67884071 0.27
 2.         1.07699753 0.08146441 0.79720989 0.67362867 1.34725734
 0.14435972], constraints = [1.0013483041915912, 2.1471686192308574, 1.0013483041915912, 0.3000025101138778, 0.3000025101138778, 1.2111608773677065, 0.500000000000035, 1.8570144787537712]
iteration = 2465.0 , objective = [4.3657109], inputs = [0.00734121 0.01       0.12837984 0.53516587 0.67535823 0.27
 2.         1.07899497 0.08147659 0.81769377 0.66402749 1.32805497
 0.15794864], constraints = [1.0017988289315156, 2.1026094998775866, 1.0017988289315156, 0.30000299594280627, 0.30000299594280627, 1.2150587519176246, 0.500000000000035, 1.8535767668990824]
iteration = 2466.0 , objective = [4.28414906], inputs = [-0.10514981  0.01        0.07037673  0.53621891  0.61730473  0.27
  2.          1.13146147  0.0817898   1.16210353  0.50785046  1.01570092
  0.38834173], constraints = [1.0820696712851354, 1.4703793180992097, 1.0820696712851354, 0.30016428041425264, 0.30016428041425264, 2.2667312060625, 0.5000000000000349, 1.7676253669332567]
iteration = 2467.0 , objective = [4.34664315], inputs = [-0.04869347  0.01        0.099487    0.53569042  0.64644028  0.27
  2.          1.10512989  0.08163261  0.98925316  0.58623168  1.17246335
  0.27271339], constraints = [1.0189634013339108, 1.75050178641351, 1.0189634013339108, 0.300043935419066, 0.300043935419066, 1.3827734325227103, 0.5000000000000349, 1.809742025343769]
iteration = 2468.0 , objective = [4.36269541], inputs = [-0.01597556  0.01        0.11635715  0.53538414  0.66332509  0.27
  2.          1.08987005  0.08154151  0.8890819   0.63165563  1.26331125
  0.20570377], constraints = [1.0043219094562807, 1.947744756105417, 1.0043219094562807, 0.300009897854195, 0.300009897854195, 1.2378905819929757, 0.500000000000035, 1.8350811624457035]
iteration = 2469.0 , objective = [4.36308437], inputs = [-0.01449365  0.01        0.11712126  0.53537027  0.66408986  0.27
  2.          1.08917888  0.08153738  0.8845448   0.63371303  1.26742606
  0.20266867], constraints = [1.0039802351821623, 1.957300254223534, 1.0039802351821623, 0.3000090185826764, 0.3000090185826764, 1.234760157864358, 0.500000000000035, 1.8362456665123836]
iteration = 2470.0 , objective = [4.36094881], inputs = [-0.04697867  0.01        0.10143126  0.53678118  0.64777916  0.27
  2.          1.11902069  0.08170228  0.9787406   0.59257073  1.18514146
  0.26784301], constraints = [1.005711163112106, 1.7484365090922767, 1.005711163112106, 0.3000524030890841, 0.3000524030890841, 1.2548924186827155, 0.500000000000035, 1.7872770497193655]
iteration = 2471.0 , objective = [4.36358929], inputs = [-0.0310714   0.01        0.10911434  0.53609028  0.65576619  0.27
  2.          1.10440774  0.08162153  0.93261477  0.6127173   1.22543461
  0.23592842], constraints = [1.0033863963307348, 1.8475061557187369, 1.0033863963307348, 0.30001837491015554, 0.30001837491015554, 1.2305914608196118, 0.5000000000000349, 1.8109253665357037]
iteration = 2472.0 , objective = [4.36686435], inputs = [-0.04116273  0.01        0.10510982  0.53840234  0.65127225  0.27
  2.          1.12988048  0.08174582  0.961008    0.60483891  1.20967782
  0.25515527], constraints = [1.0003010900422198, 1.7757506556916078, 1.0003010900422198, 0.30003574843190345, 0.30003574843190345, 1.2025155094177598, 0.500000000000035, 1.7700987223156546]
iteration = 2473.0 , objective = [4.35868297], inputs = [-0.0850984   0.01        0.08790077  0.54340107  0.63415808  0.27
  2.          1.18456016  0.08197011  1.09463158  0.56729805  1.13459609
  0.34143288], constraints = [1.0072620430824057, 1.547127918570669, 1.0072620430824057, 0.3001395799140612, 0.3001395799140612, 1.264440777256211, 0.500000000000035, 1.6883903953393278]
iteration = 2474.0 , objective = [4.36422342], inputs = [-0.06607254  0.01        0.09535296  0.54123642  0.64156919  0.27
  2.          1.16088172  0.08187298  1.03676734  0.58355471  1.16710942
  0.30407129], constraints = [1.002394890307623, 1.6421587839553184, 1.002394890307623, 0.30006199129711814, 0.30006199129711814, 1.2207055370481998, 0.5000000000000349, 1.7228284053919094]
iteration = 2475.0 , objective = [4.33303792], inputs = [-0.15760219  0.01        0.06422001  0.54751305  0.61292749  0.27
  2.          1.22866363  0.08208841  1.31909332  0.51676741  1.03353481
  0.48314183], constraints = [1.0299906763680178, 1.301158558812907, 1.0299906763680178, 0.30018145345593444, 0.30018145345593444, 1.498805102863754, 0.5000000000000349, 1.6277848162838477]
iteration = 2476.0 , objective = [4.35831679], inputs = [-0.10736524  0.01        0.08130764  0.54406806  0.62864777  0.27
  2.          1.19146086  0.08197017  1.16413593  0.55342427  1.10684855
  0.38485721], constraints = [1.0070828254721382, 1.4751292040202244, 1.0070828254721382, 0.30007309193339543, 0.30007309193339543, 1.2637043614028882, 0.5000000000000349, 1.6786115789125362]
iteration = 2477.0 , objective = [4.30758735], inputs = [-0.23916723  0.01        0.0433172   0.55332054  0.59563345  0.27
  2.          1.28389989  0.08220055  1.57079633  0.47908254  0.95816509
  0.63869252], constraints = [1.0529669686844187, 1.1028544411831842, 1.0529669686844187, 0.3002813716799719, 0.3002813716799719, 1.7789690012755668, 0.500000000000035, 1.5577538470340015]
iteration = 2478.0 , objective = [4.34967516], inputs = [-0.16616182  0.01        0.06436018  0.54819557  0.61392015  0.27
  2.          1.23269772  0.08207294  1.34554626  0.52026059  1.04052117
  0.4980926 ], constraints = [1.0137980121807, 1.288454559255853, 1.0137980121807, 0.3001009201233027, 0.3001009201233027, 1.3287831042447187, 0.5000000000000349, 1.6224577797477964]
iteration = 2479.0 , objective = [4.35632836], inputs = [-0.13949279  0.01        0.07204723  0.54632341  0.62060033  0.27
  2.          1.21399344  0.08202633  1.2632619   0.53530302  1.07060604
  0.44673113], constraints = [1.0082233105200098, 1.3689775516033398, 1.0082233105200098, 0.3000738442935419, 0.3000738442935419, 1.2748351617789742, 0.5000000000000349, 1.6474553536091763]
iteration = 2480.0 , objective = [4.33888168], inputs = [-0.23700818  0.01        0.04847571  0.5513213   0.60278311  0.27
  2.          1.25413582  0.08209539  1.57079633  0.49359419  0.98718837
  0.63311399], constraints = [1.0217651379776893, 1.1436690024847285, 1.0217651379776893, 0.30005149482443133, 0.30005149482443133, 1.4130734210296838, 0.500000000000035, 1.5947236023193725]
iteration = 2481.0 , objective = [4.35330091], inputs = [-0.19022091  0.01        0.05978518  0.54892334  0.6113317   0.27
  2.          1.23487576  0.08206226  1.42324325  0.51360582  1.02721164
  0.54368867], constraints = [1.0096146891840299, 1.2443888752886076, 1.0096146891840299, 0.3000497836234729, 0.3000497836234729, 1.290127513129327, 0.5000000000000349, 1.6195961233764695]
iteration = 2482.0 , objective = [4.35726372], inputs = [-0.236424    0.01        0.0513808   0.54709479  0.60739715  0.27
  2.          1.20914044  0.08199996  1.57079633  0.49668648  0.99337296
  0.6309776 ], constraints = [1.0044208068733453, 1.1857198934085063, 1.0044208068733453, 0.3000212935100695, 0.3000212935100695, 1.2437188929216094, 0.500000000000035, 1.6540675738825994]
iteration = 2483.0 , objective = [4.36157426], inputs = [-0.23639967  0.01        0.05274587  0.54015137  0.61063908  0.27
  2.          1.14197991  0.08183601  1.57079633  0.48999347  0.97998693
  0.63028094], constraints = [1.0003122104064683, 1.2404688171524323, 1.0003122104064683, 0.300175183268189, 0.300175183268189, 1.201015109072527, 0.5000000000000349, 1.75134429720831]
iteration = 2484.0 , objective = [4.36172799], inputs = [-0.23925422  0.01        0.05513004  0.53608628  0.61461537  0.27
  2.          1.08412155  0.08155706  1.57079633  0.49894112  0.97966028
  0.63350746], constraints = [1.0000690579860836, 1.2972167939496224, 1.0000690579860836, 0.30017639072854735, 0.30017639072854735, 1.2025702483731293, 0.5093001394418749, 1.8448115893605976]
iteration = 2485.0 , objective = [4.36157639], inputs = [-0.23777149  0.01        0.05389163  0.5381978   0.61254997  0.27
  2.          1.1141748   0.08170195  1.57079633  0.49429346  0.97982995
  0.63183151], constraints = [1.0001802119540213, 1.2674419609541963, 1.0001802119540213, 0.3001297898054807, 0.3001297898054807, 1.201135686630212, 0.5044686135905491, 1.7950504782844467]
iteration = 2486.0 , objective = [4.36169915], inputs = [-0.23778313  0.01        0.05369183  0.53835563  0.61228092  0.27
  2.          1.11560745  0.08167118  1.57079633  0.49199361  0.97600357
  0.63098683], constraints = [1.0000142527456273, 1.2639389700165056, 1.0000142527456273, 0.3000001058699601, 0.3000001058699601, 1.2001718997640196, 0.5040899696496501, 1.792745289701451]
iteration = 2487.0 , objective = [4.36159582], inputs = [-0.23725794  0.01        0.05312085  0.53945732  0.61144897  0.27
  2.          1.12559757  0.08171836  1.57079633  0.485679    0.96662762
  0.62739232], constraints = [1.0000719707548227, 1.2508605690163195, 1.0000719707548227, 0.3000053412927241, 0.3000053412927241, 1.2007706161911391, 0.5024468424203699, 1.7768339763348289]
iteration = 2488.0 , objective = [4.36166941], inputs = [-0.23639926  0.01        0.05309891  0.53965727  0.61146737  0.27
  2.          1.12821634  0.08172839  1.57079633  0.48434754  0.96666204
  0.62577043], constraints = [0.9999990839689976, 1.2496248027878152, 0.9999990839689976, 0.3000003537848039, 0.3000003537848039, 1.199979797733642, 0.5010515811616174, 1.7727096560470224]
iteration = 2489.0 , objective = [4.3616374], inputs = [-0.23534708  0.01        0.05339103  0.53949907  0.61200002  0.27
  2.          1.12621508  0.0817196   1.57079633  0.4845923   0.96917931
  0.62420478], constraints = [1.0000135846311204, 1.2547768586298254, 1.0000135846311204, 0.30000020571302277, 0.30000020571302277, 1.200152515942468, 0.5000027313001717, 1.775859722358046]
iteration = 2490.0 , objective = [4.36164848], inputs = [-0.23502327  0.01        0.05365344  0.53914924  0.61246885  0.27
  2.          1.12169288  0.08169964  1.57079633  0.48509146  0.9701829
  0.62368647], constraints = [1.0000020774134744, 1.2605303108524448, 1.0000020774134744, 0.3000010646145716, 0.3000010646145716, 1.200029325775227, 0.5000000028253502, 1.7830192490943708]
iteration = 2491.0 , objective = [4.36165017], inputs = [-0.234973    0.01        0.05369525  0.53905916  0.6125569   0.27
  2.          1.12047962  0.08169383  1.57079633  0.48491298  0.96982596
  0.62347842], constraints = [1.0000005516421309, 1.2617146083927384, 1.0000005516421309, 0.30000007791234906, 0.30000007791234906, 1.200002101677081, 0.49999999999895994, 1.7849499075225679]
iteration = 2492.0 , objective = [4.36165005], inputs = [-0.23497209  0.01        0.05369379  0.53904653  0.61256363  0.27
  2.          1.12019951  0.08169252  1.57079633  0.48469789  0.96939579
  0.62335791], constraints = [1.0000005762060116, 1.2618227856893753, 1.0000005762060116, 0.30000000417007955, 0.30000000417007955, 1.2000026281087148, 0.5000000000000006, 1.785396247662872]
iteration = 2493.0 , objective = [4.36165033], inputs = [-0.23497782  0.01        0.05368936  0.53905216  0.61255555  0.27
  2.          1.12027885  0.08169289  1.57079633  0.48469421  0.96938842
  0.62337038], constraints = [1.0000003400639204, 1.2617250263957178, 1.0000003400639204, 0.30000000033478386, 0.30000000033478386, 1.2000000076535466, 0.5000000000000006, 1.7852697992736608]
