iteration = 2494.0 , objective = [4.62596571], inputs = [0.01       0.01       0.01       0.5        0.5        0.135
 2.         1.         0.0675     0.52359878 1.         0.5
 0.31415927], constraints = [1.3807998149881, 1.023760347135665, 1.3807998149881, 0.4811030397324907, 0.4811030397324907, 1790.6600433120498, 2.0, 2.0]
iteration = 2495.0 , objective = [4.62596725], inputs = [0.01000058 0.00999942 0.01000058 0.49999942 0.50000058 0.13499942
 1.99999942 0.99999942 0.06750058 0.52359819 1.00000058 0.49999942
 0.31415985], constraints = [1.380808051719817, 1.0237749993791632, 1.380808051719817, 0.48110874266385734, 0.48110874266385734, 1790.7811180345186, 2.000003493596646, 2.000000582281296]
iteration = 2496.0 , objective = [15.69185501], inputs = [-0.17783279  0.01        0.12505949  0.7         0.62596608  0.27
  2.          0.9459825   0.19920934  0.54892361  1.00014696  0.54055907
  0.18117754], constraints = [0.2730829052096121, 0.7354725095488558, 0.2730829052096121, 0.6844803537362982, 0.6844803537362982, 448.65361191567223, 1.8502084294600871, 2.114204014967659]
iteration = 2497.0 , objective = [4.29668289], inputs = [-0.11522166  0.01        0.0867062   0.63333312  0.58397726  0.22499986
  2.          0.96398839  0.15530609  0.54048197  1.00009797  0.52703934
  0.22550492], constraints = [1.3023550475299548, 1.2474077414765918, 1.3023550475299548, 0.6446356326668301, 0.6446356326668301, 0.2253582563508964, 1.8975774545883277, 2.074713784208091]
iteration = 2498.0 , objective = [3.96265576], inputs = [-0.07315605  0.01        0.06093835  0.58854264  0.55576684  0.19476628
  2.          0.97608574  0.12580946  0.53481041  1.00006506  0.51795604
  0.2552865 ], constraints = [1.7373159452188522, 1.369202184255445, 1.7373159452188522, 0.6072209024548528, 0.6072209024548528, 19.169595900162335, 1.9307913957500942, 2.0490003248991124]
iteration = 2499.0 , objective = [5.18121654], inputs = [-0.07305208  0.01        0.11769963  0.7         0.62825723  0.16984231
  1.99941525  0.99921127  0.03876863  0.88759993  1.03353875  0.63215908
 -0.12385415], constraints = [0.887866631850938, 0.8705575224705202, 0.887866631850938, 0.23307128393689086, 0.23307128393689086, 2499.2737408163916, 1.6349345773568653, 2.000993489369859]
iteration = 2500.0 , objective = [3.96265576], inputs = [-0.07315605  0.01        0.06093835  0.58854264  0.55576684  0.19476628
  2.          0.97608574  0.12580946  0.53481041  1.00006506  0.51795604
  0.2552865 ], constraints = [1.7373159448801831, 1.36920218408586, 1.7373159448801831, 0.6072209023137382, 0.6072209023137382, 19.169595885877555, 1.930791395584236, 2.0490003248765394]
iteration = 2501.0 , objective = [3.96265185], inputs = [-0.07315605  0.01        0.06093896  0.58854383  0.55576762  0.19476601
  1.99999999  0.97608599  0.12580853  0.5348142   1.00006542  0.51795726
  0.25528244], constraints = [1.73730804381179, 1.3691982277177432, 1.73730804381179, 0.6072176101440466, 0.6072176101440466, 19.169262636995178, 1.930787526175034, 2.048999798249753]
iteration = 2502.0 , objective = [3.96205866], inputs = [-0.07315588  0.01        0.06103186  0.58872626  0.55588627  0.19472522
  1.99999904  0.97612384  0.12566606  0.53539162  1.00012021  0.51814418
  0.25466188], constraints = [1.736099303545318, 1.3685933653955733, 1.736099303545318, 0.6067146164303117, 0.6067146164303117, 19.11860722495365, 1.930196727789012, 2.0489193644914825]
iteration = 2503.0 , objective = [3.9553702], inputs = [-0.07315378  0.01        0.06217911  0.590979    0.55735143  0.19422146
  1.99998722  0.97659125  0.12390682  0.54252211  1.00079677  0.52045242
  0.24699879], constraints = [1.7210490862139793, 1.3610298167428232, 1.7210490862139793, 0.6004789433994151, 0.6004789433994151, 18.53249084021592, 1.9229361252595076, 2.0479266277727515]
iteration = 2504.0 , objective = [4.36105973], inputs = [-0.08397479  0.01        0.0819333   0.60014373  0.57825062  0.18712249
  1.9977973   0.98616774  0.05193956  0.57268299  1.00469194  0.54497182
  0.18688028], constraints = [1.0501784289468323, 0.9804192571187835, 1.0501784289468323, 0.2800241916897826, 0.2800241916897826, 7.096680022898535, 1.8435667712537822, 2.0258189640730255]
iteration = 2505.0 , objective = [4.01466828], inputs = [-0.0758592   0.01        0.06711796  0.59327033  0.56257655  0.19244661
  1.99943971  0.97898552  0.10591389  0.5500628   1.00177062  0.52658265
  0.23196823], constraints = [1.5434783746818332, 1.2694884888681817, 1.5434783746818332, 0.5255959177080815, 0.5255959177080815, 14.63985597503126, 1.9023995887365397, 2.042358820056498]
iteration = 2506.0 , objective = [4.40101535], inputs = [-0.07997182  0.01        0.09317934  0.61828184  0.58829883  0.17835662
  1.99702129  0.98920517  0.04800776  0.57014149  0.99936028  0.56565533
  0.17016184], constraints = [1.0151819833017144, 0.9731338872965163, 1.0151819833017144, 0.27204831989343903, 0.27204831989343903, 5.872489861382688, 1.7667300670931416, 2.0188140480703285]
iteration = 2507.0 , objective = [4.09456133], inputs = [-0.07717021  0.01        0.07542576  0.60124345  0.57077625  0.18795503
  1.99866877  0.98224332  0.08745468  0.55646344  1.00100226  0.53903817
  0.21226571], constraints = [1.3710654293348148, 1.180874647138491, 1.3710654293348148, 0.45106148241951827, 0.45106148241951827, 10.909402975307325, 1.8570155455264354, 2.034800064402808]
iteration = 2508.0 , objective = [4.40362092], inputs = [-0.08077588  0.01        0.09540761  0.61908326  0.59020379  0.17633129
  1.99615995  0.98947581  0.0500389   0.53278389  0.98934103  0.57086446
  0.19818231], constraints = [1.0087667960617483, 0.9849686531096763, 1.0087667960617483, 0.285721642453253, 0.285721642453253, 4.298772065218745, 1.7330576665023782, 2.0173913517066793]
iteration = 2509.0 , objective = [4.16881018], inputs = [-0.07823534  0.01        0.08132848  0.6065134   0.57651522  0.18452133
  1.99792765  0.98437983  0.07640191  0.54946841  0.99755748  0.54843979
  0.20810541], constraints = [1.262141734990894, 1.1262276079324223, 1.262141734990894, 0.4052691026127697, 0.4052691026127697, 8.361170942122472, 1.818900653281666, 2.0296308369762066]
iteration = 2510.0 , objective = [4.42040553], inputs = [-0.07401405  0.01        0.10609888  0.64175055  0.60092265  0.16815016
  1.99454049  0.99451315  0.04808007  0.53453339  0.98076673  0.6007651
  0.17396377], constraints = [0.9936804034669287, 0.9858382629292687, 0.9936804034669287, 0.2875738410326295, 0.2875738410326295, 3.5188247151194756, 1.6325294665119832, 2.005544611769058]
iteration = 2511.0 , objective = [4.43433992], inputs = [-0.0789283   0.01        0.09898188  0.6288175   0.59351865  0.17385165
  1.99416108  0.99239414  0.05799629  0.48713412  0.97068727  0.60002433
  0.2181393 ], constraints = [0.9991765040004417, 0.994301547143959, 0.9991765040004417, 0.33183882407798926, 0.33183882407798926, 2.0148000140002997, 1.6177465257535233, 2.0094446259208913]
iteration = 2512.0 , objective = [4.42076019], inputs = [-0.07618897  0.01        0.10294908  0.63602671  0.59764582  0.1706735
  1.99437257  0.99357533  0.05246874  0.51355567  0.97630582  0.60043726
  0.19351475], constraints = [0.996296484866382, 0.9909478281477069, 0.996296484866382, 0.3076053733410714, 0.3076053733410714, 2.6777753257196393, 1.6259914084742826, 2.007268607876661]
iteration = 2513.0 , objective = [4.42296002], inputs = [-0.07190475  0.01        0.11205694  0.66160858  0.60738189  0.1707807
  1.99235876  0.99844256  0.05112978  0.49359227  0.96110505  0.63340957
  0.18819213], constraints = [0.9991961717162462, 1.0016013864946514, 0.9991961717162462, 0.29999686993984054, 0.29999686993984054, 1.5457141772055014, 1.517351638917296, 1.995466585325648]
iteration = 2514.0 , objective = [4.36772267], inputs = [-0.0425887   0.01        0.13706537  0.7         0.63500234  0.15142922
  1.98464627  1.01619384  0.04543256  0.42699898  0.90815427  0.74701491
  0.18029453], constraints = [1.0302332129916354, 1.0825385490559327, 1.0302332129916354, 0.30010069145176727, 0.30010069145176727, 1.6943952043685016, 1.2157110321408207, 1.9530193803459825]
iteration = 2515.0 , objective = [4.40043417], inputs = [-0.03832962  0.01        0.14258691  0.7         0.64050113  0.15397804
  1.98358701  1.01954178  0.04619547  0.44216401  0.90230938  0.76146084
  0.15576834], constraints = [0.9988292188180795, 1.1149162233388976, 0.9988292188180795, 0.30000125018906404, 0.30000125018906404, 1.2971637819182047, 1.18497148641794, 1.9455671705230055]
iteration = 2516.0 , objective = [4.38342463], inputs = [-0.01653833  0.01        0.15999527  0.7         0.65897492  0.15706394
  1.97877736  1.03211536  0.04717414  0.43753548  0.86939118  0.83470321
  0.11833842], constraints = [1.0052728680390712, 1.2617640019045095, 1.0052728680390712, 0.30000889048925583, 0.30000889048925583, 1.269649537369219, 1.0415572600081844, 1.9172056064198926]
iteration = 2517.0 , objective = [4.31451569], inputs = [0.03647604 0.01       0.20574452 0.7        0.70704279 0.15857702
 1.96487826 1.06753622 0.04776473 0.40703468 0.77127624 1.03380079
 0.04232416], constraints = [1.0457515240336155, 1.649502453924337, 1.0457515240336155, 0.30010313174040326, 0.30010313174040326, 1.6608362272826072, 0.7460588681524137, 1.840572925334317]
iteration = 2518.0 , objective = [4.36926283], inputs = [0.04025787 0.01       0.21555804 0.7        0.71671974 0.15810809
 1.9608904  1.07759131 0.04763487 0.41152097 0.7418615  1.07359332
 0.03183729], constraints = [1.0004732522360316, 1.6989863430989567, 1.0004732522360316, 0.3000081177089433, 0.3000081177089433, 1.2521384007495737, 0.6910079303387812, 1.819697673190283]
iteration = 2519.0 , objective = [4.34847645], inputs = [ 0.06979511  0.01        0.24901111  0.7         0.75124176  0.16041904
  1.94943698  1.10707131  0.04840692  0.40775592  0.66069529  1.21630917
 -0.01802402], constraints = [1.0128219190020376, 1.987232707324033, 1.0128219190020376, 0.3000571609638962, 0.3000571609638962, 1.3115181091555588, 0.5431968354790745, 1.760895573945423]
iteration = 2520.0 , objective = [4.36285459], inputs = [ 0.07746786  0.01        0.26022714  0.7         0.76275077  0.16157005
  1.94504782  1.11871094  0.04876717  0.41571161  0.63371096  1.26335726
 -0.0354297 ], constraints = [1.0003070036771864, 2.0783542943833355, 1.0003070036771864, 0.30000835856426333, 0.30000835856426333, 1.206154738593472, 0.5016086731958342, 1.7386509429992478]
iteration = 2521.0 , objective = [4.36306174], inputs = [ 0.07806802  0.01        0.26134284  0.7         0.76396356  0.162373
  1.94427352  1.12109518  0.04901243  0.41999095  0.63444045  1.26886319
 -0.03814887], constraints = [0.9999763274637297, 2.094385258662763, 0.9999763274637297, 0.3000002672063775, 0.3000002672063775, 1.2008820881501951, 0.5000069804468499, 1.73426265922616]
iteration = 2522.0 , objective = [4.36284165], inputs = [ 0.07753451  0.01        0.26213215  0.7         0.7648493   0.16306763
  1.94319172  1.12448309  0.04922813  0.4255266   0.63750774  1.2750154
 -0.03792769], constraints = [0.999986305743545, 2.1059868636407404, 0.999986305743545, 0.30000055058852104, 0.30000055058852104, 1.2005330352507364, 0.5000000336820861, 1.7280755364002496]
iteration = 2523.0 , objective = [4.36233574], inputs = [ 0.07458704  0.01        0.26429319  0.7         0.7672695   0.16466987
  1.93958929  1.13566599  0.049731    0.4421743   0.64752736  1.29505471
 -0.03289595], constraints = [0.9999095870722258, 2.1331596173857927, 0.9999095870722258, 0.300006362383158, 0.300006362383158, 1.2018668789363058, 0.5000000005211871, 1.707887103403483]
iteration = 2524.0 , objective = [4.36146532], inputs = [ 0.06641406  0.01        0.26866501  0.7         0.77215999  0.16762641
  1.93135507  1.16117649  0.05066119  0.47814697  0.67015905  1.34031811
 -0.01619777], constraints = [0.9996815266630945, 2.1827597947490163, 0.9996815266630945, 0.3000324457812246, 0.3000324457812246, 1.2046252893500584, 0.5000000000176009, 1.6632743562725345]
iteration = 2525.0 , objective = [4.36003928], inputs = [0.05146038 0.01       0.27504743 0.7        0.77929424 0.17163903
 1.91803426 1.20242193 0.05191072 0.53377061 0.70646279 1.41292557
 0.01715825], constraints = [0.9994690658272514, 2.2473983839966776, 0.9994690658272514, 0.30007847173496716, 0.30007847173496716, 1.2088105881982196, 0.5000000000009045, 1.5951424497825442]
iteration = 2526.0 , objective = [4.35805354], inputs = [0.03537578 0.01       0.28029805 0.7        0.78515566 0.17441842
 1.90543052 1.24156512 0.05275032 0.58330238 0.74040963 1.48081926
 0.05593376], constraints = [0.9998507083919405, 2.2897140466366626, 0.9998507083919405, 0.30006360335101334, 0.30006360335101334, 1.2078912418127272, 0.5000000000000413, 1.5347004247364047]
iteration = 2527.0 , objective = [4.35721529], inputs = [0.03056753 0.01       0.28051298 0.7        0.78538285 0.17341852
 1.90309412 1.24911604 0.05243458 0.58916899 0.74627778 1.49255555
 0.07019571], constraints = [0.999980268990616, 2.273499582637637, 0.999980268990616, 0.30000165394698036, 0.30000165394698036, 1.204156311037444, 0.5000000000000414, 1.5235527089780525]
iteration = 2528.0 , objective = [4.35719663], inputs = [0.02989821 0.01       0.28005801 0.7        0.78487361 0.17274786
 1.9033613  1.24888364 0.05223219 0.5870665  0.74552142 1.49104285
 0.0729817 ], constraints = [0.9999932771215104, 2.262320591716249, 0.9999932771215104, 0.30000001228308454, 0.30000001228308454, 1.200927761153865, 0.5000000000000413, 1.5240501551839825]
iteration = 2529.0 , objective = [4.35720423], inputs = [0.0301572  0.01       0.27994471 0.7        0.78475148 0.1727251
 1.90366515 1.24841194 0.05222595 0.58626839 0.74485961 1.48971922
 0.07233945], constraints = [1.0000003560750688, 2.261601559973978, 1.0000003560750688, 0.3000000112935145, 0.3000000112935145, 1.200003906483738, 0.5000000000000413, 1.5248693902384602]
iteration = 2530.0 , objective = [4.35720096], inputs = [0.03064247 0.01       0.27969975 0.7        0.7844967  0.17268662
 1.90443526 1.24807225 0.05221652 0.5849129  0.74347798 1.48695595
 0.07111557], constraints = [1.0000006003337232, 2.2597774281630487, 1.0000006003337232, 0.30000002193689046, 0.30000002193689046, 1.2000153694502946, 0.5000000000000413, 1.5259014535784043]
iteration = 2531.0 , objective = [4.35719472], inputs = [0.03109639 0.01       0.27932965 0.7        0.78412618 0.17268999
 1.90570616 1.24881256 0.05222208 0.58369689 0.74162223 1.48324446
 0.06992808], constraints = [1.000001487228327, 2.2569211430813767, 1.000001487228327, 0.3000000239239344, 0.3000000239239344, 1.2000262930732932, 0.5000000000000413, 1.5260145702287418]
iteration = 2532.0 , objective = [4.35716896], inputs = [0.03160894 0.01       0.27844368 0.7        0.78326907 0.17282478
 1.90897583 1.25315556 0.05227619 0.58250844 0.73765629 1.47531257
 0.06844125], constraints = [1.0000102703426925, 2.2499077820776474, 1.0000102703426925, 0.3000003599143085, 0.3000003599143085, 1.2001194285414545, 0.5000000000000413, 1.5233350873416034]
iteration = 2533.0 , objective = [4.35707845], inputs = [0.03179309 0.01       0.27647317 0.7        0.78140445 0.17326947
 1.91650608 1.26658264 0.05244336 0.5824635  0.72966271 1.45932542
 0.06746769], constraints = [1.000060005891874, 2.233622682317688, 1.000060005891874, 0.3000033006883532, 0.3000033006883532, 1.2005037190311063, 0.5000000000000413, 1.5131314859441733]
iteration = 2534.0 , objective = [4.35701118], inputs = [0.03043673 0.01       0.27449452 0.7        0.77959863 0.17394061
 1.92451137 1.28607335 0.05268224 0.58662    0.72296515 1.4459303
 0.070233  ], constraints = [1.0000770679917108, 2.2161471099023022, 1.0000770679917108, 0.3000067414225085, 0.3000067414225085, 1.2004649481543321, 0.5000000000000413, 1.496424265192406]
iteration = 2535.0 , objective = [4.35583503], inputs = [0.02330806 0.01       0.26811841 0.7        0.77394689 0.17686899
 1.9518506  1.36200937 0.05368719 0.60937922 0.70356906 1.40713812
 0.08525018], constraints = [1.0009533629843896, 2.1621862855223366, 1.0009533629843896, 0.3000843773911937, 0.3000843773911937, 1.2044295133491136, 0.5000000000000413, 1.4330669434282919]
iteration = 2536.0 , objective = [4.35699974], inputs = [0.02197104 0.01       0.26826581 0.7        0.77416553 0.17717281
 1.95205457 1.36692126 0.05376398 0.61412823 0.70516311 1.41032623
 0.08804992], constraints = [0.999998957546308, 2.163310298381633, 0.999998957546308, 0.3000005084977387, 0.3000005084977387, 1.2000469642035112, 0.5000000000000413, 1.4280665819466738]
iteration = 2537.0 , objective = [4.35699476], inputs = [0.02110662 0.01       0.26809467 0.7        0.77405461 0.1773961
 1.953165   1.37119418 0.05383505 0.61713828 0.70525462 1.41050924
 0.089914  ], constraints = [1.0000012752804148, 2.1623299079411136, 1.0000012752804148, 0.3000002099378769, 0.3000002099378769, 1.2000031867956036, 0.5000000000000413, 1.4244262675668513]
iteration = 2538.0 , objective = [4.35698946], inputs = [0.01990834 0.01       0.26780405 0.7        0.77384028 0.17758687
 1.95476447 1.37555202 0.05389787 0.62113267 0.70531899 1.41063797
 0.09254081], constraints = [1.0000015217400897, 2.1603328016512675, 1.0000015217400897, 0.30000019562228725, 0.30000019562228725, 1.200006043341367, 0.5000000000000413, 1.421076367097203]
iteration = 2539.0 , objective = [4.3569829], inputs = [0.01834628 0.01       0.26778916 0.7        0.77389281 0.17751225
 1.95529137 1.37394463 0.05387715 0.62633101 0.70723156 1.41446311
 0.09606539], constraints = [0.9999967468557108, 2.161167335180546, 0.9999967468557108, 0.3000000637220522, 0.3000000637220522, 1.2000561169073685, 0.5000000000000414, 1.4231223909384354]
iteration = 2540.0 , objective = [4.35692137], inputs = [0.01433741 0.01       0.26595506 0.7        0.77230132 0.17750445
 1.96308856 1.38065366 0.05390027 0.63911093 0.70507662 1.41015324
 0.10480357], constraints = [1.0000240294146583, 2.1470718783797245, 1.0000240294146583, 0.30000088567947325, 0.30000088567947325, 1.2002126916237965, 0.5000000000000414, 1.4218544599660539]
iteration = 2541.0 , objective = [4.35647525], inputs = [0.00408289 0.01       0.25982641 0.7        0.76681761 0.17700239
 1.98776998 1.39373558 0.05382831 0.67173376 0.69487784 1.38975567
 0.12673998], constraints = [1.000296385615471, 2.0989658340494626, 1.000296385615471, 0.30000895785134235, 0.30000895785134235, 1.2025361000801067, 0.5000000000000414, 1.4262174314784062]
iteration = 2542.0 , objective = [4.35667507], inputs = [-4.53521245e-04  1.00000000e-02  2.56356382e-01  7.00000000e-01
  7.63586549e-01  1.75735267e-01  2.00000000e+00  1.38242837e+00
  5.34817568e-02  6.85678413e-01  6.88979390e-01  1.37795878e+00
  1.36238874e-01], constraints = [1.000064154093391, 2.0714754708590872, 1.000064154093391, 0.3000080636327328, 0.3000080636327328, 1.2008708695405748, 0.5000000000000413, 1.4467295697651297]
iteration = 2543.0 , objective = [4.35613014], inputs = [0.00316513 0.01       0.25381511 0.7        0.76062601 0.1696102
 2.         1.26814378 0.05161803 0.67429717 0.6847369  1.3694738
 0.1270689 ], constraints = [1.0004911468256612, 2.0583479672489227, 1.0004911468256612, 0.30024078540557503, 0.30024078540557503, 1.2015735000349494, 0.5000000000000413, 1.5771082407082988]
iteration = 2544.0 , objective = [4.35651449], inputs = [0.0024686  0.01       0.25459583 0.7        0.76156107 0.17229303
 2.         1.31873774 0.05243251 0.67638795 0.68431171 1.36862341
 0.12892976], constraints = [1.0001034486749247, 2.060408405240372, 1.0001034486749247, 0.3000622025682289, 0.3000622025682289, 1.200451890981779, 0.5000000000000414, 1.5166017807563577]
iteration = 2545.0 , objective = [4.35662378], inputs = [0.00264426 0.01       0.25439271 0.7        0.76137057 0.1725532
 2.         1.32357242 0.05250218 0.67585652 0.68298254 1.36596508
 0.12842985], constraints = [1.0000022249017706, 2.058206085446497, 1.0000022249017706, 0.3000005505032732, 0.3000005505032732, 1.2000261311761375, 0.5000000000000414, 1.5110620115717155]
iteration = 2546.0 , objective = [4.35649788], inputs = [0.0033339  0.01       0.25270371 0.7        0.75977039 0.1735589
 2.         1.34134701 0.05281459 0.67439179 0.67470373 1.34940746
 0.12602201], constraints = [1.0000696342793622, 2.0437530230220395, 1.0000696342793622, 0.30000600750302553, 0.30000600750302553, 1.200865563180437, 0.5000000000000414, 1.4910384772813698]
iteration = 2547.0 , objective = [4.35650375], inputs = [0.00307657 0.01       0.25090091 0.7        0.75805358 0.173813
 2.         1.34475278 0.05289162 0.6758512  0.66824215 1.33648431
 0.12574547], constraints = [1.00004902129384, 2.02962939760392, 1.00004902129384, 0.3000002160751993, 0.3000002160751993, 1.2005082940294687, 0.5000000000000414, 1.4872622126870547]
iteration = 2548.0 , objective = [4.3561453], inputs = [4.90120973e-04 1.00000000e-02 2.46428904e-01 7.00000000e-01
 7.53863405e-01 1.74179019e-01 2.00000000e+00 1.34836276e+00
 5.30037480e-02 6.85635049e-01 6.54878752e-01 1.30975750e+00
 1.29565604e-01], constraints = [1.0002878650892262, 1.9952300595122547, 1.0002878650892262, 0.300000228245634, 0.300000228245634, 1.2025836644235515, 0.5000000000000414, 1.4832803558734322]
iteration = 2549.0 , objective = [4.35557729], inputs = [-0.00592035  0.01        0.23958972  0.7         0.74750861  0.17432961
  2.          1.3491619   0.05304969  0.70713746  0.63758091  1.27516183
  0.14125823], constraints = [1.0006376644270116, 1.9410993927358122, 1.0006376644270116, 0.3000000109257214, 0.3000000109257214, 1.2053204961749588, 0.5000000000000414, 1.4824017745751332]
iteration = 2550.0 , objective = [3.99346154], inputs = [-0.12408408  0.01        0.12079309  0.7         0.63750461  0.17664275
  1.96762187  1.34023799  0.05365654  1.096678    0.34195286  0.68390572
  0.3573839 ], constraints = [1.366673260511502, 1.2185057981448109, 1.366673260511502, 0.3000205243236376, 0.3000205243236376, 13.614040966862587, 0.5000000000000413, 1.4681137938799893]
iteration = 2551.0 , objective = [4.23974239], inputs = [-0.07534867  0.01        0.16978953  0.7         0.68287463  0.17568872
  1.9809759   1.34391856  0.05340625  0.93601601  0.46388161  0.92776322
  0.26824509], constraints = [1.0959374048458028, 1.4414415204443198, 1.0959374048458028, 0.30000706400380905, 0.30000706400380905, 2.3661124411559493, 0.5000000000000414, 1.4740297159893732]
iteration = 2552.0 , objective = [4.3343924], inputs = [-0.03709603  0.01        0.20824706  0.7         0.71848575  0.1749399
  1.99145753  1.34680747  0.0532098   0.80991172  0.55958402  1.11916803
  0.19827965], constraints = [1.016683304743926, 1.6986239488252235, 1.016683304743926, 0.3000014274271904, 0.3000014274271904, 1.3496219571262575, 0.5000000000000414, 1.4786504991925624]
iteration = 2553.0 , objective = [4.35532011], inputs = [-0.00930709  0.01        0.23618484  0.7         0.74435574  0.17439591
  1.999072    1.34890613  0.05306708  0.71830224  0.6291078   1.2582156
  0.1474527 ], constraints = [1.0007885803695058, 1.9142395478124028, 1.0007885803695058, 0.30000002732921655, 0.30000002732921655, 1.206587990829925, 0.5000000000000413, 1.4819948925793214]
iteration = 2554.0 , objective = [4.32363349], inputs = [-0.05142037  0.01        0.19756276  0.7         0.70869771  0.17289882
  2.          1.32130605  0.05260908  0.85330416  0.53845498  1.07690996
  0.22641096], constraints = [1.024939905087573, 1.6176581116664428, 1.024939905087573, 0.30001457562395156, 0.30001457562395156, 1.4285074315516608, 0.5000000000000413, 1.5136538615066097]
iteration = 2555.0 , objective = [4.34796566], inputs = [-0.03035316  0.01        0.21688349  0.7         0.72653567  0.17364774
  1.99953577  1.33511302  0.0528382   0.78576932  0.58380414  1.16760828
  0.18691201], constraints = [1.0061326235528525, 1.7617574648241654, 1.0061326235528525, 0.30000357561927055, 0.30000357561927055, 1.2520940243113479, 0.5000000000000413, 1.4976528140355305]
iteration = 2556.0 , objective = [4.08992247], inputs = [-0.15547275  0.01        0.11987427  0.7         0.63774319  0.16758351
  1.79502245  1.05813734  0.05032213  1.17782902  0.37706997  0.75413995
  0.41724602], constraints = [1.2506815033824727, 1.172610986314239, 1.2506815033824727, 0.301741039184972, 0.301741039184972, 5.921773567046159, 0.5000000000000414, 1.6963983544590153]
iteration = 2557.0 , objective = [4.28118537], inputs = [-0.09696518  0.01        0.16523706  0.7         0.67926372  0.17041922
  1.89065557  1.18765482  0.05149867  0.99449674  0.47374159  0.94748319
  0.3095388 ], constraints = [1.0602122052735798, 1.3981165317163302, 1.0602122052735798, 0.3003870402860231, 0.3003870402860231, 1.7888612011031122, 0.5000000000000413, 1.5919234638338298]
iteration = 2558.0 , objective = [4.33811806], inputs = [-0.05808163  0.01        0.19538473  0.7         0.70685786  0.17230381
  1.9542124   1.27373086  0.05228059  0.8726559   0.53798861  1.07597721
  0.23795764], constraints = [1.013574654132622, 1.5986980649896474, 1.013574654132622, 0.3000602744363247, 0.3000602744363247, 1.3148071259606326, 0.5000000000000413, 1.5342428032897404]
iteration = 2559.0 , objective = [4.33953996], inputs = [-0.05619962  0.01        0.1968439   0.7         0.70819345  0.17239503
  1.95728862  1.27789703  0.05231844  0.86675868  0.54109823  1.08219645
  0.23449304], constraints = [1.0124684087084117, 1.6092678383990846, 1.0124684087084117, 0.300052442286345, 0.300052442286345, 1.305245619773029, 0.5000000000000412, 1.5316481504278159]
iteration = 2560.0 , objective = [4.35548797], inputs = [-0.06405806  0.01        0.19551579  0.7         0.70729238  0.1718631
  1.92698857  1.24724946  0.05203989  0.89042744  0.54434272  1.08868544
  0.2493858 ], constraints = [0.9999724206160386, 1.5952502745574368, 0.9999724206160386, 0.3000196476488389, 0.3000196476488389, 1.203756407723942, 0.5000000000000413, 1.5449905010422105]
iteration = 2561.0 , objective = [4.35294698], inputs = [-0.09594065  0.01        0.18890402  0.7         0.70305171  0.17782804
  1.97991596  1.38117803  0.05410718  0.9964866   0.54514235  1.09028471
  0.31632442], constraints = [1.001194669464501, 1.5513668455555492, 1.001194669464501, 0.30028285001049004, 0.30028285001049004, 1.198540546644443, 0.5000000000000412, 1.4334980110135371]
iteration = 2562.0 , objective = [4.26003464], inputs = [-0.23947886  0.01        0.12942053  0.7         0.65329188  0.18571
  1.94484854  1.49611707  0.05633019  1.44800204  0.46306077  0.92612154
  0.60013464], constraints = [1.0726640549689017, 1.1614108425902885, 1.0726640549689017, 0.3002937487713187, 0.3002937487713187, 1.9880239602870442, 0.5000000000000412, 1.2999307253214947]
iteration = 2563.0 , objective = [4.32977367], inputs = [-0.16688575  0.01        0.15950375  0.7         0.67845745  0.18172377
  1.96258356  1.43798773  0.05520592  1.21965233  0.50457276  1.00914552
  0.45660028], constraints = [1.0172822485775848, 1.3442297016476914, 1.0172822485775848, 0.3002186922950266, 0.3002186922950266, 1.3438646877227556, 0.5000000000000413, 1.364812456918241]
iteration = 2564.0 , objective = [4.34391145], inputs = [-0.24023711  0.01        0.13756982  0.7         0.66118383  0.18185184
  1.97003005  1.47012518  0.0552159   1.44061479  0.49276454  0.98552909
  0.60502565], constraints = [1.0044958868143232, 1.1823259190954711, 1.0044958868143232, 0.3000085770894908, 0.3000085770894908, 1.2474829887094336, 0.5000000000000412, 1.3400423868154718]
iteration = 2565.0 , objective = [4.3427032], inputs = [-0.28526859  0.01        0.12134537  0.7         0.6476546   0.18016048
  1.93225558  1.4225073   0.05458823  1.57079633  0.47754558  0.95509117
  0.69356294], constraints = [1.0044815696963394, 1.0670894815019212, 1.0044815696963394, 0.3000164367989713, 0.3000164367989713, 1.2388596938318104, 0.5000000000000412, 1.3583449237471297]
iteration = 2566.0 , objective = [4.34810926], inputs = [-0.28649843  0.01        0.11978025  0.7         0.64606509  0.17957812
  1.8885555   1.37958929  0.05426438  1.57079633  0.47313255  0.9462651
  0.69367439], constraints = [1.0002522876313846, 1.0528280703713806, 1.0002522876313846, 0.300025775869318, 0.300025775869318, 1.201351592957321, 0.5000000000000411, 1.3689258910045379]
iteration = 2567.0 , objective = [4.34755275], inputs = [-0.28768875  0.01        0.11735781  0.7         0.64367788  0.18179154
  1.79694557  1.3411996   0.05458491  1.57079633  0.46248842  0.92497683
  0.69089411], constraints = [1.0004992728520952, 1.035042582664014, 1.0004992728520952, 0.30015418211669914, 0.30015418211669914, 1.2097543478027948, 0.5000000000000411, 1.3398047318262436]
iteration = 2568.0 , objective = [4.34812894], inputs = [-0.28715641  0.01        0.11846777  0.7         0.64483857  0.18389852
  1.80317289  1.37463647  0.05519982  1.57079633  0.46386859  0.92773718
  0.69004548], constraints = [1.0000678315454115, 1.043393708931395, 1.0000678315454115, 0.3000153420791713, 0.3000153420791713, 1.200055539852055, 0.5000000000000412, 1.3117452696398255]
iteration = 2569.0 , objective = [4.34816125], inputs = [-0.28664187  0.01        0.11935521  0.7         0.64579369  0.1867011
  1.79662669  1.40950916  0.05598357  1.57079633  0.46347456  0.92694911
  0.68832981], constraints = [1.0000020147350595, 1.0502241804756083, 1.0000020147350595, 0.3000269743658272, 0.3000269743658272, 1.2003392152610184, 0.5000000000000412, 1.2746470506375227]
iteration = 2570.0 , objective = [4.34816275], inputs = [-0.28659569  0.01        0.11936175  0.7         0.64581226  0.18736526
  1.79079291  1.4134795   0.05614479  1.57079633  0.46269172  0.92538345
  0.68770172], constraints = [0.9999973390810424, 1.0503967280175381, 0.9999973390810424, 0.3000021900420378, 0.3000021900420378, 1.2000928945548874, 0.5000000000000412, 1.2669394218612986]
iteration = 2571.0 , objective = [4.34876379], inputs = [-0.28636921  0.01        0.11869827  0.7         0.64534353  0.19788969
  1.68088167  1.46339547  0.05869314  1.57079633  0.4476289   0.89525781
  0.67764326], constraints = [0.9994714439238673, 1.0460733670783202, 0.9994714439238673, 0.30064692389508413, 0.30064692389508413, 1.2307771188791297, 0.5000000000000412, 1.1486175205367193]
iteration = 2572.0 , objective = [4.34815861], inputs = [-0.28657618  0.01        0.11930459  0.7         0.64577188  0.18827191
  1.78132443  1.41777959  0.05636432  1.57079633  0.46139411  0.92278823
  0.68683521], constraints = [0.9999936879139946, 1.0501249821082286, 0.9999936879139946, 0.3000066204596007, 0.3000066204596007, 1.2003122758712823, 0.5000000000000412, 1.2564184400524143]
iteration = 2573.0 , objective = [4.34815726], inputs = [-0.28664328  0.01        0.1192605   0.7         0.64572184  0.18780817
  1.78732149  1.41652352  0.0562567   1.57079633  0.46163025  0.9232605
  0.68718723], constraints = [0.9999969018705487, 1.0497095588373966, 0.9999969018705487, 0.30000148631555124, 0.30000148631555124, 1.2000357089076221, 0.5000000000000411, 1.2617661916887613]
iteration = 2574.0 , objective = [4.34815425], inputs = [-0.28672669  0.01        0.11913902  0.7         0.64559532  0.18732904
  1.79499864  1.41622683  0.05615259  1.57079633  0.4613727   0.9227454
  0.68728123], constraints = [0.9999954884575157, 1.048727956124571, 0.9999954884575157, 0.3000020369883726, 0.3000020369883726, 1.2000377859383218, 0.5000000000000412, 1.2674513773682352]
iteration = 2575.0 , objective = [4.34821995], inputs = [-0.286916    0.01        0.11889099  0.7         0.64533534  0.1856319
  1.83190194  1.42319955  0.05582301  1.57079633  0.46069148  0.92138296
  0.68745717], constraints = [0.9999242969037347, 1.0465230702030413, 0.9999242969037347, 0.30003654570755267, 0.30003654570755267, 1.2005433867326325, 0.5000000000000412, 1.2871715263405101]
iteration = 2576.0 , objective = [4.34813603], inputs = [-0.28688412  0.01        0.11898448  0.7         0.64543194  0.18536332
  1.84665791  1.43119035  0.05579763  1.57079633  0.4607158   0.92143159
  0.68739836], constraints = [0.999999607545076, 1.0472365970059585, 0.999999607545076, 0.3000038796331598, 0.3000038796331598, 1.2000203653359476, 0.5000000000000412, 1.290295104934387]
iteration = 2577.0 , objective = [4.34813], inputs = [-0.2867829   0.01        0.11916518  0.7         0.64561772  0.18531151
  1.85702833  1.43908097  0.05582241  1.57079633  0.46098707  0.92197414
  0.6872821 ], constraints = [1.0000042376532818, 1.0485675976471918, 1.0000042376532818, 0.30000161489893057, 0.30000161489893057, 1.1999978896624088, 0.5000000000000412, 1.290426579618152]
iteration = 2578.0 , objective = [4.34813459], inputs = [-0.28676197  0.01        0.11916398  0.7         0.64561531  0.18545109
  1.85180212  1.43667754  0.05584248  1.57079633  0.46106237  0.92212474
  0.68725612], constraints = [0.9999999127557445, 1.0485967842010742, 0.9999999127557445, 0.30000052182838133, 0.30000052182838133, 1.20000508025462, 0.5000000000000412, 1.2889476374289817]
iteration = 2579.0 , objective = [4.348134], inputs = [-0.28676614  0.01        0.11918074  0.7         0.64563368  0.18545084
  1.85316126  1.43789608  0.05584751  1.57079633  0.46105964  0.92211929
  0.68727227], constraints = [1.0000004412552084, 1.048707273006448, 1.0000004412552084, 0.30000002646601215, 0.30000002646601215, 1.1999998652847983, 0.5000000000000412, 1.2888005466238812]
iteration = 2580.0 , objective = [4.34813406], inputs = [-0.28676493  0.01        0.11917428  0.7         0.64562654  0.18545383
  1.85244456  1.43731184  0.05584562  1.57079633  0.4610691   0.92213821
  0.68727229], constraints = [1.0000003609513934, 1.0486649875358292, 1.0000003609513934, 0.30000000757039363, 0.30000000757039363, 1.1999999757069026, 0.5000000000000412, 1.288825781179806]
iteration = 2581.0 , objective = [4.34813409], inputs = [-0.28676694  0.01        0.11917716  0.7         0.6456297   0.18544853
  1.85279788  1.43755364  0.05584543  1.57079633  0.46107102  0.92214203
  0.68728079], constraints = [1.0000003432136113, 1.0486817905288583, 1.0000003432136113, 0.3000000020338849, 0.3000000020338849, 1.200000017971204, 0.5000000000000412, 1.288854784901272]
iteration = 2582.0 , objective = [4.34813406], inputs = [-0.28676529  0.01        0.1191748   0.7         0.64562711  0.18545288
  1.85250793  1.43735521  0.05584558  1.57079633  0.46106945  0.9221389
  0.68727381], constraints = [1.0000003573638117, 1.0486680009422014, 1.0000003573638117, 0.3000000062779957, 0.3000000062779957, 1.1999999812383044, 0.5000000000000412, 1.2888309840526324]
iteration = 2583.0 , objective = [4.34813408], inputs = [-0.28676577  0.01        0.11917459  0.7         0.6456268   0.18544891
  1.85251028  1.43730239  0.05584444  1.57079633  0.4610761   0.92215219
  0.68727937], constraints = [1.0000003400961628, 1.0486655928568525, 1.0000003400961628, 0.3000000000386307, 0.3000000000386307, 1.2000000040856669, 0.5000000000000412, 1.2888799817033754]
iteration = 2584.0 , objective = [4.34813407], inputs = [-0.2867667   0.01        0.11917277  0.7         0.6456238   0.18540588
  1.85266623  1.43680838  0.05583258  1.57079633  0.46113873  0.92227746
  0.68732035], constraints = [1.000000359584601, 1.0486468654474081, 1.000000359584601, 0.3000000059869079, 0.3000000059869079, 1.200000454759209, 0.5000000000000412, 1.289431671614801]
iteration = 2585.0 , objective = [4.34813408], inputs = [-0.28676592  0.01        0.1191743   0.7         0.64562632  0.1854421
  1.85253495  1.43722426  0.05584256  1.57079633  0.461086    0.92217201
  0.68728585], constraints = [1.000000340668759, 1.0486626298483637, 1.000000340668759, 0.300000000182235, 0.300000000182235, 1.2000000155810902, 0.5000000000000412, 1.2889672126274114]
iteration = 2586.0 , objective = [4.34813408], inputs = [-0.2867658   0.01        0.11917453  0.7         0.6456267   0.18544742
  1.85251568  1.43728529  0.05584403  1.57079633  0.46107827  0.92215653
  0.68728079], constraints = [1.0000003401345143, 1.0486649442526912, 1.0000003401345143, 0.30000000004446614, 0.30000000004446614, 1.2000000046429429, 0.5000000000000412, 1.2888990747948097]
iteration = 2587.0 , objective = [4.34813408], inputs = [-0.28676579  0.01        0.11917466  0.7         0.64562671  0.18544135
  1.85258767  1.43725747  0.05584255  1.57079633  0.46108558  0.92217117
  0.68728529], constraints = [1.0000003394292991, 1.0486651049697253, 1.0000003394292991, 0.3000000002215034, 0.3000000002215034, 1.2000000092569332, 0.5000000000000412, 1.2889741103684489]
iteration = 2588.0 , objective = [4.34813408], inputs = [-0.28676571  0.01        0.1191754   0.7         0.64562694  0.18541668
  1.85288755  1.43715076  0.05583657  1.57079633  0.46111582  0.92223163
  0.68730387], constraints = [1.0000003343819461, 1.0486670185778124, 1.0000003343819461, 0.3000000037394285, 0.3000000037394285, 1.2000001603737047, 0.5000000000000412, 1.2892784749551924]
iteration = 2589.0 , objective = [4.34813408], inputs = [-0.28676577  0.01        0.11917486  0.7         0.64562677  0.18543469
  1.85266862  1.43722867  0.05584094  1.57079633  0.46109375  0.92218749
  0.68729031], constraints = [1.0000003391065195, 1.0486656234808027, 1.0000003391065195, 0.30000000043424235, 0.30000000043424235, 1.200000018286853, 0.5000000000000412, 1.2890562703431818]
iteration = 2590.0 , objective = [4.34813407], inputs = [-0.28676574  0.01        0.11917498  0.7         0.64562678  0.1854297
  1.85272197  1.43720086  0.0558397   1.57079633  0.46110019  0.92220038
  0.68729422], constraints = [1.0000003396214678, 1.048665798053457, 1.0000003396214678, 0.3000000001370071, 0.3000000001370071, 1.2000000064744492, 0.5000000000000412, 1.2891183278422833]
iteration = 2591.0 , objective = [4.34813408], inputs = [-0.28676569  0.01        0.11917509  0.7         0.64562673  0.18542245
  1.85279574  1.43715701  0.05583788  1.57079633  0.46110951  0.92221902
  0.68729984], constraints = [1.0000003397674644, 1.048665669928171, 1.0000003397674644, 0.30000000027880974, 0.30000000027880974, 1.2000000152230286, 0.5000000000000412, 1.2892089938872617]
iteration = 2592.0 , objective = [4.34813407], inputs = [-0.28676573  0.01        0.119175    0.7         0.64562677  0.18542859
  1.85273327  1.43719415  0.05583942  1.57079633  0.46110162  0.92220323
  0.68729508], constraints = [1.0000003396397614, 1.0486657785184144, 1.0000003396397614, 0.30000000012256617, 0.30000000012256617, 1.200000005797912, 0.5000000000000412, 1.2891322091622048]
iteration = 2593.0 , objective = [4.34813407], inputs = [-0.28676573  0.01        0.11917502  0.7         0.64562676  0.18542729
  1.85274655  1.43718625  0.05583909  1.57079633  0.46110329  0.92220659
  0.68729609], constraints = [1.0000003396793076, 1.04866575550846, 1.0000003396793076, 0.3000000001223086, 0.3000000001223086, 1.2000000060336191, 0.5000000000000412, 1.2891485329368981]
iteration = 2594.0 , objective = [4.34813407], inputs = [-0.28676507  0.01        0.11917726  0.7         0.64562903  0.18543014
  1.85266751  1.4371698   0.05583961  1.57079633  0.46111477  0.92222955
  0.68730138], constraints = [1.0000003404913176, 1.0486822563521876, 1.0000003404913176, 0.3000000001460527, 0.3000000001460527, 1.200000011506655, 0.5000000000000412, 1.2891082957969446]
iteration = 2595.0 , objective = [4.34813407], inputs = [-0.28676563  0.01        0.11917535  0.7         0.64562709  0.1854277
  1.85273498  1.43718384  0.05583917  1.57079633  0.46110498  0.92220995
  0.68729687], constraints = [1.0000003397165513, 1.0486681712235264, 1.0000003397165513, 0.30000000010753275, 0.30000000010753275, 1.2000000054339823, 0.5000000000000412, 1.289142642231083]
iteration = 2596.0 , objective = [4.34813407], inputs = [-0.28676571  0.01        0.11917509  0.7         0.64562683  0.18542737
  1.85274412  1.43718575  0.05583911  1.57079633  0.46110365  0.92220729
  0.68729626], constraints = [1.0000003396841692, 1.0486662623938257, 1.0000003396841692, 0.30000000011868916, 0.30000000011868916, 1.200000005864118, 0.5000000000000412, 1.2891472968998978]
iteration = 2597.0 , objective = [4.34813407], inputs = [-0.28676552  0.01        0.11917578  0.7         0.64562758  0.18543051
  1.85269911  1.43719647  0.05583984  1.57079633  0.46110431  0.92220862
  0.68729618], constraints = [1.0000003396899253, 1.0486716234481572, 1.0000003396899253, 0.30000000007441874, 0.30000000007441874, 1.2000000020959927, 0.5000000000000412, 1.2891063618286347]
iteration = 2598.0 , objective = [4.34813407], inputs = [-0.28676571  0.01        0.11917544  0.7         0.64562724  0.18543018
  1.85270439  1.43719556  0.05583977  1.57079633  0.46110289  0.92220578
  0.68729586], constraints = [1.0000003398004376, 1.0486690303919437, 1.0000003398004376, 0.30000000000095217, 0.30000000000095217, 1.2000000001575746, 0.5000000000000412, 1.289110844810461]
iteration = 2599.0 , objective = [4.34813407], inputs = [-0.28676586  0.01        0.11917511  0.7         0.64562691  0.18542957
  1.85271406  1.4371941   0.05583963  1.57079633  0.46110176  0.92220352
  0.68729558], constraints = [1.0000003397892547, 1.048666580353799, 1.0000003397892547, 0.3000000000031518, 0.3000000000031518, 1.2000000001350886, 0.5000000000000412, 1.289118889357653]
iteration = 2600.0 , objective = [4.34813407], inputs = [-0.28676586  0.01        0.11917496  0.7         0.64562673  0.18542856
  1.85272931  1.43719112  0.05583939  1.57079633  0.46110184  0.92220368
  0.6872956 ], constraints = [1.0000003397672679, 1.048665399813781, 1.0000003397672679, 0.30000000000820115, 0.30000000000820115, 1.2000000001695745, 0.5000000000000412, 1.289132175790927]
iteration = 2601.0 , objective = [4.34813407], inputs = [-0.28676586  0.01        0.11917507  0.7         0.64562686  0.18542931
  1.85271802  1.43719333  0.05583957  1.57079633  0.46110178  0.92220356
  0.68729559], constraints = [1.0000003397879378, 1.0486662740088464, 1.0000003397879378, 0.3000000000028861, 0.3000000000028861, 1.2000000001123465, 0.5000000000000412, 1.2891223371797487]
iteration = 2602.0 , objective = [4.34813407], inputs = [-0.28676575  0.01        0.11917518  0.7         0.64562696  0.18542895
  1.85272288  1.43719193  0.05583948  1.57079633  0.46110264  0.92220529
  0.6872958 ], constraints = [1.0000003397911301, 1.048667082660881, 1.0000003397911301, 0.300000000000911, 0.300000000000911, 1.2000000000818818, 0.5000000000000412, 1.289126970587627]
iteration = 2603.0 , objective = [4.34813407], inputs = [-0.28676552  0.01        0.11917537  0.7         0.6456271   0.18542704
  1.85274764  1.43718396  0.05583903  1.57079633  0.4611054   0.92221081
  0.68729679], constraints = [1.0000003398122863, 1.0486683327334385, 1.0000003398122863, 0.30000000002448934, 0.30000000002448934, 1.2000000014879386, 0.5000000000000412, 1.2891513529779572]
iteration = 2604.0 , objective = [4.34813407], inputs = [-0.28676574  0.01        0.1191752   0.7         0.64562697  0.1854288
  1.85272483  1.4371913   0.05583945  1.57079633  0.46110286  0.92220572
  0.68729588], constraints = [1.000000339790813, 1.0486671814693196, 1.000000339790813, 0.3000000000009919, 0.3000000000009919, 1.2000000000827609, 0.5000000000000412, 1.2891288977352513]
iteration = 2605.0 , objective = [4.34813407], inputs = [-0.2867657   0.01        0.11917522  0.7         0.64562699  0.18542854
  1.85272817  1.43719022  0.05583938  1.57079633  0.46110323  0.92220647
  0.68729601], constraints = [1.0000003397894672, 1.0486673501091148, 1.0000003397894672, 0.3000000000018369, 0.3000000000018369, 1.2000000001182451, 0.5000000000000412, 1.28913218690043]
iteration = 2606.0 , objective = [4.34813407], inputs = [-0.28676554  0.01        0.11917528  0.7         0.64562698  0.1854259
  1.85276203  1.437179    0.05583875  1.57079633  0.46110611  0.92221222
  0.68729726], constraints = [1.0000003398045847, 1.0486675417741649, 1.0000003398045847, 0.30000000004619387, 0.30000000004619387, 1.200000002344019, 0.5000000000000412, 1.2891658109958468]
iteration = 2607.0 , objective = [4.34813407], inputs = [-0.2867657   0.01        0.11917522  0.7         0.64562699  0.18542846
  1.85272925  1.43718987  0.05583936  1.57079633  0.46110333  0.92220665
  0.68729605], constraints = [1.0000003397893729, 1.0486673561899826, 1.0000003397893729, 0.3000000000018252, 0.3000000000018252, 1.2000000001162097, 0.5000000000000412, 1.2891332529849637]
iteration = 2608.0 , objective = [4.34813407], inputs = [-0.28676568  0.01        0.11917523  0.7         0.64562699  0.18542823
  1.85273221  1.43718888  0.05583931  1.57079633  0.46110358  0.92220716
  0.68729616], constraints = [1.0000003397882458, 1.048667372990889, 1.0000003397882458, 0.3000000000022754, 0.3000000000022754, 1.200000000128816, 0.5000000000000412, 1.2891361987185497]
iteration = 2609.0 , objective = [4.34813407], inputs = [-0.28676565  0.01        0.11917516  0.7         0.64562688  0.18542652
  1.8527543   1.43718176  0.0558389   1.57079633  0.46110491  0.92220982
  0.68729687], constraints = [1.0000003398162987, 1.0486666967137308, 1.0000003398162987, 0.3000000000195009, 0.3000000000195009, 1.2000000010260699, 0.5000000000000412, 1.2891579574154728]
iteration = 2610.0 , objective = [4.34813407], inputs = [-0.28676568  0.01        0.11917523  0.7         0.64562699  0.1854282
  1.85273261  1.43718876  0.0558393   1.57079633  0.4611036   0.9222072
  0.68729618], constraints = [1.0000003397882506, 1.0486673609401063, 1.0000003397882506, 0.30000000000224103, 0.30000000000224103, 1.2000000001267064, 0.5000000000000412, 1.2891365864745419]
iteration = 2611.0 , objective = [4.34813407], inputs = [-0.28676568  0.01        0.11917522  0.7         0.64562698  0.18542808
  1.85273407  1.43718829  0.05583927  1.57079633  0.46110369  0.92220738
  0.68729622], constraints = [1.0000003397894879, 1.048667316207941, 1.0000003397894879, 0.3000000000022219, 0.3000000000022219, 1.2000000001311033, 0.5000000000000412, 1.2891380258039205]
iteration = 2612.0 , objective = [4.34813407], inputs = [-0.28676568  0.01        0.11917523  0.7         0.64562699  0.18542817
  1.85273299  1.43718863  0.05583929  1.57079633  0.46110362  0.92220725
  0.68729619], constraints = [1.0000003397882251, 1.048667349331306, 1.0000003397882251, 0.30000000000221966, 0.30000000000221966, 1.2000000001250037, 0.5000000000000412, 1.2891369600078582]
iteration = 2613.0 , objective = [4.34813407], inputs = [-0.28676568  0.01        0.11917522  0.7         0.64562698  0.18542814
  1.85273331  1.43718853  0.05583929  1.57079633  0.46110364  0.92220729
  0.6872962 ], constraints = [1.0000003397881827, 1.0486673395266848, 1.0000003397881827, 0.30000000000221055, 0.30000000000221055, 1.2000000001238367, 0.5000000000000412, 1.289137275487783]
iteration = 2614.0 , objective = [4.34813407], inputs = [-0.28676568  0.01        0.11917522  0.7         0.64562698  0.18542812
  1.85273355  1.43718845  0.05583928  1.57079633  0.46110366  0.92220732
  0.68729621], constraints = [1.0000003397881363, 1.048667331966402, 1.0000003397881363, 0.30000000000220917, 0.30000000000220917, 1.2000000001230988, 0.5000000000000412, 1.289137518751879]
iteration = 2615.0 , objective = [4.34813407], inputs = [-0.28676568  0.01        0.11917522  0.7         0.64562698  0.18542811
  1.85273373  1.43718839  0.05583928  1.57079633  0.46110367  0.92220734
  0.68729621], constraints = [1.0000003397883654, 1.0486673265088733, 1.0000003397883654, 0.3000000000022111, 0.3000000000022111, 1.2000000001243052, 0.5000000000000412, 1.2891376943562345]
iteration = 2616.0 , objective = [4.34813407], inputs = [-0.28676568  0.01        0.11917522  0.7         0.64562698  0.18542812
  1.85273362  1.43718843  0.05583928  1.57079633  0.46110366  0.92220733
  0.68729621], constraints = [1.0000003397881212, 1.0486673299276017, 1.0000003397881212, 0.3000000000022096, 0.3000000000022096, 1.2000000001229214, 0.5000000000000412, 1.2891375843534394]
iteration = 2617.0 , objective = [4.34813407], inputs = [-0.28676568  0.01        0.11917522  0.7         0.64562698  0.18542811
  1.85273366  1.43718842  0.05583928  1.57079633  0.46110367  0.92220733
  0.68729621], constraints = [1.0000003397881343, 1.0486673286075539, 1.0000003397881343, 0.3000000000022101, 0.3000000000022101, 1.2000000001229554, 0.5000000000000412, 1.2891376268280055]
iteration = 2618.0 , objective = [4.34813407], inputs = [-0.28676568  0.01        0.11917522  0.7         0.64562698  0.18542812
  1.85273362  1.43718843  0.05583928  1.57079633  0.46110366  0.92220733
  0.68729621], constraints = [1.0000003397881205, 1.0486673298465634, 1.0000003397881205, 0.30000000000220967, 0.30000000000220967, 1.2000000001229143, 0.5000000000000412, 1.2891375869609452]
iteration = 2619.0 , objective = [4.34813407], inputs = [-0.28676567  0.01        0.11917508  0.7         0.64562679  0.18542575
  1.85276409  1.43717848  0.05583872  1.57079633  0.4611053   0.92221061
  0.68729717], constraints = [1.0000003398046888, 1.048666037077642, 1.0000003398046888, 0.300000000037252, 0.300000000037252, 1.2000000017001002, 0.5000000000000412, 1.2891677112763726]
iteration = 2620.0 , objective = [4.34813407], inputs = [-0.28676568  0.01        0.11917522  0.7         0.64562698  0.18542808
  1.85273411  1.43718827  0.05583927  1.57079633  0.46110369  0.92220738
  0.68729622], constraints = [1.0000003397897488, 1.0486673093428234, 1.0000003397897488, 0.300000000002184, 0.300000000002184, 1.200000000131197, 0.5000000000000412, 1.289138064781017]
iteration = 2621.0 , objective = [4.34813407], inputs = [-0.28676568  0.01        0.11917522  0.7         0.64562698  0.18542812
  1.85273365  1.43718842  0.05583928  1.57079633  0.46110366  0.92220733
  0.68729621], constraints = [1.0000003397881214, 1.048667328545488, 1.0000003397881214, 0.30000000000220745, 0.30000000000220745, 1.20000000012279, 0.5000000000000412, 1.2891376172812972]
iteration = 2622.0 , objective = [4.34813407], inputs = [-0.28676568  0.01        0.11917522  0.7         0.64562698  0.18542811
  1.85273371  1.4371884   0.05583928  1.57079633  0.46110367  0.92220733
  0.68729621], constraints = [1.000000339788325, 1.0486673260462844, 1.000000339788325, 0.30000000000220345, 0.30000000000220345, 1.2000000001237923, 0.5000000000000412, 1.2891376755229231]
iteration = 2623.0 , objective = [4.34813407], inputs = [-0.28676568  0.01        0.11917522  0.7         0.64562698  0.18542811
  1.85273368  1.43718841  0.05583928  1.57079633  0.46110367  0.92220733
  0.68729621], constraints = [1.0000003397881874, 1.0486673276438714, 1.0000003397881874, 0.30000000000220595, 0.30000000000220595, 1.2000000001231061, 0.5000000000000412, 1.2891376382926427]
iteration = 2624.0 , objective = [4.34813407], inputs = [-0.28676568  0.01        0.11917522  0.7         0.64562698  0.18542811
  1.85273366  1.43718842  0.05583928  1.57079633  0.46110366  0.92220733
  0.68729621], constraints = [1.0000003397881374, 1.0486673282205052, 1.0000003397881374, 0.30000000000220695, 0.30000000000220695, 1.200000000122857, 0.5000000000000412, 1.2891376248547246]
iteration = 2625.0 , objective = [4.34813407], inputs = [-0.28676568  0.01        0.11917522  0.7         0.64562698  0.18542812
  1.85273366  1.43718842  0.05583928  1.57079633  0.46110366  0.92220733
  0.68729621], constraints = [1.000000339788122, 1.0486673284938188, 1.000000339788122, 0.3000000000022074, 0.3000000000022074, 1.2000000001227882, 0.5000000000000412, 1.2891376184854044]
iteration = 2626.0 , objective = [4.34813407], inputs = [-0.28676568  0.01        0.11917522  0.7         0.64562698  0.18542811
  1.85273366  1.43718842  0.05583928  1.57079633  0.46110366  0.92220733
  0.68729621], constraints = [1.0000003397881219, 1.048667328434401, 1.0000003397881219, 0.3000000000022073, 0.3000000000022073, 1.200000000122782, 0.5000000000000412, 1.2891376198700835]
iteration = 2627.0 , objective = [4.34813407], inputs = [-0.28676568  0.01        0.11917522  0.7         0.64562698  0.18542811
  1.85273366  1.43718842  0.05583928  1.57079633  0.46110366  0.92220733
  0.68729621], constraints = [1.0000003397881239, 1.0486673283780332, 1.0000003397881239, 0.30000000000220717, 0.30000000000220717, 1.2000000001227877, 0.5000000000000412, 1.2891376211836787]
iteration = 2628.0 , objective = [4.34813407], inputs = [-0.28676568  0.01        0.11917522  0.7         0.64562698  0.18542811
  1.85273366  1.43718842  0.05583928  1.57079633  0.46110366  0.92220733
  0.68729621], constraints = [1.000000339788122, 1.0486673284075327, 1.000000339788122, 0.3000000000022072, 0.3000000000022072, 1.2000000001227793, 0.5000000000000412, 1.2891376204962288]
iteration = 2629.0 , objective = [4.34813407], inputs = [-0.28676569  0.01        0.11917505  0.7         0.64562676  0.18542563
  1.85276567  1.43717793  0.05583869  1.57079633  0.46110528  0.92221056
  0.68729721], constraints = [1.0000003397984214, 1.0486657851839898, 1.0000003397984214, 0.3000000000410901, 0.3000000000410901, 1.2000000018104995, 0.5000000000000412, 1.2891693022645916]
iteration = 2630.0 , objective = [4.34813407], inputs = [-0.28676568  0.01        0.11917522  0.7         0.64562698  0.18542807
  1.85273418  1.43718825  0.05583927  1.57079633  0.46110369  0.92220738
  0.68729623], constraints = [1.0000003397899975, 1.0486673034284322, 1.0000003397899975, 0.300000000002181, 0.300000000002181, 1.2000000001325977, 0.5000000000000412, 1.2891381333454244]
iteration = 2631.0 , objective = [4.34813407], inputs = [-0.28676568  0.01        0.11917522  0.7         0.64562698  0.18542811
  1.85273369  1.43718841  0.05583928  1.57079633  0.46110367  0.92220733
  0.68729621], constraints = [1.0000003397882458, 1.0486673267791462, 1.0000003397882458, 0.30000000000220484, 0.30000000000220484, 1.2000000001234026, 0.5000000000000412, 1.2891376539288926]
iteration = 2632.0 , objective = [4.34813407], inputs = [-0.28676568  0.01        0.11917522  0.7         0.64562698  0.18542811
  1.85273366  1.43718842  0.05583928  1.57079633  0.46110366  0.92220733
  0.68729621], constraints = [1.000000339788123, 1.0486673283862813, 1.000000339788123, 0.30000000000220717, 0.30000000000220717, 1.2000000001227835, 0.5000000000000412, 1.2891376209325407]
iteration = 2633.0 , objective = [4.34813407], inputs = [-0.28676568  0.01        0.11917522  0.7         0.64562698  0.18542811
  1.85273366  1.43718842  0.05583928  1.57079633  0.46110366  0.92220733
  0.68729621], constraints = [1.0000003397881223, 1.0486673284074775, 1.0000003397881223, 0.3000000000022072, 0.3000000000022072, 1.2000000001227806, 0.5000000000000412, 1.2891376204973677]
iteration = 2634.0 , objective = [4.34813407], inputs = [-0.28676568  0.01        0.11917522  0.7         0.64562698  0.18542811
  1.85273366  1.43718842  0.05583928  1.57079633  0.46110366  0.92220733
  0.68729621], constraints = [1.0000003397881214, 1.0486673284075045, 1.0000003397881214, 0.3000000000022072, 0.3000000000022072, 1.2000000001227749, 0.5000000000000412, 1.2891376204967981]
iteration = 2635.0 , objective = [4.34813407], inputs = [-0.28676568  0.01        0.11917522  0.7         0.64562698  0.18542811
  1.85273366  1.43718842  0.05583928  1.57079633  0.46110366  0.92220733
  0.68729621], constraints = [1.000000339788122, 1.048667328407519, 1.000000339788122, 0.3000000000022072, 0.3000000000022072, 1.2000000001227813, 0.5000000000000412, 1.2891376204965135]
iteration = 2636.0 , objective = [4.34813407], inputs = [-0.28676568  0.01        0.11917522  0.7         0.64562698  0.18542811
  1.85273366  1.43718842  0.05583928  1.57079633  0.46110366  0.92220733
  0.68729621], constraints = [1.000000339788122, 1.0486673284075256, 1.000000339788122, 0.3000000000022073, 0.3000000000022073, 1.2000000001227806, 0.5000000000000412, 1.2891376204963712]
iteration = 2637.0 , objective = [4.34813407], inputs = [-0.28676568  0.01        0.11917522  0.7         0.64562698  0.18542811
  1.85273366  1.43718842  0.05583928  1.57079633  0.46110366  0.92220733
  0.68729621], constraints = [1.0000003397881223, 1.0486673284075296, 1.0000003397881223, 0.3000000000022072, 0.3000000000022072, 1.2000000001227824, 0.5000000000000412, 1.2891376204963]
iteration = 2638.0 , objective = [4.34813407], inputs = [-0.28676568  0.01        0.11917522  0.7         0.64562698  0.18542811
  1.85273366  1.43718842  0.05583928  1.57079633  0.46110366  0.92220733
  0.68729621], constraints = [1.0000003397881216, 1.0486673284075314, 1.0000003397881216, 0.30000000000220717, 0.30000000000220717, 1.2000000001227789, 0.5000000000000412, 1.2891376204962643]
iteration = 2639.0 , objective = [4.34813407], inputs = [-0.28676568  0.01        0.11917522  0.7         0.64562698  0.18542811
  1.85273366  1.43718842  0.05583928  1.57079633  0.46110366  0.92220733
  0.68729621], constraints = [1.0000003397881223, 1.0486673284075316, 1.0000003397881223, 0.30000000000220717, 0.30000000000220717, 1.2000000001227809, 0.5000000000000412, 1.2891376204962468]
iteration = 2640.0 , objective = [4.34813407], inputs = [-0.28676568  0.01        0.11917522  0.7         0.64562698  0.18542811
  1.85273366  1.43718842  0.05583928  1.57079633  0.46110366  0.92220733
  0.68729621], constraints = [1.0000003397881223, 1.0486673284075325, 1.0000003397881223, 0.30000000000220717, 0.30000000000220717, 1.200000000122782, 0.5000000000000412, 1.2891376204962377]
iteration = 2641.0 , objective = [4.34813407], inputs = [-0.28676568  0.01        0.11917522  0.7         0.64562698  0.18542811
  1.85273366  1.43718842  0.05583928  1.57079633  0.46110366  0.92220733
  0.68729621], constraints = [1.0000003397881216, 1.0486673284075325, 1.0000003397881216, 0.3000000000022072, 0.3000000000022072, 1.200000000122778, 0.5000000000000412, 1.2891376204962333]
iteration = 2642.0 , objective = [4.34813407], inputs = [-0.28676568  0.01        0.11917522  0.7         0.64562698  0.18542811
  1.85273366  1.43718842  0.05583928  1.57079633  0.46110366  0.92220733
  0.68729621], constraints = [1.0000003397881223, 1.0486673284075327, 1.0000003397881223, 0.3000000000022072, 0.3000000000022072, 1.200000000122782, 0.5000000000000412, 1.289137620496231]
iteration = 2643.0 , objective = [4.34813407], inputs = [-0.28676568  0.01        0.11917522  0.7         0.64562698  0.18542811
  1.85273366  1.43718842  0.05583928  1.57079633  0.46110366  0.92220733
  0.68729621], constraints = [1.0000003397881216, 1.0486673284075325, 1.0000003397881216, 0.3000000000022073, 0.3000000000022073, 1.2000000001227775, 0.5000000000000412, 1.28913762049623]
iteration = 2644.0 , objective = [4.34813407], inputs = [-0.28676568  0.01        0.11917522  0.7         0.64562698  0.18542811
  1.85273366  1.43718842  0.05583928  1.57079633  0.46110366  0.92220733
  0.68729621], constraints = [1.0000003397881219, 1.0486673284075325, 1.0000003397881219, 0.3000000000022072, 0.3000000000022072, 1.2000000001227797, 0.5000000000000412, 1.289137620496229]
