iteration = 641.0 , objective = [3.25320424], inputs = [0.01       0.01       0.01       0.5        0.5        0.135
 2.         1.         0.0675     0.52359878 1.         0.5
 0.31415927], constraints = [1.3807998149881, 1.023760347135665, 1.3807998149881, 0.4811030397324907, 0.4811030397324907, 1790.6600433120498, 2.0, 2.0]
iteration = 642.0 , objective = [3.25320733], inputs = [0.01000058 0.00999942 0.01000058 0.49999942 0.50000058 0.13499942
 1.99999942 0.99999942 0.06750058 0.52359819 1.00000058 0.49999942
 0.31415985], constraints = [1.380808051719817, 1.0237749993791632, 1.380808051719817, 0.48110874266385734, 0.48110874266385734, 1790.7811180345186, 2.000003493596646, 2.000000582281296]
iteration = 643.0 , objective = [2.01548277], inputs = [0.03738368 0.01       0.01       0.3        0.5        0.24797505
 2.         0.9962434  0.0961099  0.54830394 1.00355068 0.50010979
 0.30618727], constraints = [0.7192485029639364, 1.768506176816112, 0.7192485029639364, 0.38096192218007086, 0.38096192218007086, 662.6785263245574, 2.006660742203486, 2.0075415303150614]
iteration = 644.0 , objective = [0.86948299], inputs = [-0.08260114  0.01        0.12835311  0.46516592  0.62452629  0.12524733
  1.98966939  1.02063077  0.027       0.51389371  0.99756841  0.51478994
  0.27111625], constraints = [0.4704436346928345, 0.9431157213463166, 0.4704436346928345, 0.2203401486843354, 0.2203401486843354, 28.243639100921946, 1.9378164263855917, 1.949450726850328]
iteration = 645.0 , objective = [nan], inputs = [ 0.1036195   0.01        0.27627861  0.32853729  0.5144964   0.27
  2.          0.25        0.07604853  1.57079633  2.          1.37217803
 -0.78539816], constraints = [-0.02104938959228574, 1.7084071819769446, -0.02104938959228574, 0.5631799473268393, 0.5631799473268393, 14251844.600180835, 1.4575368182534056, 8.0]
iteration = 646.0 , objective = [1.9504462], inputs = [ 0.01395887  0.01        0.52359878  0.32212793  0.85        0.27
  2.          0.87614775  0.11146975  0.78760796  1.00533309  0.65380255
 -0.01492048], constraints = [0.5353411135027764, 9.858443048949677, 0.5353411135027764, 0.40914691916724505, 0.40914691916724505, 39.27224448497099, 1.5376707970065848, 2.282720008550387]
iteration = 647.0 , objective = [0.86455288], inputs = [-0.08105548  0.01        0.13467991  0.46287627  0.62813551  0.12756443
  1.98983475  1.01831799  0.02835213  0.51827513  0.9976927   0.51701515
  0.26653759], constraints = [0.4787703951016855, 0.9931956814103654, 0.4787703951016855, 0.22678278759889386, 0.22678278759889386, 27.83197830291767, 1.929716546488696, 1.9540406602351033]
iteration = 648.0 , objective = [0.94800429], inputs = [-0.08239682  0.01        0.12799247  0.46892497  0.62452629  0.12468288
  1.98983475  1.00944882  0.027       0.51532859  0.9983525   0.51535896
  0.26806728], constraints = [0.4789386398246337, 0.9440049485390638, 0.4789386398246337, 0.2216299873704156, 0.2216299873704156, 27.816748348914693, 1.9371982960784184, 1.9712091554188749]
iteration = 649.0 , objective = [2.64438326], inputs = [-0.15991489  0.01        0.11371776  0.3         0.55329281  0.27
  2.          0.61267954  0.10724732  1.57079633  0.68344956  0.73722469
  0.01688663], constraints = [0.0906662477276527, 1.097005272296016, 0.0906662477276527, 0.42964610853328694, 0.42964610853328694, 330.3624394220538, 0.9270573430146396, 3.2643492515334023]
iteration = 650.0 , objective = [2.01813151], inputs = [-0.13362628  0.01        0.12070572  0.35429652  0.57824241  0.2225176
  1.99661131  0.74790339  0.08094678  1.2199273   0.78820582  0.66381552
  0.1001104 ], constraints = [0.36664560551908515, 1.4369958733698074, 0.36664560551908515, 0.37627204783317886, 0.37627204783317886, 34.93485737738449, 1.1873868521666902, 2.6696112530268183]
iteration = 651.0 , objective = [0.86436929], inputs = [-0.0810702   0.01        0.134676    0.46284586  0.62812153  0.12759102
  1.98983665  1.01824225  0.02836686  0.51847165  0.99763402  0.51705627
  0.26649097], constraints = [0.4788676801866761, 0.9935130915275833, 0.4788676801866761, 0.22685098313097837, 0.22685098313097837, 27.827012880161945, 1.929449616089758, 1.9541878706316824]
iteration = 652.0 , objective = [0.85878356], inputs = [-0.08151005  0.01        0.13455908  0.46193741  0.62770409  0.12838547
  1.98989335  1.01597977  0.02880691  0.52434217  0.99588131  0.51828451
  0.26509852], constraints = [0.48173813590572995, 1.0029702139684376, 0.48173813590572995, 0.22887525777003453, 0.22887525777003453, 27.684429245648538, 1.9214954170836716, 1.9585954506997856]
iteration = 653.0 , objective = [0.86342366], inputs = [-0.08051669  0.01        0.13692176  0.46210332  0.6294144   0.12838547
  1.98989335  1.01749848  0.02884303  0.51982764  0.99773674  0.51781033
  0.26491518], constraints = [0.4817565169208606, 1.0113808207756674, 0.4817565169208606, 0.22909490215631956, 0.22909490215631956, 27.681020629783074, 1.9268382468965786, 1.955672067887139]
iteration = 654.0 , objective = [2.68185531], inputs = [-0.27312881  0.01       -0.21666685  0.3         0.32063091  0.27
  2.          0.37590131  0.10320187  1.57079633  0.52945244  0.6589615
  0.32323123], constraints = [0.018836570553570704, -0.43938315973890224, 0.018836570553570704, 0.5215009234653184, 0.5215009234653184, 2153.0111990042383, 0.8034649140929565, 5.320545482130975]
iteration = 655.0 , objective = [0.85878356], inputs = [-0.08151005  0.01        0.13455908  0.46193741  0.62770409  0.12838547
  1.98989335  1.01597977  0.02880691  0.52434217  0.99588131  0.51828451
  0.26509852], constraints = [0.4817381359245089, 1.0029702139855188, 0.4817381359245089, 0.22887525778221599, 0.22887525778221599, 27.68442924468883, 1.921495417032164, 1.958595450744857]
iteration = 656.0 , objective = [0.85878356], inputs = [-0.08151005  0.01        0.13455908  0.46193741  0.62770409  0.12838547
  1.98989335  1.01597977  0.02880691  0.52434217  0.99588131  0.51828451
  0.26509852], constraints = [0.4817381362520295, 1.002970214283427, 0.4817381362520295, 0.2288752579946689, 0.2288752579946689, 27.68442922795177, 1.9214954161338362, 1.9585954515309425]
iteration = 657.0 , objective = [0.85877418], inputs = [-0.08151245  0.01        0.13455467  0.46193537  0.62770023  0.12838725
  1.98989348  1.01597172  0.02880784  0.52435533  0.99587544  0.51828628
  0.26509925], constraints = [0.4817446503372345, 1.002976139174915, 0.4817446503372345, 0.22887948353885745, 0.22887948353885745, 27.68409633806707, 1.9214775488431224, 1.958611086541966]
iteration = 658.0 , objective = [0.8574426], inputs = [-0.08185213  0.01        0.13393206  0.46164831  0.6271559   0.12863828
  1.98991139  1.01483708  0.02893972  0.52621033  0.99504862  0.51853565
  0.2652023 ], constraints = [0.48266020763565826, 1.0038003241838807, 0.48266020763565826, 0.2294743563241637, 0.2294743563241637, 27.637211016708214, 1.9189589544822292, 1.9608185668435918]
iteration = 659.0 , objective = [0.84024715], inputs = [-0.08588238  0.01        0.12654485  0.45824234  0.62069733  0.13161681
  1.99012396  1.00137453  0.03050444  0.54822005  0.98523838  0.52149446
  0.26642499], constraints = [0.49303727660420005, 1.0118493035297973, 0.49303727660420005, 0.2363777942542111, 0.2363777942542111, 27.085605872798695, 1.8892595378013455, 1.9873922407135076]
iteration = 660.0 , objective = [0.81240506], inputs = [-0.09961783  0.01        0.10136857  0.44663448  0.59868597  0.1417679
  1.99084842  0.95549297  0.03583716  0.62323108  0.95180423  0.53157835
  0.27059201], constraints = [0.5215106195035861, 1.0126170477932117, 0.5215106195035861, 0.2580197413133436, 0.2580197413133436, 25.172210673032453, 1.7905248281061692, 2.0835824856133525]
iteration = 661.0 , objective = [0.79155225], inputs = [-0.09517066  0.01        0.10951997  0.45039279  0.60581266  0.13848125
  1.99061386  0.97034819  0.03411057  0.59894452  0.96262931  0.52831345
  0.26924284], constraints = [0.5134807503164142, 1.0168016558639568, 0.5134807503164142, 0.2513016724267068, 0.2513016724267068, 25.80861815374694, 1.8220798784251233, 2.0514428488987764]
iteration = 662.0 , objective = [0.79407187], inputs = [-0.09576277  0.01        0.10843468  0.4498924   0.6048638   0.13891884
  1.99064509  0.96837034  0.03434045  0.60217807  0.96118805  0.52874815
  0.26942247], constraints = [0.5146160657961071, 1.016513707112382, 0.5146160657961071, 0.25221093896119157, 0.25221093896119157, 25.725257103643315, 1.8178561010140966, 2.0556650673673316]
iteration = 663.0 , objective = [0.79183978], inputs = [-0.0952504   0.01        0.10937382  0.4503254   0.60568488  0.13854018
  1.99061806  0.97008184  0.03414152  0.59937997  0.96243522  0.52837199
  0.26926703], constraints = [0.5136347347651379, 1.0167678540415226, 0.5136347347651379, 0.2514243958336865, 0.2514243958336865, 25.79740765975901, 1.8215106639769372, 2.052010445297404]
iteration = 664.0 , objective = [0.80609901], inputs = [-0.08710673  0.01        0.13307329  0.45039279  0.62239927  0.13848125
  1.99061386  0.98722825  0.03465361  0.59894452  0.97360786  0.534027
  0.24740335], constraints = [0.5128656894565438, 1.120240005672262, 0.5128656894565438, 0.2543565550667615, 0.2543565550667615, 26.63615567614187, 1.8231435230634223, 2.01636637954813]
iteration = 665.0 , objective = [2.09042178], inputs = [-0.31104335  0.01       -0.34212535  0.3         0.33022151  0.22890884
  2.          0.26707685  0.14739852  1.22648814  0.42029608  0.4721304
  0.63013516], constraints = [0.3450544257380717, -0.312892184119033, 0.3450544257380717, 0.8443281998755562, 0.8443281998755562, 0.14287242164619082, 0.8902118573420952, 7.488481171479794]
iteration = 666.0 , objective = [0.79151899], inputs = [-0.09521038  0.01        0.10943687  0.45036512  0.60576195  0.13849789
  1.99061559  0.97021878  0.03413141  0.59905999  0.96252952  0.52830312
  0.26930925], constraints = [0.5135702521036949, 1.0167984753908452, 0.5135702521036949, 0.25142102503794433, 0.25142102503794433, 25.804088654410016, 1.8219266375425724, 2.0517182530040174]
iteration = 667.0 , objective = [0.79053], inputs = [-0.09667441  0.01        0.10637386  0.44934517  0.60389292  0.13911116
  1.99067924  0.96544927  0.03489972  0.60331592  0.95885147  0.52792209
  0.27175678], constraints = [0.5168375103138312, 1.0164100862403265, 0.5168375103138312, 0.25579997979124547, 0.25579997979124547, 25.635359562601096, 1.816274590017477, 2.0619200781035785]
iteration = 668.0 , objective = [0.79116148], inputs = [-0.10553219  0.01        0.08784174  0.44317419  0.59258474  0.14282163
  1.99106438  0.93659233  0.0395482   0.62906557  0.93659821  0.52561676
  0.28656507], constraints = [0.5353026108050322, 1.0058797033683755, 0.5353026108050322, 0.28150476755542025, 0.28150476755542025, 24.536888221642727, 1.7819032490912192, 2.1258602294596596]
iteration = 669.0 , objective = [0.83196851], inputs = [-0.12686511  0.01        0.04320936  0.4283121   0.56535034  0.15175784
  1.99199193  0.86709381  0.05074352  0.69108054  0.88300389  0.52006465
  0.32222909], constraints = [0.5704553567141534, 0.9303296791692887, 0.5704553567141534, 0.3386153002574406, 0.3386153002574406, 21.359510988444814, 1.697873301374053, 2.297319966284807]
iteration = 670.0 , objective = [0.97054789], inputs = [-0.15820622  0.01       -0.02236199  0.40647759  0.52533911  0.16488642
  1.99335464  0.76499058  0.06719103  0.78218938  0.80426617  0.51190781
  0.37462462], constraints = [0.5983376274453719, 0.7163935074304896, 0.5983376274453719, 0.4136564165381787, 0.4136564165381787, 15.79511049983195, 1.5711152496595544, 2.6057244462242317]
iteration = 671.0 , objective = [nan], inputs = [-0.32775256  0.01        0.52359878  0.3         0.3         0.27
  2.          0.25        0.10291369 -0.78539816  2.          0.25
  1.57079633], constraints = [-0.5491216365218273, 0.45565303493181325, -0.5491216365218273, 0.6494113137329552, 0.6494113137329552, 24011848387.609844, 8.0, 8.0]
iteration = 672.0 , objective = [0.99185524], inputs = [-0.17516085  0.01        0.03223409  0.39582983  0.5028052   0.17539777
  1.99401918  0.71349152  0.0707633   0.62543063  0.92383955  0.48571703
  0.49424179], constraints = [0.6157903616555631, 0.8883329457759028, 0.6157903616555631, 0.4164887099646134, 0.4164887099646134, 16.76283159806421, 1.902011858968151, 2.7947342458062305]
iteration = 673.0 , objective = [0.9698068], inputs = [-0.1586158   0.01       -0.02104308  0.40622036  0.52479474  0.16514034
  1.9933707   0.76374648  0.06727733  0.77840247  0.80715478  0.51127511
  0.37751428], constraints = [0.5992964647435708, 0.7215082108457691, 0.5992964647435708, 0.41370011898079895, 0.41370011898079895, 15.761320063953457, 1.578709322353942, 2.6099900220076817]
iteration = 674.0 , objective = [1.6985426], inputs = [-0.30212097  0.01        0.52359878  0.31269561  0.3         0.27
  2.          0.25        0.18930333  0.6068529   2.          0.52784681
  0.68877442], constraints = [0.4426138471453121, 1.3403553077397128, 0.4426138471453121, 0.9108352102133983, 0.9108352102133983, 0.34736422292544705, 3.7889780640526682, 8.0]
iteration = 675.0 , objective = [1.23635001], inputs = [-0.52359878  0.01       -0.24995975  0.34884788  0.41589732  0.27
  2.          0.25        0.15306893  0.954054    2.          0.3727986
  1.11154599], constraints = [1.1929697277259819, 0.3514821354562585, 1.1929697277259819, 0.8040168306384686, 0.8040168306384686, 85.90810785311879, 5.364827073552908, 8.0]
iteration = 676.0 , objective = [0.96382972], inputs = [-0.4304576   0.01        0.0753557   0.33364426  0.36715739  0.27
  2.          0.25        0.16830709  0.80804063  2.          0.4380032
  0.93375191], constraints = [0.8334037155427653, 0.9722063798895647, 0.8334037155427653, 0.8494203549730082, 0.8494203549730082, 8.446954899781835, 4.566176636212181, 8.0]
iteration = 677.0 , objective = [1.29920124], inputs = [-0.37629273  0.01        0.26453806  0.32480282  0.33881341  0.27
  2.          0.25        0.17716862  0.72312873  2.          0.47592198
  0.83035841], constraints = [0.6512962815416042, 1.1643585013243827, 0.6512962815416042, 0.8755005928776904, 0.8755005928776904, 1.7966573634812615, 4.202369513810472, 8.0]
iteration = 678.0 , objective = [2.36624812], inputs = [-0.52359878  0.01       -0.12009503  0.55350044  0.85        0.0675
  1.91441174  0.47367647  0.027       0.79003057  2.          0.89521852
  1.15426498], constraints = [0.33127372164108226, 0.14756718193027885, 0.33127372164108226, 0.47787659074846317, 0.47787659074846317, 9.707034394541376, 2.2340914062938637, 4.041601956669636]
iteration = 679.0 , objective = [2.43363644], inputs = [-0.47129048  0.01        0.01648797  0.47229004  0.66847793  0.13940764
  1.94480408  0.39424908  0.08032479  0.76627377  2.          0.74632655
  1.03924594], constraints = [0.610458780521901, 1.1373425771722385, 0.610458780521901, 0.6729995002726252, 0.6729995002726252, 1.336844857553349, 2.679792111102628, 4.9329324765456155]
iteration = 680.0 , objective = [2.49021061], inputs = [-0.48034127  0.01        0.52359878  0.41850959  0.85        0.27
  2.          0.25        0.11638566  1.57079633  2.          0.53314902
  0.52670576], constraints = [1.472005729523608, 12.42386392116359, 1.472005729523608, 0.6917383743347875, 0.6917383743347875, 22318.889904128013, 3.751296374060391, 8.0]
iteration = 681.0 , objective = [2.43363644], inputs = [-0.47129048  0.01        0.01648797  0.47229004  0.66847793  0.13940764
  1.94480408  0.39424908  0.08032479  0.76627377  2.          0.74632655
  1.03924594], constraints = [0.6104587805222509, 1.1373425771766381, 0.6104587805222509, 0.6729995002725011, 0.6729995002725011, 1.3368448575532141, 2.6797921111033167, 4.932932476547366]
iteration = 682.0 , objective = [2.4336363], inputs = [-0.47129049  0.01        0.01648821  0.47229002  0.66847801  0.1394077
  1.94480411  0.39424901  0.08032481  0.76627415  2.          0.74632645
  1.0392457 ], constraints = [0.6104589653044235, 1.1373448959676578, 0.6104589653044235, 0.6729994347787788, 0.6729994347787788, 1.3368447926425313, 2.679792474198436, 4.93293339911764]
iteration = 683.0 , objective = [2.4335344], inputs = [-0.4712936   0.01        0.01666284  0.4722715   0.66854052  0.13945267
  1.94482311  0.39419933  0.08033723  0.7665512   2.          0.74625304
  1.03906919], constraints = [0.6105931680971831, 1.1390290163383867, 0.6105931680971831, 0.6729519180217537, 0.6729519180217537, 1.3367991577676852, 2.6800560950333776, 4.933603238683374]
iteration = 684.0 , objective = [2.43084358], inputs = [-0.47137757  0.01        0.0213673   0.47177258  0.6702245   0.14066417
  1.94533517  0.39286114  0.08067176  0.77401474  2.          0.74427539
  1.03431437], constraints = [0.6142563771030017, 1.1849291801054747, 0.6142563771030017, 0.6716938649005271, 0.6716938649005271, 1.3366278204358948, 2.687177380276899, 4.9517118778600775]
iteration = 685.0 , objective = [2.41896071], inputs = [-0.47181134  0.01        0.04567124  0.46919508  0.67892418  0.14692298
  1.9479805   0.38594781  0.08240003  0.81257253  2.          0.73405858
  1.00975021], constraints = [0.6346860491034303, 1.4377291407593384, 0.6346860491034303, 0.6658432873598873, 0.6658432873598873, 1.3680581010827746, 2.724578184164867, 5.047263987797916]
iteration = 686.0 , objective = [1.09646501], inputs = [ 0.05999331  0.01        0.5075348   0.35289801  0.3         0.27
  2.          0.74396873  0.23576305  1.44625364  0.83111255  0.25
 -0.78539816], constraints = [1.3993434830111524, 1.526255113983163, 1.3993434830111524, 0.8061810823067608, 0.8061810823067608, 67626.35677999844, 3.3244501893196245, 2.6882850186684166]
iteration = 687.0 , objective = [2.41896071], inputs = [-0.47181134  0.01        0.04567124  0.46919508  0.67892418  0.14692298
  1.9479805   0.38594781  0.08240003  0.81257253  2.          0.73405858
  1.00975021], constraints = [0.6346860491036457, 1.4377291407609685, 0.6346860491036457, 0.6658432873600251, 0.6658432873600251, 1.3680581010826773, 2.7245781841649874, 5.047263987795237]
iteration = 688.0 , objective = [2.41896005], inputs = [-0.47181113  0.01        0.04567142  0.46919504  0.67892404  0.14692303
  1.94798052  0.38594795  0.08240009  0.81257278  1.99999955  0.7340584
  1.00974952], constraints = [0.6346861893262616, 1.4377302024757759, 0.6346861893262616, 0.6658433772390533, 0.6658433772390533, 1.3680580365760568, 2.724578262583733, 5.047262242367346]
iteration = 689.0 , objective = [2.41843016], inputs = [-0.47164639  0.01        0.04581449  0.46915901  0.67880665  0.14696116
  1.94799664  0.38605886  0.08244759  0.81276908  1.99963746  0.73390845
  1.00919343], constraints = [0.6347994189672123, 1.4385872078136526, 0.6347994189672123, 0.6659158934135334, 0.6659158934135334, 1.3680066612235304, 2.724641562436079, 5.0458540209409595]
iteration = 690.0 , objective = [2.40341615], inputs = [-0.46696713  0.01        0.04987836  0.46813573  0.67547256  0.14804409
  1.94845435  0.38920903  0.08379701  0.81834474  1.9893526   0.72964929
  0.9933982 ], constraints = [0.6380634694076283, 1.4628582429237973, 0.6380634694076283, 0.6679594578105821, 0.6679594578105821, 1.367172834322473, 2.7264503970122154, 5.006190022525187]
iteration = 691.0 , objective = [2.32562326], inputs = [-0.44213878  0.01        0.07144137  0.46270617  0.65778174  0.15379019
  1.95088298  0.40592394  0.09095707  0.84792939  1.93478078  0.70705006
  0.90958816], constraints = [0.6568940404782164, 1.5867305693753255, 0.6568940404782164, 0.678312174669597, 0.678312174669597, 1.4146897060271666, 2.736412722570594, 4.8060308471865385]
iteration = 692.0 , objective = [1.14286508], inputs = [-0.24955535  0.01       -0.00875216  0.35202053  0.36542472  0.27
  2.          0.25        0.18277728  1.02373809  0.60067589  0.26750193
  0.36392395], constraints = [1.0390215494307289, 0.7637864806567379, 1.0390215494307289, 0.8918862832525919, 0.8918862832525919, 11.876300340646718, 2.245501168938244, 8.0]
iteration = 693.0 , objective = [1.75270544], inputs = [-0.33051275  0.01        0.02495926  0.39855009  0.48832452  0.22114821
  1.9793524   0.31554664  0.14417829  0.94983237  1.16150123  0.4522773
  0.59330795], constraints = [0.8495772680468433, 1.1153223835229837, 0.8495772680468433, 0.7982037823585642, 0.7982037823585642, 2.9299422763287692, 2.5681174498484003, 6.272772774266966]
iteration = 694.0 , objective = [2.05191908], inputs = [-0.37969003  0.01        0.04543713  0.4268143   0.56297955  0.19147337
  1.96681009  0.35536271  0.12073147  0.90493862  1.50217253  0.56451843
  0.73264642], constraints = [0.7632932496103421, 1.3422167171001858, 0.7632932496103421, 0.7460923359758824, 0.7460923359758824, 1.7788386138885917, 2.6609805074061144, 5.534655212902108]
iteration = 695.0 , objective = [1.73953607], inputs = [-0.37358376  0.01        0.05911668  0.36660201  0.34836806  0.27
  1.95874011  0.25        0.1869702   0.93962664  0.50810338  0.25
  0.74984817], constraints = [1.0850123654509338, 0.8300538199850589, 1.0850123654509338, 0.9030289490187078, 0.9030289490187078, 7.6730977938244855, 2.0324135121405296, 7.834960457948247]
iteration = 696.0 , objective = [1.91346796], inputs = [-0.376274    0.01        0.05308988  0.39312976  0.44291953  0.23540349
  1.9622955   0.29641969  0.15778738  0.92434412  0.94606082  0.38856751
  0.74226959], constraints = [0.9144293379439109, 1.0903562600573447, 0.9144293379439109, 0.8315367138494277, 0.8315367138494277, 2.5143108462420805, 2.434739909241645, 6.619990363326124]
iteration = 697.0 , objective = [1.9745487], inputs = [-0.37744886  0.01        0.05045791  0.4047147   0.48421112  0.22029485
  1.96384818  0.31669164  0.14504294  0.91767009  1.13732129  0.44908135
  0.73895994], constraints = [0.8567852635027697, 1.18905353323831, 0.8567852635027697, 0.8019613149256736, 0.8019613149256736, 1.962256451914448, 2.5325507088605694, 6.201136732999302]
iteration = 698.0 , objective = [1.6575707], inputs = [-0.19225213  0.01        0.52359878  0.37049861  0.3         0.27
  2.          0.43674994  0.23562622  0.80849323  0.25        0.26502029
  0.39922618], constraints = [0.8391545583001956, 1.3996895569004506, 0.8391545583001956, 0.8861856712741889, 0.8861856712741889, 0.5661748572815837, 0.9433240151950918, 4.579279343790239]
iteration = 699.0 , objective = [1.7753534], inputs = [-0.23818302  0.01        0.40625448  0.37898459  0.34568644  0.25767256
  1.99103394  0.40697413  0.21316054  0.83557033  0.47006573  0.31066951
  0.483484  ], constraints = [0.9024205159941854, 1.530426481343003, 0.9024205159941854, 0.8674132973137689, 0.8674132973137689, 1.1639586866347238, 1.5130732529849862, 4.892286301651333]
iteration = 700.0 , objective = [1.94351979], inputs = [-0.063716    0.01        0.52359878  0.37909578  0.3         0.27
  2.          0.52381558  0.25721911  0.60765063  0.41746977  0.32218297
  0.21791912], constraints = [1.031759253359865, 1.4652044995488227, 1.031759253359865, 0.9113378319308777, 0.9113378319308777, 1.619322688413158, 1.2957536660810745, 3.8181376406168592]
iteration = 701.0 , objective = [1.93461676], inputs = [-0.06879581  0.01        0.20920667  0.37713852  0.3199262   0.27
  2.          0.36839536  0.23504984  0.60784034  0.48820897  0.37235725
  0.24737158], constraints = [1.010415915271619, 0.970272181145633, 1.010415915271619, 0.9260763489719663, 0.9260763489719663, 1.2981976357348421, 1.3111305511951654, 5.42895010005907]
iteration = 702.0 , objective = [1.87651843], inputs = [0.01395311 0.01       0.52359878 0.37641636 0.74227726 0.27
 2.         0.50518208 0.26038069 0.52009735 0.25648096 0.31609341
 0.09464067], constraints = [0.9827423344201519, 9.9584709988704, 0.9827423344201519, 0.9266150776291509, 0.9266150776291509, 1.023254652492076, 0.8114087528289208, 3.958968615031838]
iteration = 703.0 , objective = [1.89724583], inputs = [-0.01769016  0.01        0.40337493  0.37669251  0.58076981  0.27
  2.          0.45287471  0.25069415  0.55365036  0.34509397  0.33760876
  0.15304511], constraints = [0.9989394531331297, 5.164938647210486, 0.9989394531331297, 0.9209600139932203, 0.9209600139932203, 1.179992061435244, 1.0221712715211348, 4.416232517871877]
iteration = 704.0 , objective = [1.89226934], inputs = [0.0270481  0.01       0.52359878 0.37780925 0.85       0.27
 2.         0.49146873 0.24967037 0.47218162 0.31381035 0.3486726
 0.09838593], constraints = [1.0084350440625154, 13.138185536161064, 1.0084350440625154, 0.9016034749067268, 0.9016034749067268, 1.2858275807964592, 0.9000143572601588, 4.069434872912771]
iteration = 705.0 , objective = [1.82860847], inputs = [0.07638909 0.01       0.35872647 0.37452152 0.85       0.27
 2.         0.47433969 0.24675486 0.36902282 0.25       0.36660723
 0.05502709], constraints = [1.0182905727750962, 10.788007471602263, 1.0182905727750962, 0.9002902005530318, 0.9002902005530318, 1.4168915649094536, 0.6819287251840398, 4.216387598335884]
iteration = 706.0 , objective = [1.81530554], inputs = [0.07130388 0.01       0.12769323 0.37344544 0.66138509 0.27
 2.         0.42480634 0.23925805 0.36461112 0.25       0.3806923
 0.07386395], constraints = [1.0011460395746559, 4.131457538573929, 1.0011460395746559, 0.9028002996146237, 0.9028002996146237, 1.2235690020686922, 0.6566983389830776, 4.708027685283653]
iteration = 707.0 , objective = [1.80776981], inputs = [ 0.09538548  0.01       -0.10146838  0.37309633  0.596281    0.27
  2.          0.38064182  0.22984292  0.32943965  0.25        0.4089927
  0.03842159], constraints = [1.0061010101245036, 1.3216114590406571, 1.0061010101245036, 0.9027958221260025, 0.9027958221260025, 1.259314769860463, 0.6112578486337081, 5.25428336986036]
iteration = 708.0 , objective = [1.80189088], inputs = [ 0.10852544  0.01       -0.13755703  0.37339512  0.59738311  0.27
  2.          0.37772838  0.22817029  0.31616223  0.25        0.42083749
  0.01104223], constraints = [1.000868723307125, 1.0060043118818474, 1.000868723307125, 0.9000119555372862, 0.9000119555372862, 1.2134403691024476, 0.5940535377322518, 5.2948099668644755]
iteration = 709.0 , objective = [1.79397615], inputs = [ 0.1275535   0.01       -0.13406015  0.37312735  0.58944317  0.27
  2.          0.37582487  0.2277085   0.28306993  0.25        0.44433099
 -0.01786618], constraints = [1.0037841946032975, 1.0062014686190701, 1.0037841946032975, 0.9000060985221435, 0.9000060985221435, 1.23912557475644, 0.5626436252030761, 5.321627584197744]
iteration = 710.0 , objective = [1.77160031], inputs = [ 0.16138093  0.01        0.08850044  0.37205823  0.6459692   0.27
  2.          0.39703435  0.23285285  0.2126143   0.25        0.49380192
 -0.06570538], constraints = [1.0148876442283155, 3.5992293780909317, 1.0148876442283155, 0.9007353895752803, 0.9007353895752803, 1.359417489062957, 0.5062758736501256, 5.03734749220623]
iteration = 711.0 , objective = [1.75250591], inputs = [ 0.1767254   0.01        0.49405603  0.37149833  0.77704718  0.27
  2.          0.42953077  0.23970158  0.1667873   0.27094322  0.54129037
 -0.08794182], constraints = [1.0058274950119788, 10.709037522710755, 1.0058274950119788, 0.9015307318443907, 0.9015307318443907, 1.2663728194076107, 0.500550594482149, 4.656243801849274]
iteration = 712.0 , objective = [1.74194948], inputs = [ 0.18552758  0.01        0.52359878  0.37045593  0.42514765  0.27
  2.          0.39229824  0.23222175  0.08918442  0.48178113  0.70411617
 -0.08597586], constraints = [0.9981462489330509, 3.121314603384906, 0.9981462489330509, 0.9019216570270991, 0.9019216570270991, 1.18510760294284, 0.6842352825475847, 5.098161998165245]
iteration = 713.0 , objective = [1.74074202], inputs = [ 0.19366342  0.01        0.52359878  0.37080452  0.46354534  0.27
  2.          0.41187866  0.23593018  0.08833244  0.44844893  0.68932858
 -0.1072762 ], constraints = [1.0000361024943762, 3.748619035409015, 1.0000361024943762, 0.9005828923537161, 0.9005828923537161, 1.2029034586095066, 0.6505590313925386, 4.8557990750812]
iteration = 714.0 , objective = [1.73846093], inputs = [ 0.2121763   0.01        0.52359878  0.37083082  0.30383196  0.27
  2.          0.42094936  0.23756926  0.04414045  0.52461108  0.75985833
 -0.14254596], constraints = [1.0014220258381836, 1.517881774275175, 1.0014220258381836, 0.9001155715469101, 0.9001155715469101, 1.2156545152839093, 0.6904064356706247, 4.751165353990253]
iteration = 715.0 , objective = [1.73785455], inputs = [ 0.21881532  0.01        0.52359878  0.37087345  0.3         0.27
  2.          0.41969508  0.2372847   0.02938444  0.55674695  0.78881698
 -0.1563363 ], constraints = [1.0001422267575026, 1.4769906770619243, 1.0001422267575026, 0.9000021311929055, 0.9000021311929055, 1.2018012424337752, 0.7057999100288395, 4.765364467880139]
iteration = 716.0 , objective = [1.73723112], inputs = [ 2.29256119e-01  1.00000000e-02  5.23598776e-01  3.70783899e-01
  3.00000000e-01  2.70000000e-01  2.00000000e+00  4.13327831e-01
  2.36038373e-01  1.76033709e-03  6.19339967e-01  8.43853130e-01
 -1.75879221e-01], constraints = [1.0003897442924679, 1.4775329993111117, 1.0003897442924679, 0.9000560789202607, 0.9000560789202607, 1.2043312947336715, 0.7339428449352736, 4.838774096232055]
iteration = 717.0 , objective = [1.73738882], inputs = [ 0.22904704  0.01        0.52359878  0.37081592  0.3         0.27
  2.          0.4150443   0.23636512  0.00264568  0.61665378  0.84171227
 -0.1757495 ], constraints = [1.0000002102472796, 1.4772104283949137, 1.0000002102472796, 0.9000041540547316, 0.9000041540547316, 1.2000084003489553, 0.7326182571647949, 4.8187627085916604]
iteration = 718.0 , objective = [1.73739496], inputs = [ 0.22909955  0.01        0.52359878  0.37081921  0.3         0.27
  2.          0.41578016  0.23651094  0.00248109  0.61646304  0.84172865
 -0.17584407], constraints = [0.9999997833417011, 1.4772076269363235, 0.9999997833417011, 0.9000007573037324, 0.9000007573037324, 1.200000036952407, 0.7323774086740026, 4.81023435353699]
iteration = 719.0 , objective = [1.73739506], inputs = [ 0.22916203  0.01        0.52359878  0.3708174   0.3         0.27
  2.          0.41588204  0.23653099  0.00219014  0.61718865  0.84237891
 -0.17591988], constraints = [0.9999997073784029, 1.4772216355577048, 0.9999997073784029, 0.9000000144829187, 0.9000000144829187, 1.20000082983129, 0.7326734420597214, 4.8090559150207985]
iteration = 720.0 , objective = [1.73739503], inputs = [ 0.22916893  0.01        0.52359878  0.37081726  0.30105795  0.27
  2.          0.41592934  0.23654042  0.00215186  0.61739451  0.84264114
 -0.17592621], constraints = [0.9999996670809221, 1.4867126503750965, 0.9999996670809221, 0.9000000031187217, 0.9000000031187217, 1.2000000789223852, 0.7326897333817676, 4.80850904428545]
iteration = 721.0 , objective = [1.73739176], inputs = [ 0.22904557  0.01        0.52359878  0.3708159   0.317835    0.27
  2.          0.41631526  0.23661732  0.00227499  0.61923237  0.84545579
 -0.1756226 ], constraints = [0.9999994201265724, 1.6742053398992995, 0.9999994201265724, 0.9000002074516978, 0.9000002074516978, 1.1999976255634364, 0.7324243039150194, 4.804051671381822]
iteration = 722.0 , objective = [1.73736344], inputs = [ 0.22781832  0.01        0.52359878  0.37080959  0.4262958   0.27
  2.          0.41820305  0.23699274  0.00443188  0.6283728   0.86109557
 -0.17291739], constraints = [0.9999714830305394, 3.1408142490210897, 0.9999714830305394, 0.9000049424779516, 0.9000049424779516, 1.1996973056262938, 0.7297364175751039, 4.782365916974777]
iteration = 723.0 , objective = [1.73739222], inputs = [ 0.22904559  0.01        0.52359878  0.37081592  0.317835    0.27
  2.          0.41631526  0.23661725  0.00227499  0.61923237  0.84545579
 -0.1756226 ], constraints = [0.9999996602106639, 1.674205316216716, 0.9999996602106639, 0.8999999999999927, 0.8999999999999927, 1.2000000000021949, 0.7324243039150194, 4.804051671381822]
iteration = 724.0 , objective = [1.73712652], inputs = [ 0.22274882  0.01        0.51932541  0.37078591  0.85        0.27
  2.          0.42548602  0.23842623  0.01366498  0.66283677  0.9215801
 -0.1617712 ], constraints = [0.9995701767544108, 13.197817502058657, 0.9995701767544108, 0.9000722429017186, 0.9000722429017186, 1.1953360370017705, 0.7192394593530195, 4.700506980392089]
iteration = 725.0 , objective = [1.73730431], inputs = [ 0.22584873  0.01        0.5219385   0.37080039  0.59091196  0.27
  2.          0.4210326   0.23754968  0.0080191   0.64176263  0.88459482
 -0.16858691], constraints = [0.9999148189782198, 6.226191672308068, 0.9999148189782198, 0.9000140079761826, 0.9000140079761826, 1.1990820598129592, 0.7254876607239125, 4.7502259534604345]
iteration = 726.0 , objective = [1.73732389], inputs = [ 0.22635837  0.01        0.5223681   0.37080277  0.54831717  0.27
  2.          0.42030045  0.23740557  0.0070909   0.63829798  0.87851434
 -0.16970743], constraints = [0.9999421882069223, 5.327839218344183, 0.9999421882069223, 0.9000095625644172, 0.9000095625644172, 1.1993791520109265, 0.7265652379895219, 4.758500739226808]
iteration = 727.0 , objective = [1.73736567], inputs = [ 0.22781923  0.01        0.52359878  0.37080962  0.4262958   0.27
  2.          0.41820305  0.23699224  0.00443188  0.6283728   0.86109557
 -0.17291739], constraints = [0.9999795976946969, 3.14081981934025, 0.9999795976946969, 0.900003519107375, 0.900003519107375, 1.1997844805929314, 0.7297364175751039, 4.782365916974777]
iteration = 728.0 , objective = [1.73716806], inputs = [ 0.22265259  0.01        0.5175118   0.37078616  0.85        0.27
  2.          0.42567974  0.23845138  0.01392002  0.66228567  0.92152754
 -0.16151523], constraints = [0.999778392907921, 13.175292007516058, 0.999778392907921, 0.9000391391895601, 0.9000391391895601, 1.197588177522039, 0.718682456151799, 4.698367838954673]
iteration = 729.0 , objective = [1.7372685], inputs = [ 0.22462775  0.01        0.52010018  0.37079501  0.68920482  0.27
  2.          0.42281261  0.23789397  0.01028014  0.64950037  0.89860176
 -0.16588162], constraints = [0.9999196588317817, 8.562613888836744, 0.9999196588317817, 0.9000136736071329, 0.9000136736071329, 1.1991310604132945, 0.722790012463798, 4.730227892451431]
iteration = 730.0 , objective = [1.73726909], inputs = [ 0.22468448  0.01        0.52094715  0.37079493  0.68920482  0.27
  2.          0.42272214  0.23787633  0.01016103  0.64975774  0.8986263
 -0.16600117], constraints = [0.9999223523738732, 8.56516217630698, 0.9999223523738732, 0.9000130682155218, 0.9000130682155218, 1.1991604706819485, 0.7230566684208957, 4.731240234294088]
iteration = 731.0 , objective = [1.73720186], inputs = [ 0.22314077  0.01        0.52359878  0.37078472  0.85        0.27
  2.          0.42486389  0.23828432  0.01290674  0.66476342  0.92185168
 -0.16250362], constraints = [0.9999627841801493, 13.245097398948722, 0.9999627841801493, 0.9000056550994214, 0.9000056550994214, 1.1996001270081593, 0.7211175515422006, 4.707389978590572]
iteration = 732.0 , objective = [1.73719806], inputs = [ 0.22267105  0.01        0.5175118   0.37078625  0.85        0.27
  2.          0.42567974  0.23844148  0.01392002  0.66228567  0.92152754
 -0.16151523], constraints = [0.9999389678157183, 13.175643287236543, 0.9999389678157183, 0.900011031958982, 0.900011031958982, 1.1993393367844396, 0.718682456151799, 4.698367838954673]
iteration = 733.0 , objective = [1.73720548], inputs = [ 0.22314688  0.01        0.52359878  0.37078528  0.85        0.27
  2.          0.42483501  0.23827682  0.01294402  0.66536723  0.9216254
 -0.16252474], constraints = [0.9999996980533711, 13.245179460003358, 0.9999996980533711, 0.9000000010954621, 0.9000000010954621, 1.200000513972593, 0.7219497528590832, 4.707709964693339]
iteration = 734.0 , objective = [1.7370311], inputs = [ 0.22204699  0.01        0.49386239  0.3707974   0.85        0.27
  2.          0.42214376  0.23776352  0.01709919  0.71587015  0.91460917
 -0.16104043], constraints = [1.0002688698196667, 12.878647741622183, 1.0002688698196667, 0.9000097120953146, 0.9000097120953146, 1.2029793689358004, 0.7827060712625151, 4.737722509354437]
iteration = 735.0 , objective = [1.73705165], inputs = [ 0.22138342  0.01        0.46117762  0.37079513  0.85        0.27
  2.          0.42272144  0.23787175  0.01796807  0.72043475  0.92203997
 -0.15954643], constraints = [0.9999956164390813, 12.454940026736388, 0.9999956164390813, 0.9000004513048411, 0.9000004513048411, 1.1999648205129156, 0.7813487150699022, 4.731248085077169]
iteration = 736.0 , objective = [1.73591049], inputs = [ 0.20786238  0.01       -0.13539113  0.37066358  0.85        0.27
  2.          0.43347775  0.23994463  0.0403686   0.8271495   1.03503054
 -0.12911294], constraints = [0.999280854792522, 2.566978687205215, 0.999280854792522, 0.9001532791449486, 0.9001532791449486, 1.1925791887418504, 0.7991546756122733, 4.613846910574699]
iteration = 737.0 , objective = [1.73705653], inputs = [ 0.22138377  0.01        0.46117762  0.37079527  0.85        0.27
  2.          0.42272144  0.23787159  0.01796807  0.72043475  0.92203997
 -0.15954643], constraints = [0.999999660212704, 12.454948703006169, 0.999999660212704, 0.899999999999965, 0.899999999999965, 1.2000000004656606, 0.7813487150699022, 4.731248085077169]
iteration = 738.0 , objective = [1.7360856], inputs = [ 0.2053887   0.01       -0.22653216  0.37064541  0.85        0.27
  2.          0.43433958  0.24004813  0.04447143  0.85208859  1.05557071
 -0.12332905], constraints = [1.000002020946822, 1.0956094584756317, 1.000002020946822, 0.9000009546767632, 0.9000009546767632, 1.2000414204838532, 0.8072302340904465, 4.6046920136739065]
iteration = 739.0 , objective = [1.73628986], inputs = [ 0.2079382   0.01       -0.13539113  0.37067473  0.85        0.27
  2.          0.43347775  0.23989061  0.0403686   0.8271495   1.03503054
 -0.12911294], constraints = [0.99999966347439, 2.569459782907709, 0.99999966347439, 0.8999999959054746, 0.8999999959054746, 1.2000210159836804, 0.7991546756122733, 4.613846910574699]
iteration = 740.0 , objective = [1.73563291], inputs = [ 0.20074442  0.01       -0.22177069  0.37048888  0.8035919   0.27
  2.          0.42412754  0.23818927  0.04905012  0.95053592  1.10105988
 -0.11239006], constraints = [1.0001314510766102, 0.998343553490488, 1.0001314510766102, 0.900135230640765, 0.900135230640765, 1.2012675376287003, 0.8632917560603719, 4.715562696160646]
iteration = 741.0 , objective = [1.73526887], inputs = [ 0.19627345  0.01       -0.20916528  0.37045613  0.75691597  0.27
  2.          0.42310936  0.23794677  0.05627511  1.00985571  1.13205614
 -0.10271209], constraints = [1.0001199491241712, 0.988972179739806, 1.0001199491241712, 0.9000013775566397, 0.9000013775566397, 1.2012007558167235, 0.8920544365306077, 4.726910341507695]
iteration = 742.0 , objective = [1.73580286], inputs = [ 0.20072314  0.01       -0.22160095  0.37050563  0.8035919   0.27
  2.          0.42412754  0.23814165  0.04905012  0.95053592  1.10105988
 -0.11239006], constraints = [0.9999996490044285, 1.0000001985065545, 0.9999996490044285, 0.899999996812979, 0.899999996812979, 1.2000005697999736, 0.8632917560603719, 4.715562696160646]
iteration = 743.0 , objective = [1.72431041], inputs = [ 0.14022452  0.01       -0.07063075  0.36996736  0.30675476  0.27
  2.          0.42608586  0.23851884  0.15263011  1.69302235  1.5
  0.01696415], constraints = [1.015984051677017, 0.23182086723701117, 1.015984051677017, 0.9000118675959535, 0.9000118675959535, 1.3789481918709545, 1.128681568734901, 4.693889636675111]
iteration = 744.0 , objective = [1.72907461], inputs = [ 0.1632082   0.01       -0.12743886  0.37016779  0.49134994  0.27
  2.          0.4248653   0.23828425  0.11311834  1.41287989  1.34911925
 -0.03211084], constraints = [1.0057707403173575, 0.6613503540188406, 1.0057707403173575, 0.9000047034852452, 0.9000047034852452, 1.259262203688719, 1.0472609408898281, 4.707374296206143]
iteration = 745.0 , objective = [1.73524511], inputs = [ 0.19626551  0.01       -0.20861355  0.37045651  0.75691597  0.27
  2.          0.42310936  0.23794648  0.05627511  1.00985571  1.13205614
 -0.10271209], constraints = [1.0000489864324762, 0.9954818775252718, 1.0000489864324762, 0.9000005648870981, 0.9000005648870981, 1.2004925751623055, 0.8920544365306077, 4.726910341507695]
iteration = 746.0 , objective = [1.7157346], inputs = [0.08328014 0.01       0.52359878 0.37116409 0.85       0.27
 2.         0.59118446 0.27       0.3120767  1.64177894 1.5
 0.11245837], constraints = [1.0112659392841228, 13.27254705460177, 1.0112659392841228, 0.9284668997055258, 0.9284668997055258, 1.423431135608734, 1.0945192908349406, 3.3830388478545528]
iteration = 747.0 , objective = [1.72170885], inputs = [0.14359443 0.01       0.03232112 0.37041227 0.5793601  0.27
 2.         0.46567883 0.24606707 0.1619413  1.46905008 1.38614431
 0.00336541], constraints = [1.0050512506253313, 2.3776416514378917, 1.0050512506253313, 0.9020829533420914, 0.9020829533420914, 1.2539180013415057, 1.0598103496268945, 4.294805466409507]
iteration = 748.0 , objective = [1.7225167], inputs = [ 0.15462567  0.01        0.07087116  0.37066239  0.85        0.27
  2.          0.47448046  0.24670298  0.14474755  1.37579012  1.37950986
 -0.01927813], constraints = [1.000927110988186, 6.1995273979702965, 1.000927110988186, 0.9000839386421241, 0.9000839386421241, 1.2124887285701997, 0.9973035808229611, 4.215136734630836]
iteration = 749.0 , objective = [1.72015353], inputs = [ 0.16455804  0.01        0.08545264  0.37014304  0.85        0.27
  2.          0.44361847  0.24206964  0.11415191  1.55275771  1.5
 -0.03702294], constraints = [0.999372966685675, 6.454666982855243, 0.999372966685675, 0.9010526149879965, 0.9010526149879965, 1.1924637023771514, 1.0351718082004389, 4.508378545890754]
iteration = 750.0 , objective = [1.71916623], inputs = [ 0.15481654  0.01        0.14065274  0.37033247  0.85        0.27
  2.          0.45808758  0.24421393  0.13598015  1.5409623   1.5
 -0.01759239], constraints = [0.9998500443022227, 7.343261333573701, 0.9998500443022227, 0.9002499683032023, 0.9002499683032023, 1.198149061041946, 1.02730819797533, 4.365977327380161]
iteration = 751.0 , objective = [1.71296001], inputs = [0.12121841 0.01       0.33599798 0.3704909  0.85       0.27
 2.         0.49389249 0.24991979 0.20570067 1.4936308  1.5
 0.0518358 ], constraints = [0.9978197695028498, 10.211371814143824, 0.9978197695028498, 0.9013749498561722, 0.9013749498561722, 1.1733411644864806, 0.9957538687654753, 4.049464256940514]
iteration = 752.0 , objective = [1.70227674], inputs = [0.06766366 0.01       0.52359878 0.37052222 0.7080732  0.27
 2.         0.54425277 0.25625395 0.31367465 1.37835508 1.5
 0.16882102], constraints = [0.9910044367946321, 9.02890605233086, 0.9910044367946321, 0.9022393213810663, 0.9022393213810663, 1.102917596569898, 0.9189033864615824, 3.674763087827072]
iteration = 753.0 , objective = [1.6944286], inputs = [0.03327506 0.01       0.51900307 0.36991688 0.40536094 0.27
 2.         0.53517988 0.25450568 0.37032651 1.42100483 1.5
 0.24623081], constraints = [1.0016594018525107, 2.8000201638187745, 1.0016594018525107, 0.9000611642287234, 0.9000611642287234, 1.2234300060662884, 0.9473365517741855, 3.7370612426098515]
iteration = 754.0 , objective = [1.69368844], inputs = [0.02692263 0.01       0.52359878 0.36956369 0.3        0.27
 2.         0.52024656 0.25284025 0.37523293 1.42210356 1.5
 0.26178282], constraints = [1.0000314832914141, 1.47470186775242, 1.0000314832914141, 0.9001790751090477, 0.9001790751090477, 1.2012150923256248, 0.9480690410123523, 3.844331014383648]
iteration = 755.0 , objective = [1.69704256], inputs = [0.07008794 0.01       0.52359878 0.36715705 0.3        0.27
 2.         0.35810326 0.23353527 0.24472327 1.68277041 1.5
 0.16537255], constraints = [0.9771795911311852, 1.484914879748918, 0.9771795911311852, 0.9293351931184188, 0.9293351931184188, 0.940504367079354, 1.1218469418297785, 5.584981261723725]
iteration = 756.0 , objective = [1.69068127], inputs = [0.03855814 0.01       0.52359878 0.36891497 0.3        0.27
 2.         0.4765397  0.24763646 0.34005314 1.49236815 1.5
 0.23579476], constraints = [0.9983082810357518, 1.4794247825371019, 0.9983082810357518, 0.9018603042696149, 0.9018603042696149, 1.1800447004181143, 0.9949120967805962, 4.196922142001148]
iteration = 757.0 , objective = [1.69045266], inputs = [0.02448519 0.01       0.52359878 0.36891358 0.3        0.27
 2.         0.47992224 0.24747827 0.36561208 1.47325349 1.5
 0.26786273], constraints = [0.99963829928193, 1.4791101368254862, 0.99963829928193, 0.900011557610917, 0.900011557610917, 1.197167868481478, 0.9821689911234016, 4.167341795232241]
iteration = 758.0 , objective = [1.68735354], inputs = [-5.37045320e-04  1.00000000e-02  5.23598776e-01  3.68630250e-01
  3.00000000e-01  2.70000000e-01  2.00000000e+00  4.81899896e-01
  2.47761305e-01  4.10003657e-01  1.45053106e+00  1.50000000e+00
  3.24079507e-01], constraints = [0.99924951386751, 1.4780716151767754, 0.99924951386751, 0.9000039882753221, 0.9000039882753221, 1.194446727928617, 0.9670207037444128, 4.150239537479257]
iteration = 759.0 , objective = [1.68410949], inputs = [-0.03176785  0.01        0.52359878  0.36832341  0.3         0.27
  2.          0.47779038  0.24716911  0.4639338   1.45595072  1.5
  0.39218425], constraints = [1.0002067132217685, 1.4794063506640787, 1.0002067132217685, 0.9000172233886324, 0.9000172233886324, 1.2029243008538155, 0.9706338157287409, 4.185936110931349]
iteration = 760.0 , objective = [1.66016558], inputs = [-0.17897032  0.01        0.52359878  0.36689954  0.62982184  0.27
  2.          0.46411261  0.24515605  0.72326126  1.49956748  1.5
  0.70810836], constraints = [1.0078306110626727, 7.1563938441987185, 1.0078306110626727, 0.9001977205547406, 0.9001977205547406, 1.2900361297722105, 0.9997116527857103, 4.309299019073222]
iteration = 761.0 , objective = [1.63510612], inputs = [-0.36975308  0.01        0.52359878  0.36598236  0.85        0.27
  2.          0.4836796   0.24815938  1.0717448   1.49948105  1.5
  1.11244494], constraints = [1.000020702691655, 13.286984595437637, 1.000020702691655, 0.9004095308286602, 0.9004095308286602, 1.2190096559303385, 0.9996540316471876, 4.134968704825092]
iteration = 762.0 , objective = [1.60933606], inputs = [-0.52359878  0.01        0.52359878  0.36530021  0.85        0.27
  2.          0.47899408  0.24734692  1.34741593  1.55836989  1.5
  1.42832986], constraints = [1.0107962491007594, 13.328414260147804, 1.0107962491007594, 0.9000220948326682, 0.9000220948326682, 1.3575011361909044, 1.0389132608543084, 4.175416911465555]
iteration = 763.0 , objective = [1.62023543], inputs = [-0.45549385  0.01        0.52359878  0.36560219  0.85        0.27
  2.          0.48106828  0.24770659  1.22538091  1.53230078  1.5
  1.28849287], constraints = [1.0033974990005565, 13.30290231405084, 1.0033974990005565, 0.9001881314383999, 0.9001881314383999, 1.253575033708307, 1.0215338538674283, 4.157413968740436]
iteration = 764.0 , objective = [1.61411238], inputs = [-0.52359878  0.01        0.33628569  0.36524747  0.85        0.27
  2.          0.44632933  0.24262516  1.33870009  1.56773023  1.5
  1.42572895], constraints = [1.0027367754669958, 10.314234545712353, 1.0027367754669958, 0.9013001593590864, 0.9013001593590864, 1.2384974478078332, 1.0451534850185424, 4.480996133273206]
iteration = 765.0 , objective = [1.61870335], inputs = [-0.52359878  0.01        0.28053083  0.36544634  0.85        0.27
  2.          0.44386775  0.24174408  1.33833135  1.56202644  1.5
  1.42630642], constraints = [0.9999929646400133, 9.209633118801095, 0.9999929646400133, 0.9000068170466641, 0.9000068170466641, 1.2010711546401402, 1.041350960765679, 4.505846599033388]
iteration = 766.0 , objective = [1.6187551], inputs = [-0.52359878  0.01        0.19381487  0.36535503  0.85        0.27
  2.          0.43922065  0.24093483  1.33776382  1.55913914  1.5
  1.4274525 ], constraints = [1.0000024650087431, 8.244418250390515, 1.0000024650087431, 0.9000264913672029, 0.9000264913672029, 1.2002384661262782, 1.0394260963497595, 4.553520012189925]
iteration = 767.0 , objective = [1.61807533], inputs = [-0.52359878  0.01        0.04032535  0.36528096  0.85        0.27
  2.          0.43622499  0.24039329  1.33902086  1.55540454  1.5
  1.42819067], constraints = [0.9999956882207246, 5.823026448877079, 0.9999956882207246, 0.9000112233705523, 0.9000112233705523, 1.200011184300634, 1.0369363593744945, 4.584790054243273]
iteration = 768.0 , objective = [1.61609224], inputs = [-0.52359878  0.01       -0.24304725  0.36522074  0.85        0.27
  2.          0.4388187   0.240857    1.34464298  1.54680476  1.5
  1.42882038], constraints = [0.9999578898078275, 0.9843387787917705, 0.9999578898078275, 0.9000084638484469, 0.9000084638484469, 1.1996185438377585, 1.0312031708775, 4.5576908937371705]
iteration = 769.0 , objective = [1.61812268], inputs = [-0.52359878  0.01        0.04032535  0.36528335  0.85        0.27
  2.          0.43622499  0.24038933  1.33902086  1.55540454  1.5
  1.42818811], constraints = [0.9999996601189329, 5.822968856638471, 0.9999996601189329, 0.8999999999780488, 0.8999999999780488, 1.1999999999309676, 1.0369363593744945, 4.584790054243273]
iteration = 770.0 , objective = [1.61523229], inputs = [-0.52359878  0.01       -0.24178177  0.3653164   0.85        0.27
  2.          0.44527486  0.24200328  1.3476472   1.54773728  1.5
  1.42740592], constraints = [1.0000076921914374, 1.0000592371561603, 1.0000076921914374, 0.9000514489241245, 0.9000514489241245, 1.200488004652514, 1.031824856558617, 4.491607724655805]
iteration = 771.0 , objective = [1.61530625], inputs = [-0.52359878  0.01       -0.24166794  0.36538622  0.85        0.27
  2.          0.44850455  0.242542    1.34931526  1.54777931  1.5
  1.42671488], constraints = [1.0000010902361331, 1.000006464231209, 1.0000010902361331, 0.9000125552787748, 0.9000125552787748, 1.2001054446578374, 1.0318528759437346, 4.4592635815639925]
iteration = 772.0 , objective = [1.61522756], inputs = [-0.52359878  0.01       -0.24161889  0.36541677  0.85        0.27
  2.          0.45027937  0.24283873  1.350471    1.54727235  1.5
  1.42641998], constraints = [0.9999997055660184, 1.00000031069195, 0.9999997055660184, 0.9000037400653115, 0.9000037400653115, 1.2000181212546472, 1.0315148990711702, 4.441686911673203]
iteration = 773.0 , objective = [1.61447636], inputs = [-0.52359878  0.01       -0.24150331  0.36549075  0.85        0.27
  2.          0.45617006  0.24382824  1.35526581  1.54377731  1.5
  1.42568371], constraints = [0.9999933001649858, 0.99997678384205, 0.9999933001649858, 0.9000405580390946, 0.9000405580390946, 1.200054585891053, 1.029184873959208, 4.384329848971843]
iteration = 774.0 , objective = [1.61300909], inputs = [-0.52359878  0.01       -0.24137912  0.36558091  0.85        0.27
  2.          0.46474906  0.24521543  1.36448663  1.53490891  1.5
  1.42498352], constraints = [0.9999457351182351, 0.9998328302690643, 0.9999457351182351, 0.9000832591118308, 0.9000832591118308, 1.1996155281327567, 1.0232726063073965, 4.303397593424151]
iteration = 775.0 , objective = [1.60929828], inputs = [-0.52359878  0.01       -0.24130988  0.36566353  0.85        0.27
  2.          0.47838876  0.24732147  1.38494065  1.51174175  1.5
  1.42472891], constraints = [0.999637771746489, 0.9988863324693034, 0.999637771746489, 0.90020026904297, 0.90020026904297, 1.1965250431102823, 1.0078278313648024, 4.180700231647201]
iteration = 776.0 , objective = [1.60065019], inputs = [-0.52359878  0.01       -0.24153732  0.36562846  0.85        0.27
  2.          0.49793619  0.25011047  1.42914375  1.45671519  1.5
  1.42657522], constraints = [0.9979749997883307, 0.9938579799575342, 0.9979749997883307, 0.9003815384981849, 0.9003815384981849, 1.1795999756842441, 0.9711434618918732, 4.016578937029488]
iteration = 777.0 , objective = [1.58687617], inputs = [-0.52359878  0.01       -0.24220313  0.36544132  0.85        0.27
  2.          0.52456259  0.25350914  1.5188496   1.31894925  1.46215395
  1.4288681 ], constraints = [0.9907285017276418, 0.972954914217558, 0.9907285017276418, 0.9006371428566976, 0.9006371428566976, 1.1069343510801966, 0.9020590817600137, 3.8127003773443144]
iteration = 778.0 , objective = [1.58220736], inputs = [-0.52359878  0.01       -0.24344301  0.36470482  0.85        0.27
  2.          0.50286694  0.25076399  1.53331514  1.3152193   1.48365148
  1.43744817], constraints = [1.0000502935745137, 1.0003343590395406, 1.0000502935745137, 0.9004017510207357, 0.9004017510207357, 1.2053352549841017, 0.8864745663504324, 3.977195274332761]
iteration = 779.0 , objective = [1.54449676], inputs = [-0.50804227  0.01       -0.24646754  0.36182892  0.85        0.27
  2.          0.3981893   0.23706823  1.57079633  1.1562352   1.35491906
  1.39691622], constraints = [1.002546600253625, 1.0060176237441458, 1.002546600253625, 0.9119886977507402, 0.9119886977507402, 1.2150173598166658, 0.8533610869365715, 5.02273667275146]
iteration = 780.0 , objective = [1.55239727], inputs = [-0.48959402  0.01        0.52359878  0.36304385  0.85        0.27
  2.          0.39451449  0.23203698  1.53735588  1.18315897  1.38882535
  1.35779181], constraints = [1.0006868857744224, 13.350589007487027, 1.0006868857744224, 0.8999916105895504, 0.8999916105895504, 1.213873039253682, 0.8519134376544418, 5.069522338423926]
iteration = 781.0 , objective = [1.54209097], inputs = [-0.39882817  0.01        0.52359878  0.36273829  0.85        0.27
  2.          0.44506422  0.24323196  1.46868974  1.08511981  1.41001701
  1.17438786], constraints = [1.0062888578394913, 13.372079252374016, 1.0062888578394913, 0.9036359939842077, 0.9036359939842077, 1.2681342191306575, 0.7695792317938134, 4.493733537704336]
iteration = 782.0 , objective = [1.53561656], inputs = [-0.3457377   0.01        0.52359878  0.36267879  0.85        0.27
  2.          0.42604647  0.23866395  1.46627586  0.95851675  1.37865268
  1.06274988], constraints = [0.9970117723762543, 13.340544622900573, 0.9970117723762543, 0.9004450353361048, 0.9004450353361048, 1.1723084780143749, 0.6952561475374773, 4.694323626817085]
iteration = 783.0 , objective = [1.51962672], inputs = [-0.1321617   0.01        0.20280603  0.36207917  0.85        0.27
  2.          0.369641    0.22781236  1.31680694  0.61219753  1.26771686
  0.60712347], constraints = [1.003665481213382, 8.445598622558341, 1.003665481213382, 0.9046456274042985, 0.9046456274042985, 1.2762480292945326, 0.48291345519919604, 5.410655272057591]
iteration = 784.0 , objective = [1.52752952], inputs = [-0.25352193  0.01        0.38509     0.36241989  0.85        0.27
  2.          0.40169226  0.23397856  1.40173962  0.8089864   1.33075389
  0.86602394], constraints = [0.9991022056636079, 11.54004218321154, 0.9991022056636079, 0.9010725218071841, 0.9010725218071841, 1.1980662994774005, 0.6079158652955904, 4.978935853551477]
iteration = 785.0 , objective = [1.53123417], inputs = [-0.2143852   0.01       -0.27218003  0.362701    0.85        0.27
  2.          0.40116689  0.23348908  1.3740295   0.77501804  1.35375959
  0.78512748], constraints = [1.00199067262032, 0.6393591981186433, 1.00199067262032, 0.9000001637064502, 0.9000001637064502, 1.2238907152917342, 0.5724931088305166, 4.985456310388584]
iteration = 786.0 , objective = [1.5306531], inputs = [-0.16277973  0.01        0.52359878  0.36271258  0.66468447  0.27
  2.          0.40633771  0.23459708  1.36165409  0.69342645  1.36247681
  0.67866815], constraints = [1.0006873481878125, 8.038688890427432, 1.0006873481878125, 0.9000396923448398, 0.9000396923448398, 1.2076848261360449, 0.5089455051942028, 4.92201424110387]
iteration = 787.0 , objective = [1.53065745], inputs = [-0.17869343  0.01        0.27820254  0.36270901  0.72183067  0.27
  2.          0.40474317  0.2342554   1.36547032  0.71858704  1.35978866
  0.71149727], constraints = [1.000929920876556, 6.572567987285371, 1.000929920876556, 0.9000190879426611, 0.9000190879426611, 1.2108648425133293, 0.528454946363093, 4.941405160847985]
iteration = 788.0 , objective = [1.53047783], inputs = [-0.15605689  0.01        0.52359878  0.36271465  0.64851631  0.27
  2.          0.40820203  0.23497698  1.36377713  0.68960773  1.37816941
  0.66575372], constraints = [1.0005654285288228, 7.637800223721189, 1.0005654285288228, 0.9000175100465793, 0.9000175100465793, 1.2061216558018004, 0.5003795057122487, 4.8995347175031]
iteration = 789.0 , objective = [1.53032237], inputs = [-0.15588238  0.01        0.52359878  0.36272524  0.66278709  0.27
  2.          0.40765904  0.23485842  1.36560187  0.69181899  1.38363382
  0.66549318], constraints = [1.0000079865998022, 7.989184402315552, 1.0000079865998022, 0.9000004262085027, 0.9000004262085027, 1.2001824655264213, 0.5000014987904907, 4.9060606946323215]
iteration = 790.0 , objective = [1.53035409], inputs = [-0.15614067  0.01        0.52359878  0.36271976  0.66113624  0.27
  2.          0.40749815  0.23482488  1.36569339  0.69091721  1.38183443
  0.66602165], constraints = [1.0000007657945973, 7.948111269944915, 1.0000007657945973, 0.9000000375656068, 0.9000000375656068, 1.2000244882681517, 0.499999998048307, 4.907997795817091]
iteration = 791.0 , objective = [1.53035839], inputs = [-0.15622175  0.01        0.52359878  0.36272035  0.66497537  0.27
  2.          0.40763588  0.23485347  1.36595679  0.69086654  1.38173308
  0.66618833], constraints = [0.9999996725998964, 8.044070759141627, 0.9999996725998964, 0.9000000275412917, 0.9000000275412917, 1.2000000787359986, 0.5000000000001432, 4.906339444800782]
iteration = 792.0 , objective = [1.53030931], inputs = [-0.15923572  0.01        0.52359878  0.36272319  0.79277013  0.27
  2.          0.4100191   0.23534818  1.37576849  0.6888801   1.37776019
  0.67240495], constraints = [1.0000145389475275, 11.56691460107073, 1.0000145389475275, 0.9000082091086876, 0.9000082091086876, 1.2001434488502563, 0.5000000000001432, 4.877821532210802]
iteration = 793.0 , objective = [1.5302704], inputs = [-0.16193569  0.01        0.52359878  0.36272134  0.85        0.27
  2.          0.41043087  0.23542978  1.38454362  0.68688616  1.37377233
  0.67792647], constraints = [1.0000129351038218, 13.35470105123207, 1.0000129351038218, 0.9000002433023011, 0.9000002433023011, 1.2001399233062726, 0.5000000000001432, 4.872927840092271]
iteration = 794.0 , objective = [1.53014786], inputs = [-0.18097597  0.01        0.52359878  0.36267558  0.85        0.27
  2.          0.40777632  0.23488617  1.44630871  0.67312084  1.34624168
  0.71695324], constraints = [1.0006598137266947, 13.357196445604623, 1.0006598137266947, 0.9000101324043264, 0.9000101324043264, 1.206952560798796, 0.5000000000001432, 4.904649662010436]
iteration = 795.0 , objective = [1.53077], inputs = [-0.21910737  0.01        0.52359878  0.36266758  0.85        0.27
  2.          0.40436436  0.23417482  1.57079633  0.63815751  1.27631501
  0.79218195], constraints = [1.0041482282337209, 13.367092377848106, 1.0041482282337209, 0.900016975361057, 0.900016975361057, 1.2444391213053074, 0.5000000000001432, 4.946034256080769]
iteration = 796.0 , objective = [1.53006964], inputs = [-0.20192605  0.01        0.52359878  0.36267118  0.85        0.27
  2.          0.40590173  0.23449534  1.51470445  0.65391135  1.30782271
  0.75828525], constraints = [1.0015155188809337, 13.359702229351623, 1.0015155188809337, 0.9000096764623977, 0.9000096764623977, 1.2160284438371853, 0.5000000000001431, 4.927300984292146]
iteration = 797.0 , objective = [1.52953172], inputs = [-0.21900001  0.01        0.52359878  0.36268991  0.85        0.27
  2.          0.40371627  0.23403439  1.57079633  0.63984476  1.27968953
  0.79126213], constraints = [1.0007618915931848, 13.357230311600755, 1.0007618915931848, 0.9000070132681505, 0.9000070132681505, 1.2081770292105727, 0.5000000000001431, 4.953974174439494]
iteration = 798.0 , objective = [1.5292884], inputs = [-0.21887757  0.01        0.52359878  0.36269456  0.85        0.27
  2.          0.40481176  0.23426375  1.57079633  0.64182059  1.28364118
  0.7912237 ], constraints = [1.0000069410582582, 13.354892465542674, 1.0000069410582582, 0.9000017722963437, 0.9000017722963437, 1.2001247136580533, 0.5000000000001431, 4.940567984390632]
iteration = 799.0 , objective = [1.52928756], inputs = [-0.21891853  0.01        0.52359878  0.36269673  0.85        0.27
  2.          0.40683776  0.23468958  1.57079633  0.64233949  1.28467898
  0.7914748 ], constraints = [1.0000007758630822, 13.354824704570714, 1.0000007758630822, 0.9000060184701926, 0.9000060184701926, 1.2000033885647592, 0.5000000000001431, 4.915964495177258]
iteration = 800.0 , objective = [1.52928908], inputs = [-0.21902805  0.01        0.52359878  0.36269792  0.85        0.27
  2.          0.40760599  0.23484756  1.57079633  0.64193095  1.2838619
  0.79166519], constraints = [1.0000000018942947, 13.354842410658621, 1.0000000018942947, 0.9000008589945926, 0.9000008589945926, 1.2000051464716237, 0.5000000000001431, 4.906699263666533]
iteration = 801.0 , objective = [1.5292913], inputs = [-0.21902669  0.01        0.52359878  0.36269834  0.85        0.27
  2.          0.40763113  0.23485248  1.57079633  0.64191132  1.28382265
  0.79165535], constraints = [0.9999996609998981, 13.35483134643395, 0.9999996609998981, 0.9000000009189152, 0.9000000009189152, 1.2000000091276215, 0.5000000000001431, 4.906396644717838]
iteration = 802.0 , objective = [1.5292913], inputs = [-0.21902633  0.01        0.52359878  0.36269839  0.85        0.27
  2.          0.40763284  0.23485283  1.57079633  0.64190822  1.28381645
  0.79165347], constraints = [0.9999996602282732, 13.35483064042325, 0.9999996602282732, 0.9000000000042366, 0.9000000000042366, 1.2000000002765006, 0.5000000000001431, 4.906376079883492]
