iteration = 1076.0 , objective = [3.6617642], inputs = [0.01       0.01       0.01       0.5        0.5        0.135
 2.         1.         0.0675     0.52359878 1.         0.5
 0.31415927], constraints = [1.3807998149881, 1.023760347135665, 1.3807998149881, 0.4811030397324907, 0.4811030397324907, 1790.6600433120498, 2.0, 2.0]
iteration = 1077.0 , objective = [3.66176683], inputs = [0.01000058 0.00999942 0.01000058 0.49999942 0.50000058 0.13499942
 1.99999942 0.99999942 0.06750058 0.52359819 1.00000058 0.49999942
 0.31415985], constraints = [1.380808051719817, 1.0237749993791632, 1.380808051719817, 0.48110874266385734, 0.48110874266385734, 1790.7811180345186, 2.000003493596646, 2.000000582281296]
iteration = 1078.0 , objective = [2.97467317], inputs = [0.03809093 0.01       0.01       0.3        0.5        0.2480693
 2.         0.99773949 0.09616353 0.56125193 1.00565204 0.50074483
 0.29578486], constraints = [0.7206895126307346, 1.7685607904962248, 0.7206895126307346, 0.38097737724763914, 0.38097737724763914, 670.094898574566, 2.008312383720709, 2.0045312558053845]
iteration = 1079.0 , objective = [nan], inputs = [-0.19927307  0.01        0.26107721  0.46251574  0.76130015  0.1998877
  1.99739727  1.00675904  0.05538919  0.52568249  0.99579927  0.54572104
  0.18866091], constraints = [-0.19350123120407003, 1.417588817598577, -0.19350123120407003, 0.27888464994394596, 0.27888464994394596, 5.110595715208934, 1.824740456225316, 1.9839874174014536]
iteration = 1080.0 , objective = [2.8501617], inputs = [0.01435453 0.01       0.03510772 0.31625157 0.52613002 0.24325114
 1.99973973 0.99864145 0.09208609 0.55769499 1.00466676 0.50524245
 0.28507246], constraints = [0.7305805559500606, 1.7278109750997586, 0.7305805559500606, 0.37270870112019544, 0.37270870112019544, 420.4402718562835, 1.9884844646641426, 2.002460172627267]
iteration = 1081.0 , objective = [3.90657111], inputs = [-0.16829273  0.01        0.28181927  0.55038478  0.78561937  0.09472571
  1.98837063  1.02842428  0.027       0.53516666  0.99833609  0.53764364
  0.20026956], constraints = [0.047593828016553825, 1.1718402247877224, 0.047593828016553825, 0.2857281080040104, 0.2857281080040104, 0.026021358542707786, 1.8568732654971378, 1.933414701739531]
iteration = 1082.0 , objective = [3.85056929], inputs = [-0.15368324  0.01        0.04953357  0.50245206  0.76130015  0.19756801
  1.99739727  1.00675904  0.05538919  0.52568249  0.99579927  0.54657717
  0.18866091], constraints = [0.0753292799295901, 0.5997964458684181, 0.0753292799295901, 0.2819295185881377, 0.2819295185881377, 0.0015536167521832695, 1.8218822782867756, 1.9839874174014536]
iteration = 1083.0 , objective = [2.90768194], inputs = [ 0.00427889  0.01        0.03001296  0.3         0.55801498  0.22399875
  1.98010557  1.04807893  0.12612594  1.00129772  1.09756944  0.37169945
 -0.03481438], constraints = [0.8399790772318195, 2.6384081470022163, 0.8399790772318195, 0.5352451363176761, 0.5352451363176761, 8492.033564267298, 2.952841193218463, 1.8892714262736108]
iteration = 1084.0 , objective = [2.18830824], inputs = [-0.05892997  0.01        0.12224359  0.39170996  0.64138103  0.17664912
  1.98313287  1.0408799   0.08981848  0.83056505  1.06122263  0.43248084
  0.05129125], constraints = [0.7391103813584222, 2.2408536421646894, 0.7391103813584222, 0.4878053456054027, 0.4878053456054027, 231.3704941529581, 2.4538026690820582, 1.905246572568794]
iteration = 1085.0 , objective = [3.41032805], inputs = [-0.11363829  0.01        0.41600576  0.53761487  0.72293849  0.16726957
  1.97998285  1.0573159   0.04727402  0.75789567  1.0449343   0.43789544
  0.10287579], constraints = [0.8363750278777828, 3.4104532385282305, 0.8363750278777828, 0.2828037245556335, 0.2828037245556335, 43.46049274210989, 2.3862644136778894, 1.872650223266771]
iteration = 1086.0 , objective = [2.01185912], inputs = [-0.06752565  0.01        0.16839902  0.4146343   0.6541952   0.17517542
  1.98263794  1.0434623   0.08313396  0.81914736  1.05866344  0.43333157
  0.05939613], constraints = [0.776768388009345, 2.4647447567920655, 0.776768388009345, 0.4579035870720751, 0.4579035870720751, 195.24357448392084, 2.443079408896091, 1.9000570921204047]
iteration = 1087.0 , objective = [1.94494252], inputs = [-0.06532393  0.01        0.15657665  0.4087624   0.65091295  0.1755529
  1.98276471  1.04280084  0.08484615  0.82207191  1.05931896  0.43311366
  0.05732012], constraints = [0.7677812627303595, 2.4096684994329567, 0.7677812627303595, 0.4656385338583706, 0.4656385338583706, 204.45892408511503, 2.4458220798933175, 1.9013838907542582]
iteration = 1088.0 , objective = [1.95043685], inputs = [-0.06561581  0.01        0.15814391  0.40954082  0.65134807  0.17550286
  1.98274791  1.04288852  0.08461917  0.82168421  1.05923206  0.43314255
  0.05759533], constraints = [0.7689991455328377, 2.417510432653558, 0.7689991455328377, 0.46461616543580453, 0.46461616543580453, 203.23471313690357, 2.4454583322993457, 1.90120790365965]
iteration = 1089.0 , objective = [1.94290961], inputs = [-0.06537675  0.01        0.1568603   0.40890328  0.6509917   0.17554385
  1.98276167  1.04281671  0.08480507  0.82200175  1.05930323  0.43311889
  0.05736993], constraints = [0.7680022588128085, 2.410845149984057, 0.7680022588128085, 0.46545356856699444, 0.46545356856699444, 204.23726606161296, 2.4457562432821303, 1.9013520374605546]
iteration = 1090.0 , objective = [1.94459234], inputs = [-0.06543294  0.01        0.157162    0.40905313  0.65107546  0.17553421
  1.98275844  1.04283359  0.08476138  0.82192711  1.0592865   0.43312445
  0.05742291], constraints = [0.7682370467090178, 2.4123245913205333, 0.7682370467090178, 0.4652567991644883, 0.4652567991644883, 204.00157313921386, 2.4456862186784005, 1.9013181581380796]
iteration = 1091.0 , objective = [1.94366783], inputs = [-0.065404    0.01        0.15700657  0.40897593  0.65103231  0.17553918
  1.9827601   1.04282489  0.08478389  0.82196556  1.05929512  0.43312159
  0.05739562], constraints = [0.7681161217355472, 2.411566201411525, 0.7681161217355472, 0.4653581767553426, 0.4653581767553426, 204.12299022388234, 2.445722294317651, 1.9013356122351657]
iteration = 1092.0 , objective = [1.94292001], inputs = [-0.06538058  0.01        0.15688082  0.40891348  0.6509974   0.17554319
  1.98276145  1.04281785  0.0848021   0.82199667  1.05930209  0.43311927
  0.05737354], constraints = [0.7680182355631282, 2.410946324253281, 0.7680182355631282, 0.4654401874179165, 0.4654401874179165, 204.22123432264277, 2.4457514808706238, 1.9013497333021583]
iteration = 1093.0 , objective = [1.94289948], inputs = [-0.06537702  0.01        0.15686171  0.40890399  0.65099209  0.1755438
  1.98276166  1.04281679  0.08480487  0.8220014   1.05930315  0.43311892
  0.05737018], constraints = [0.7680033596803137, 2.4108521210507052, 0.7680033596803137, 0.4654526465876159, 0.4654526465876159, 204.23616143602908, 2.445755915143423, 1.9013518786998682]
iteration = 1094.0 , objective = [1.94288085], inputs = [-0.0653775   0.01        0.15686431  0.40890528  0.65099281  0.17554372
  1.98276163  1.04281693  0.08480449  0.82200075  1.05930301  0.43311896
  0.05737064], constraints = [0.7680053830920838, 2.410864934088817, 0.7680053830920838, 0.4654509519596225, 0.4654509519596225, 204.23413110493203, 2.445755312014639, 1.90135158689298]
iteration = 1095.0 , objective = [2.21284659], inputs = [-0.06449596  0.01        0.11137395  0.38090168  0.6315561   0.18765079
  1.98512071  1.03290427  0.10517208  0.83558381  1.06338984  0.41477834
  0.05671547], constraints = [0.765763774531627, 2.2648265139020802, 0.765763774531627, 0.533200261117722, 0.533200261117722, 205.24910299555393, 2.563754530198418, 1.9218825675825657]
iteration = 1096.0 , objective = [4.01020109], inputs = [0.01095388 0.01       0.40808121 0.60061184 0.73134733 0.0771738
 1.96713262 1.12552279 0.027      0.39884629 0.95841032 0.73644074
 0.27659044], constraints = [0.776679819322198, 2.262463973591653, 0.776679819322198, 0.34415428101495177, 0.34415428101495177, 330.23169011597764, 1.3014086138289407, 1.7477501517039726]
iteration = 1097.0 , objective = [2.33552149], inputs = [-0.05167293  0.01        0.20196792  0.44332437  0.6654197   0.15788233
  1.97995559  1.05766598  0.07442624  0.74602738  1.04118868  0.48757751
  0.09672947], constraints = [0.8095754384490085, 2.497890390553681, 0.8095754384490085, 0.45485260037131003, 0.45485260037131003, 176.83393392851033, 2.135432128988508, 1.8720046017955352]
iteration = 1098.0 , objective = [2.03202948], inputs = [-0.0621957   0.01        0.16733604  0.41689638  0.65434231  0.17144326
  1.98211015  1.04626444  0.08239497  0.80436198  1.05509739  0.44576263
  0.0665086 ], constraints = [0.777681993110699, 2.4307659934311676, 0.777681993110699, 0.46318107824808513, 0.46318107824808513, 196.27581613545988, 2.366948941375708, 1.8944638323395497]
iteration = 1099.0 , objective = [1.9470876], inputs = [-0.06522387  0.01        0.15736993  0.40929112  0.65115454  0.17534573
  1.98273017  1.04298339  0.08468815  0.82114908  1.05909994  0.43372945
  0.05781185], constraints = [0.7684723545397735, 2.411897848389941, 0.7684723545397735, 0.4653437307556082, 0.4653437307556082, 203.82675343538043, 2.441844663402172, 1.901017972748784]
iteration = 1100.0 , objective = [1.94286399], inputs = [-0.06537598  0.01        0.15686931  0.40890909  0.65099441  0.17554176
  1.98276132  1.04281858  0.08480334  0.82199234  1.059301    0.433125
  0.057375  ], constraints = [0.7680099971357808, 2.4108753272409804, 0.7680099971357808, 0.46544989358615174, 0.46544989358615174, 204.23009317715946, 2.44571661433337, 1.9013482897060154]
iteration = 1101.0 , objective = [2.05173081], inputs = [-0.02583869  0.01       -0.09099529  0.3637734   0.59697741  0.27
  2.          1.01693746  0.12080282  0.61637332  1.01200091  0.45241651
  0.19371389], constraints = [0.924883792922083, 1.5544052576000886, 0.924883792922083, 0.4341394300317373, 0.4341394300317373, 98.64921064456824, 2.236878826625707, 1.9666892752243115]
iteration = 1102.0 , objective = [2.26939551], inputs = [ 0.08416416  0.01       -0.27279866  0.32796061  0.60791104  0.27
  2.          0.87324803  0.19978471  0.24004881  0.90739492  0.75694202
  0.39078506], constraints = [1.1786640125327774, 1.49377240516899, 1.1786640125327774, 0.6893746040857702, 0.6893746040857702, 375.04073454054037, 1.1987641072420254, 2.290300042986276]
iteration = 1103.0 , objective = [2.1310769], inputs = [ 0.02500825  0.01       -0.1750308   0.34721955  0.60203129  0.27
  2.          0.95051947  0.15731085  0.44242373  0.96364858  0.59317823
  0.28480667], constraints = [1.0083344374265082, 1.3900567861242863, 1.0083344374265082, 0.554316538260349, 0.554316538260349, 112.42800857142491, 1.624551479810811, 2.104112601889885]
iteration = 1104.0 , objective = [2.07616106], inputs = [-0.00934508  0.01       -0.11825453  0.3584037   0.59861677  0.27
  2.          0.99539296  0.13264521  0.55994797  0.99631649  0.49807646
  0.22326234], constraints = [0.9417280286411716, 1.4800022021951176, 0.9417280286411716, 0.473573220358403, 0.473573220358403, 90.36815209120175, 2.0003284312665395, 2.0092567357993922]
iteration = 1105.0 , objective = [1.95871491], inputs = [-0.04542723  0.01       -0.09099529  0.36929396  0.59697741  0.27
  2.          1.01693746  0.12003465  0.61637332  1.01136993  0.45241651
  0.23818102], constraints = [0.9355836150889627, 1.5069472492252711, 0.9355836150889627, 0.4316028244054867, 0.4316028244054867, 85.39671286509493, 2.235484149114187, 1.9666892752243115]
iteration = 1106.0 , objective = [2.7325815], inputs = [-0.19823229  0.01       -0.06795437  0.44476025  0.61838991  0.2487426
  2.          1.14309654  0.0702504   0.60921466  1.00212085  0.50715069
  0.58098295], constraints = [0.8452428055242497, 0.9798573030556584, 0.8452428055242497, 0.2808268521254101, 0.2808268521254101, 40.989949520722874, 1.975982443303173, 1.7496335031953698]
iteration = 1107.0 , objective = [2.11266669], inputs = [-0.07848242  0.01       -0.09984344  0.39001231  0.60585423  0.26221927
  2.          1.04945608  0.10980718  0.57798078  0.99844103  0.50139785
  0.35419683], constraints = [0.9430349776553434, 1.3014664972019083, 0.9430349776553434, 0.4076975627454135, 0.4076975627454135, 63.97090473123531, 1.9913149604582012, 1.9057491225369663]
iteration = 1108.0 , objective = [2.09315967], inputs = [-0.0889995   0.01       -0.07558185  0.37369726  0.6025413   0.27
  2.          0.94600802  0.16324868  0.63436097  0.98381369  0.56556706
  0.36205172], constraints = [0.9552470205923426, 1.5682500239495396, 0.9552470205923426, 0.5732504127479908, 0.5732504127479908, 22.12947692228132, 1.739517321423348, 2.1141469703915052]
iteration = 1109.0 , objective = [2.13295109], inputs = [-0.13140964  0.01       -0.03810441  0.35575365  0.58097771  0.27
  2.          0.81518803  0.23675516  0.69496152  0.95225708  0.61998167
  0.4718533 ], constraints = [0.9665778144067804, 1.91823263249485, 0.9665778144067804, 0.8027857714429277, 0.8027857714429277, 8.245615485082768, 1.5359439365910394, 2.453421690229709]
iteration = 1110.0 , objective = [2.40347672], inputs = [-0.18791119  0.01        0.01200617  0.36208139  0.57611816  0.27
  2.          0.69989716  0.26730086  0.80148358  0.91658633  0.68707014
  0.58282605], constraints = [0.9793168265755055, 2.2275792042149702, 0.9793168265755055, 0.9016290547666138, 0.9016290547666138, 2.983736666137594, 1.334050598292884, 2.857562664383809]
iteration = 1111.0 , objective = [2.69174808], inputs = [-0.22473834  0.01        0.03667741  0.37640836  0.58059707  0.27
  2.          0.63238349  0.26356638  0.87037187  0.89440471  0.72359314
  0.64634096], constraints = [0.9911243779460008, 2.31916026561358, 0.9911243779460008, 0.9018119495010848, 0.9018119495010848, 1.5276831255498196, 1.236060239679853, 3.1626379025022775]
iteration = 1112.0 , objective = [2.79798979], inputs = [-0.23434955  0.01        0.04573072  0.38179389  0.5837628   0.27
  2.          0.59037938  0.26011278  0.90055324  0.88503841  0.73912168
  0.65991382], constraints = [0.998625458023755, 2.3757069790895353, 0.998625458023755, 0.9009275462625788, 0.9009275462625788, 1.2194713915300919, 1.1974190865113936, 3.387652172831842]
iteration = 1113.0 , objective = [2.80135368], inputs = [-0.23093748  0.01        0.04418181  0.38196409  0.58588389  0.27
  2.          0.56671526  0.25781632  0.90664804  0.87820893  0.74217161
  0.65085209], constraints = [0.9999620381878737, 2.3840322374870624, 0.9999620381878737, 0.9003493487848473, 0.9003493487848473, 1.200672497502612, 1.1832963112227164, 3.5291091292198637]
iteration = 1114.0 , objective = [2.77326211], inputs = [-0.21345194  0.01        0.02673231  0.37950367  0.59259989  0.27
  2.          0.47650513  0.24922898  0.91525964  0.83632445  0.7438342
  0.61425039], constraints = [0.9996841292572997, 2.3292946195021678, 0.9996841292572997, 0.9063753842403318, 0.9063753842403318, 1.1940041550111942, 1.124342559015963, 4.197226603488022]
iteration = 1115.0 , objective = [2.7669138], inputs = [-0.20390333  0.01        0.00665391  0.3788229   0.59638035  0.27
  2.          0.43005527  0.24010636  0.90838643  0.80085892  0.73553339
  0.59841432], constraints = [1.0000536280247878, 2.19282946617653, 1.0000536280247878, 0.9024018978743025, 0.9024018978743025, 1.1969303579235568, 1.088813828835891, 4.6505650591254915]
iteration = 1116.0 , objective = [2.74912738], inputs = [-0.19519922  0.01       -0.0201005   0.37666817  0.59772542  0.27
  2.          0.38742051  0.23133177  0.8947038   0.74210032  0.7192456
  0.59314434], constraints = [0.9996522887828629, 1.9892504713518395, 0.9996522887828629, 0.9025343112510552, 0.9025343112510552, 1.2059404464263503, 1.0317759541080869, 5.1623492682565075]
iteration = 1117.0 , objective = [2.75082316], inputs = [-0.19576255  0.01       -0.02161988  0.37648796  0.59665064  0.27
  2.          0.38816767  0.23061257  0.89610366  0.7219507   0.71618922
  0.59921974], constraints = [0.9998129467692166, 1.9701834482251686, 0.9998129467692166, 0.899999949769588, 0.899999949769588, 1.2006187823285632, 1.0080446331673452, 5.152412655707517]
iteration = 1118.0 , objective = [2.74356628], inputs = [-0.19533386  0.01       -0.01575462  0.37558335  0.59416971  0.27
  2.          0.39342068  0.23181243  0.90854759  0.68286264  0.71565366
  0.60639278], constraints = [0.9987444913491335, 2.012342306917874, 0.9987444913491335, 0.900043629659543, 0.900043629659543, 1.190591351641936, 0.9541803209210517, 5.083616873316466]
iteration = 1119.0 , objective = [2.732757], inputs = [-0.19382172  0.01        0.00385673  0.37459986  0.59008827  0.27
  2.          0.41105853  0.23572328  0.93686925  0.6302921   0.72044525
  0.61270273], constraints = [0.9966761705737593, 2.161721638451812, 0.9966761705737593, 0.9004697450579211, 0.9004697450579211, 1.168669005340864, 0.874864686588503, 4.865487169547408]
iteration = 1120.0 , objective = [2.71795362], inputs = [-0.18969571  0.01        0.03546187  0.37405382  0.58591823  0.27
  2.          0.44061651  0.24159175  0.97426035  0.58873866  0.73106072
  0.60977551], constraints = [0.9967653059515228, 2.4061107338831262, 0.9967653059515228, 0.9011885065681822, 0.9011885065681822, 1.1661168815890681, 0.8053211514207297, 4.539094581679345]
iteration = 1121.0 , objective = [2.6877926], inputs = [-0.17312994  0.01        0.09162014  0.37356717  0.58207575  0.27
  2.          0.47850866  0.24785916  1.042919    0.52225525  0.75251676
  0.57935883], constraints = [0.9902509344430811, 2.823028825926041, 0.9902509344430811, 0.9016717837171744, 0.9016717837171744, 1.106449508368511, 0.6940114468979467, 4.17965270896922]
iteration = 1122.0 , objective = [2.66783021], inputs = [-0.15469083  0.01        0.13909992  0.37405243  0.58063727  0.27
  2.          0.50364502  0.25094398  1.09806808  0.48644586  0.77161511
  0.53984065], constraints = [0.9957784139417417, 3.1711306943403423, 0.9957784139417417, 0.9006262529859546, 0.9006262529859546, 1.1763648646345564, 0.6304255280130044, 3.9710508909537783]
iteration = 1123.0 , objective = [2.66277144], inputs = [-0.13708602  0.01        0.16333429  0.3737889   0.57982205  0.27
  2.          0.493158    0.24936976  1.13488564  0.43825423  0.779424
  0.50885804], constraints = [0.9956914953030243, 3.342805630455506, 0.9956914953030243, 0.900101710834938, 0.900101710834938, 1.1532194964358093, 0.5622796218918922, 4.055495374423057]
iteration = 1124.0 , objective = [2.64777781], inputs = [-0.11799242  0.01        0.16967959  0.37217128  0.57992452  0.27
  2.          0.45663225  0.24436945  1.1559181   0.38961937  0.77925926
  0.47854626], constraints = [0.9966137201230207, 3.4137427166347267, 0.9966137201230207, 0.9013600114577054, 0.9013600114577054, 1.1621175542253104, 0.4999868331039828, 4.379892105690468]
iteration = 1125.0 , objective = [2.64691191], inputs = [-0.11826779  0.01        0.17053866  0.37219976  0.5798741   0.27
  2.          0.45441063  0.24352706  1.15894371  0.39012694  0.7802539
  0.47988348], constraints = [0.9999974226609145, 3.423143970936095, 0.9999974226609145, 0.9000051643163645, 0.9000051643163645, 1.2005529880521473, 0.4999999832152449, 4.4013055242142265]
iteration = 1126.0 , objective = [2.63809859], inputs = [-0.13229125  0.01        0.18702306  0.3713159   0.57719758  0.27
  2.          0.44976232  0.24275922  1.19758066  0.39895312  0.79790625
  0.51540245], constraints = [0.9997790797284742, 3.512426993587183, 0.9997790797284742, 0.9000251873469235, 0.9000251873469235, 1.1991674941907466, 0.49999999962866515, 4.446793114156395]
iteration = 1127.0 , objective = [2.56937343], inputs = [-0.25112938  0.01        0.35727156  0.36482439  0.555074    0.27
  2.          0.41159591  0.23631422  1.57079633  0.48538025  0.9707605
  0.81123717], constraints = [0.9861631309914571, 4.2755667437705815, 0.9861631309914571, 0.9018374429193698, 0.9018374429193698, 1.1052751934258627, 0.49999999993387984, 4.859134757219623]
iteration = 1128.0 , objective = [2.56099321], inputs = [-0.28768181  0.01        0.3506077   0.36558522  0.55552041  0.27
  2.          0.42596075  0.2385925   1.57079633  0.56121754  0.9858376
  0.87831023], constraints = [0.9960227836337444, 4.225882625974926, 0.9960227836337444, 0.9002883391503769, 0.9002883391503769, 1.1848772048798155, 0.5692799052729599, 4.6952682956005996]
iteration = 1129.0 , objective = [2.5646821], inputs = [-0.28819146  0.01        0.35016032  0.36631728  0.55721508  0.27
  2.          0.42188548  0.23771793  1.57079633  0.57250395  0.98866799
  0.87478043], constraints = [0.9999191101511753, 4.248224894430839, 0.9999191101511753, 0.9000220986845732, 0.9000220986845732, 1.2050174643167095, 0.579065929453003, 4.740622950784351]
iteration = 1130.0 , objective = [2.56568466], inputs = [-0.28053872  0.01        0.35331465  0.36659139  0.55793062  0.27
  2.          0.42218553  0.23776821  1.57079633  0.56424451  0.98761588
  0.85727106], constraints = [0.9999582002068418, 4.295244684233659, 0.9999582002068418, 0.9000001222669486, 0.9000001222669486, 1.2004080665507968, 0.5713198008437875, 4.737253805492392]
iteration = 1131.0 , objective = [2.56531934], inputs = [-0.26604339  0.01        0.35908024  0.36669514  0.55833618  0.27
  2.          0.42371119  0.23806298  1.57079633  0.54342581  0.98407215
  0.82694394], constraints = [0.9997254999146217, 4.365927083216725, 0.9997254999146217, 0.9000031394389771, 0.9000031394389771, 1.1971659559634764, 0.5522215075017267, 4.7201962992489985]
iteration = 1132.0 , objective = [2.56482526], inputs = [-0.23729411  0.01        0.37018761  0.36670446  0.55862794  0.27
  2.          0.42636985  0.23857178  1.57079633  0.49955081  0.97616046
  0.76852755], constraints = [0.9987024657387681, 4.508345851603236, 0.9987024657387681, 0.9000094461384424, 0.9000094461384424, 1.1856592255922946, 0.5117507099279391, 4.690763236620469]
iteration = 1133.0 , objective = [2.56443872], inputs = [-0.22892406  0.01        0.37354587  0.36666209  0.55850427  0.27
  2.          0.42734467  0.23875298  1.57079633  0.48682771  0.97371294
  0.75210545], constraints = [0.9998815383414635, 4.551749786466507, 0.9998815383414635, 0.9000012577804873, 0.9000012577804873, 1.198788509327691, 0.4999704634769699, 4.680063023815167]
iteration = 1134.0 , objective = [2.56441576], inputs = [-0.22896667  0.01        0.37357145  0.36665698  0.55848869  0.27
  2.          0.42748915  0.23877976  1.57079633  0.48690648  0.97381297
  0.75227803], constraints = [0.9999996621206911, 4.552192208871727, 0.9999996621206911, 0.9000000275361876, 0.9000000275361876, 1.2000008673564473, 0.499999996966098, 4.67848126284874]
iteration = 1135.0 , objective = [2.56209701], inputs = [-0.23082394  0.01        0.37447261  0.36630271  0.55843841  0.27
  2.          0.43526341  0.24024325  1.57079633  0.49093429  0.98186858
  0.76019913], constraints = [1.000059015414823, 4.566614817252901, 1.000059015414823, 0.9000786296192487, 0.9000786296192487, 1.2018362502611124, 0.4999999999751088, 4.594918716555211]
iteration = 1136.0 , objective = [2.55910287], inputs = [-0.24504989  0.01        0.37039845  0.36587607  0.55965656  0.27
  2.          0.44420196  0.24183491  1.57079633  0.51935764  1.00311421
  0.79514648], constraints = [0.9995829966151474, 4.538320398754417, 0.9995829966151474, 0.9000999608642085, 0.9000999608642085, 1.1967441608127771, 0.5177452762092492, 4.5024565269907155]
iteration = 1137.0 , objective = [2.55160196], inputs = [-0.26003075  0.01        0.36435782  0.36504316  0.56475675  0.27
  2.          0.45581901  0.24381334  1.57079633  0.56608155  1.05226523
  0.83800841], constraints = [1.0001372418413979, 4.557506165362883, 1.0001372418413979, 0.9001609877009703, 0.9001609877009703, 1.2052672690645487, 0.5379646992047343, 4.3877064133232615]
iteration = 1138.0 , objective = [2.54075696], inputs = [-0.25882283  0.01        0.36026932  0.36416104  0.57517927  0.27
  2.          0.46211876  0.24478749  1.57079633  0.60720244  1.12185321
  0.84964215], constraints = [1.0031142345533433, 4.705086289629325, 1.0031142345533433, 0.9000451863089918, 0.9000451863089918, 1.2400524206627206, 0.5412494529652828, 4.327891844352401]
iteration = 1139.0 , objective = [2.52897529], inputs = [-0.2665202   0.01        0.34681336  0.36335878  0.58990788  0.27
  2.          0.45208348  0.24317977  1.57079633  0.67435452  1.20655535
  0.87633235], constraints = [1.0021021891704447, 4.78834503342935, 1.0021021891704447, 0.9001140960361494, 0.9001140960361494, 1.2353540400711847, 0.5589088982877589, 4.423961669621592]
iteration = 1140.0 , objective = [2.52942189], inputs = [-0.26101677  0.01        0.34043976  0.36344043  0.59551142  0.27
  2.          0.43109217  0.2396401   1.57079633  0.6805484   1.22316389
  0.86420685], constraints = [1.0002552567778034, 4.758698103949309, 1.0002552567778034, 0.9005337215031797, 0.9005337215031797, 1.20581352733607, 0.5563836614817771, 4.639379077715376]
iteration = 1141.0 , objective = [2.53079851], inputs = [-0.25541892  0.01        0.33967662  0.36353659  0.59584729  0.27
  2.          0.42264459  0.23788965  1.57079633  0.66900547  1.21744436
  0.85161744], constraints = [0.9999600766667264, 4.790418462370457, 0.9999600766667264, 0.9000933567815953, 0.9000933567815953, 1.1993945480098462, 0.5495162586830745, 4.732108378466788]
iteration = 1142.0 , objective = [2.53067219], inputs = [-0.24654379  0.01        0.34098834  0.36353134  0.59622053  0.27
  2.          0.41753026  0.23687071  1.57079633  0.653051    1.21263741
  0.83281255], constraints = [0.9999065204584355, 4.768932693406475, 0.9999065204584355, 0.9000355547778419, 0.9000355547778419, 1.1988339796479934, 0.5385377322132372, 4.790072010902704]
iteration = 1143.0 , objective = [2.53050414], inputs = [-0.22316318  0.01        0.34652412  0.36350896  0.59751638  0.27
  2.          0.41126653  0.23561973  1.57079633  0.61442821  1.20566603
  0.78418675], constraints = [0.9994844815937074, 4.921828957207888, 0.9994844815937074, 0.9000548174229317, 0.9000548174229317, 1.1937163040159167, 0.5096172575415185, 4.863026366552644]
iteration = 1144.0 , objective = [2.52993275], inputs = [-0.21483334  0.01        0.34899887  0.36346245  0.59911262  0.27
  2.          0.41262201  0.23587684  1.57079633  0.60593646  1.21175579
  0.76814614], constraints = [1.000071663958706, 5.004946484904589, 1.000071663958706, 0.9000026190901252, 0.9000026190901252, 1.2007947560323853, 0.5000483321982807, 4.847051226545794]
iteration = 1145.0 , objective = [2.52936475], inputs = [-0.21380618  0.01        0.35111037  0.36339964  0.60197523  0.27
  2.          0.42327195  0.23803312  1.57079633  0.61646877  1.2329355
  0.76881568], constraints = [1.000245758565761, 5.089414882209456, 1.000245758565761, 0.9001578289555228, 0.9001578289555228, 1.2030605352957957, 0.500000830263844, 4.725094623810273]
iteration = 1146.0 , objective = [2.52965461], inputs = [-0.21413     0.01        0.35119698  0.36344016  0.60104542  0.27
  2.          0.42233107  0.2377967   1.57079633  0.6135904   1.22718082
  0.76869501], constraints = [1.000015990886426, 5.0727225730413075, 1.000015990886426, 0.9000011771262901, 0.9000011771262901, 1.2002338651356053, 0.499999996106603, 4.735621322178719]
iteration = 1147.0 , objective = [2.52967634], inputs = [-0.21410581  0.01        0.35124658  0.36344472  0.60104687  0.27
  2.          0.42243728  0.23781679  1.57079633  0.61359653  1.22719306
  0.76861683], constraints = [0.9999996613972594, 5.071100338856159, 0.9999996613972594, 0.9000000152489328, 0.9000000152489328, 1.200000160700217, 0.49999999999996125, 4.734430691421482]
iteration = 1148.0 , objective = [2.52967639], inputs = [-0.21409785  0.01        0.35126758  0.3634461   0.60103875  0.27
  2.          0.42247184  0.23782346  1.57079633  0.61357518  1.22715036
  0.76858592], constraints = [0.9999996612965669, 5.071372391622499, 0.9999996612965669, 0.9000000016135986, 0.9000000016135986, 1.200000029240058, 0.49999999999996125, 4.7340433250597]
iteration = 1149.0 , objective = [2.5296764], inputs = [-0.21409845  0.01        0.35126652  0.36344598  0.60103986  0.27
  2.          0.42247201  0.23782349  1.57079633  0.61357896  1.22715792
  0.76858897], constraints = [0.9999996602390163, 5.071371136842147, 0.9999996602390163, 0.9000000000000402, 0.9000000000000402, 1.2000000005515852, 0.49999999999996125, 4.734041394774259]
