iteration = 885.0 , objective = [3.41662823], inputs = [0.01       0.01       0.01       0.5        0.5        0.135
 2.         1.         0.0675     0.52359878 1.         0.5
 0.31415927], constraints = [1.3807998149881, 1.023760347135665, 1.3807998149881, 0.4811030397324907, 0.4811030397324907, 1790.6600433120498, 2.0, 2.0]
iteration = 886.0 , objective = [3.41663113], inputs = [0.01000058 0.00999942 0.01000058 0.49999942 0.50000058 0.13499942
 1.99999942 0.99999942 0.06750058 0.52359819 1.00000058 0.49999942
 0.31415985], constraints = [1.380808051719817, 1.0237749993791632, 1.380808051719817, 0.48110874266385734, 0.48110874266385734, 1790.7811180345186, 2.000003493596646, 2.000000582281296]
iteration = 887.0 , objective = [2.40005962], inputs = [0.03759022 0.01       0.01       0.3        0.5        0.24800257
 2.         0.99668031 0.09612556 0.55208517 1.00416434 0.50029524
 0.30314943], constraints = [0.7196847640987883, 1.768322543982159, 0.7196847640987883, 0.3809663967236636, 0.3809663967236636, 664.8215975180672, 2.007143508331058, 2.0066614986776328]
iteration = 888.0 , objective = [1.72689501], inputs = [-0.11718768  0.01        0.17147211  0.47502414  0.66912555  0.12648345
  1.99225567  1.01487515  0.027       0.51888025  0.99718406  0.52441879
  0.24500366], constraints = [0.2967850878730486, 1.0291373540922075, 0.2967850878730486, 0.21849764320520676, 0.21849764320520676, 0.6902445923855103, 1.901503303150559, 1.9630549403315265]
iteration = 889.0 , objective = [3.85187061], inputs = [-0.06620781  0.01        0.26685912  0.4989579   0.75052031  0.27
  2.          0.95421981  0.14768634  0.56307709  0.99081466  0.56551001
  0.19557939], constraints = [1.1737876557100961, 4.565781546181692, 1.1737876557100961, 0.5235091804526614, 0.5235091804526614, 2.16262228964605, 1.7520727309387174, 2.095953123880371]
iteration = 890.0 , objective = [1.38277146], inputs = [-0.04272942  0.01        0.18266294  0.34130482  0.66173853  0.27
  2.          0.86672715  0.26422911  0.37615271  0.94832136  0.56615689
  0.36048547], constraints = [0.8083729989422457, 4.489330884009863, 0.8083729989422457, 0.8786635736553027, 0.8786635736553027, 2.818160175413308, 1.6750151456314286, 2.307531269841913]
iteration = 891.0 , objective = [3.38432669], inputs = [-0.06101883  0.01        0.24825085  0.46411486  0.73089857  0.27
  2.          0.93488299  0.17344355  0.52176478  0.98142318  0.56565298
  0.23202541], constraints = [1.1257645181966753, 4.626763227111286, 1.1257645181966753, 0.6056200525470665, 0.6056200525470665, 2.0573636048917434, 1.7350269989824065, 2.1393051590759633]
iteration = 892.0 , objective = [3.77616968], inputs = [-0.06532102  0.01        0.26367897  0.49300324  0.74716696  0.27
  2.          0.95091516  0.15208824  0.55601683  0.98920966  0.56553444
  0.201808  ], constraints = [1.1669480708211526, 4.58045796307369, 1.1669480708211526, 0.537697030802093, 0.537697030802093, 2.1297089797384814, 1.7491590109206852, 2.10323705991382]
iteration = 893.0 , objective = [2.690416], inputs = [-0.03348785  0.01        0.22219442  0.42370973  0.70423252  0.27
  2.          0.8800572   0.19785276  0.5024438   0.95648507  0.65464824
  0.21919376], constraints = [0.9952108943858553, 4.469586816463505, 0.9952108943858553, 0.68315848522445, 0.68315848522445, 1.5557686031250895, 1.461067198426404, 2.2725795638932276]
iteration = 894.0 , objective = [1.39445913], inputs = [-0.04426548  0.01        0.18266294  0.34678671  0.66173853  0.27
  2.          0.86672715  0.26475738  0.37615271  0.94832136  0.56615689
  0.36048547], constraints = [0.8315447900834713, 4.469910775263098, 0.8315447900834713, 0.8801627361216335, 0.8801627361216335, 2.6902123441907198, 1.6750151456314286, 2.307531269841913]
iteration = 895.0 , objective = [2.1196445], inputs = [-0.02644674  0.01        0.21106279  0.3762752   0.68946194  0.27
  2.          0.7884767   0.26773806  0.39249682  0.94427269  0.62247122
  0.29486876], constraints = [0.960497093749214, 5.067768391127734, 0.960497093749214, 0.8936356221114887, 0.8936356221114887, 1.5075089302412936, 1.5169740679886887, 2.536536591425015]
iteration = 896.0 , objective = [2.30897938], inputs = [-0.01320466  0.01        0.21761427  0.38325375  0.69575514  0.27
  2.          0.7260005   0.26821416  0.40543494  0.93319373  0.66566917
  0.259983  ], constraints = [1.000473979958342, 5.2601720692562886, 1.000473979958342, 0.9009987174886542, 0.9009987174886542, 1.2511369577288265, 1.4018881595010064, 2.7548190502175327]
iteration = 897.0 , objective = [2.05410376], inputs = [0.05363826 0.01       0.19873644 0.36892527 0.6769951  0.27
 2.         0.45547822 0.25689531 0.45511442 0.88019088 0.85895765
 0.12796532], constraints = [1.0056654998424934, 5.135665750664418, 1.0056654998424934, 0.9371456750885013, 0.9371456750885013, 1.5620003992783094, 1.024719767639134, 4.3909892796389824]
iteration = 898.0 , objective = [2.17745566], inputs = [0.01805985 0.01       0.20878452 0.37655188 0.68698049 0.27
 2.         0.59946885 0.26291998 0.42867157 0.90840265 0.75607618
 0.19823424], constraints = [1.0015370003532054, 5.1971045679657495, 1.0015370003532054, 0.9067505366970402, 0.9067505366970402, 1.2980772984097446, 1.2014697413823958, 3.336286802035861]
iteration = 899.0 , objective = [2.13861481], inputs = [0.0498324  0.01       0.19801862 0.37283844 0.67685358 0.27
 2.         0.46698989 0.25000316 0.42281812 0.86481393 0.88584277
 0.15526271], constraints = [1.0136578565607166, 5.061537389294984, 1.0136578565607166, 0.9126246836563604, 0.9126246836563604, 1.3226073724951868, 0.9762612047422877, 4.2827479717391395]
iteration = 900.0 , objective = [2.06118517], inputs = [0.1098414  0.01       0.16875591 0.36500662 0.65020913 0.27
 2.         0.25       0.21187463 0.38164542 0.76392115 1.1850165
 0.08831656], constraints = [1.0666745265117106, 4.6424838861328315, 1.0666745265117106, 0.9754201725851318, 0.9754201725851318, 1.980682953151308, 0.6446502228183085, 8.0]
iteration = 901.0 , objective = [2.09361126], inputs = [0.07309019 0.01       0.18667722 0.36980305 0.66652694 0.27
 2.         0.38289075 0.23522562 0.40686075 0.82571074 1.00179404
 0.12931628], constraints = [1.0193387288231304, 4.863264260143156, 1.0193387288231304, 0.9165763991599692, 0.9165763991599692, 1.3849087689554713, 0.8242320379370158, 5.223422097834417]
iteration = 902.0 , objective = [2.11027288], inputs = [0.06327389 0.01       0.19146403 0.37108418 0.67088545 0.27
 2.         0.41838605 0.2414627  0.41359579 0.84221483 0.95285507
 0.14026736], constraints = [1.0143612127043447, 4.940939209593573, 1.0143612127043447, 0.9125732368958832, 0.9125732368958832, 1.3321261502250978, 0.8838855471578991, 4.780274121995217]
iteration = 903.0 , objective = [2.04356619], inputs = [0.10238525 0.01       0.16864435 0.36599316 0.65049868 0.27
 2.         0.28631612 0.21096893 0.3752977  0.75290577 1.19922531
 0.10658132], constraints = [1.0421002566621476, 4.554820751108156, 1.0421002566621476, 0.9301323756398059, 0.9301323756398059, 1.754475512522694, 0.6278267885407682, 6.9852860930561915]
iteration = 904.0 , objective = [2.07809747], inputs = [0.07803312 0.01       0.1828527  0.36916301 0.66319221 0.27
 2.         0.36854758 0.22995544 0.39914346 0.80851279 1.04582639
 0.12755545], constraints = [1.0154621209960284, 4.772827058181507, 1.0154621209960284, 0.9115248487055398, 0.9115248487055398, 1.3583994349830308, 0.7730850885614154, 5.426707714989641]
iteration = 905.0 , objective = [2.05971678], inputs = [0.08760374 0.01       0.1735539  0.36837823 0.65517429 0.27
 2.         0.32868074 0.21585918 0.38940811 0.76188245 1.15942779
 0.12450293], constraints = [1.0069660038783284, 4.550051483547608, 1.0069660038783284, 0.9029160243774286, 0.9029160243774286, 1.303070513086676, 0.657119361338343, 6.084932217877116]
iteration = 906.0 , objective = [2.0658656], inputs = [0.08065957 0.01       0.1773084  0.36871864 0.65856803 0.27
 2.         0.35252277 0.22212724 0.39880058 0.76547099 1.14160536
 0.13578069], constraints = [1.000376485973051, 4.619021539118973, 1.000376485973051, 0.901171847351667, 0.901171847351667, 1.2063961553517246, 0.6705215403302647, 5.67339244979787]
iteration = 907.0 , objective = [2.04471798], inputs = [0.06686826 0.01       0.18676319 0.3672493  0.66711031 0.27
 2.         0.42625968 0.24177223 0.44245148 0.74756596 1.1648079
 0.16967529], constraints = [0.9992581243666256, 4.864243790945897, 0.9992581243666256, 0.9091405595777883, 0.9091405595777883, 1.1809312229486815, 0.6417933514941031, 4.691975570905154]
iteration = 908.0 , objective = [2.03637775], inputs = [0.06695239 0.01       0.18840828 0.36768246 0.66885328 0.27
 2.         0.45005604 0.24305502 0.48251431 0.72550286 1.23083266
 0.17192849], constraints = [0.9984286769217177, 4.884482293955619, 0.9984286769217177, 0.9007232533482127, 0.9007232533482127, 1.1839814631576422, 0.5894406978141713, 4.443891072082403]
iteration = 909.0 , objective = [2.00087187], inputs = [0.07203587 0.01       0.1907253  0.36683118 0.67119456 0.27
 2.         0.47165212 0.24643665 0.5694285  0.69677445 1.36885863
 0.16370103], constraints = [0.9949626082456906, 4.941056590894081, 0.9949626082456906, 0.9005327385754545, 0.9005327385754545, 1.156771800658371, 0.509018564081598, 4.24041344268302]
iteration = 910.0 , objective = [1.99179385], inputs = [0.07496253 0.01       0.19034726 0.36675328 0.67086668 0.27
 2.         0.46033269 0.2445359  0.60276025 0.70892871 1.41698929
 0.15546358], constraints = [0.9997868239195877, 4.941978873534295, 0.9997868239195877, 0.9001385765284801, 0.9001385765284801, 1.2089213594196233, 0.5003063321886648, 4.344683834888513]
iteration = 911.0 , objective = [1.99012193], inputs = [0.07235206 0.01       0.18867379 0.36654109 0.66935412 0.27
 2.         0.44226525 0.24159564 0.61645621 0.72458154 1.44914338
 0.1619475 ], constraints = [1.0000843639748023, 4.909550931449458, 1.0000843639748023, 0.9003780098426841, 0.9003780098426841, 1.2005984420688982, 0.5000067970049482, 4.522173028990578]
iteration = 912.0 , objective = [1.97689854], inputs = [0.06361809 0.01       0.18514785 0.36549355 0.66611099 0.27
 2.         0.41542149 0.23676432 0.63480671 0.75000035 1.5
 0.18663435], constraints = [1.0002088795068982, 4.846737528711645, 1.0002088795068982, 0.9009240024952654, 0.9009240024952654, 1.203218944358143, 0.5000002304484515, 4.814387425703889]
iteration = 913.0 , objective = [1.97525516], inputs = [0.0538083  0.01       0.18531184 0.36532918 0.66618477 0.27
 2.         0.4179428  0.23694281 0.64555775 0.76596947 1.5
 0.20956683], constraints = [1.0001319598558736, 4.850773354418435, 1.0001319598558736, 0.90000888006269, 0.90000888006269, 1.2026835376012461, 0.5106463109188787, 4.785343877947321]
iteration = 914.0 , objective = [1.96414021], inputs = [0.01051695 0.01       0.18695942 0.3645745  0.66728469 0.27
 2.         0.4275644  0.23883821 0.70619371 0.847122   1.5
 0.30641433], constraints = [1.0037916122773323, 4.899838191054655, 1.0037916122773323, 0.9001257600815958, 0.9001257600815958, 1.2488527722530918, 0.5647480008279439, 4.677657936857913]
iteration = 915.0 , objective = [1.96729593], inputs = [0.02264503 0.01       0.18649785 0.36478592 0.66697655 0.27
 2.         0.4248689  0.23830721 0.68920652 0.82438709 1.5
 0.27928247], constraints = [1.0020087898667909, 4.884688151888441, 1.0020087898667909, 0.9000679464415696, 0.9000679464415696, 1.2261219636921301, 0.54959139348662, 4.707334395546597]
iteration = 916.0 , objective = [1.948084], inputs = [-0.07410098  0.01        0.19050221  0.36385116  0.66978254  0.27
  2.          0.44172763  0.24149825  0.83758563  1.000805    1.5
  0.48846354], constraints = [1.0195923816971029, 5.007285650359406, 1.0195923816971029, 0.9003689941338111, 0.9003689941338111, 1.4624888999032364, 0.6672033342721622, 4.527676920185261]
iteration = 917.0 , objective = [1.95975587], inputs = [-0.01650306  0.01        0.1881182   0.36440767  0.66811199  0.27
  2.          0.43169076  0.23959846  0.74924785  0.89577426  1.5
  0.36392719], constraints = [1.0044673493309189, 4.925615267323378, 1.0044673493309189, 0.9001018796932316, 0.9001018796932316, 1.2558328109043577, 0.597182840638543, 4.6329461004915355]
iteration = 918.0 , objective = [1.96226297], inputs = [-0.00373509  0.01        0.18758973  0.36453104  0.66774167  0.27
  2.          0.42946584  0.23917732  0.72966565  0.87249167  1.5
  0.33632071], constraints = [1.0029520380955688, 4.910948469187404, 1.0029520380955688, 0.9000774153211663, 0.9000774153211663, 1.2372219340308492, 0.5816611166415034, 4.656947798664064]
iteration = 919.0 , objective = [1.94327904], inputs = [-0.1175171   0.01        0.19225927  0.3637863   0.67104397  0.27
  2.          0.44593348  0.24222004  0.91081336  1.06512645  1.5
  0.57889246], constraints = [1.0256648974406484, 5.052673311362101, 1.0256648974406484, 0.9003445613486013, 0.9003445613486013, 1.5711549172162775, 0.7100842987194155, 4.484973891322831]
iteration = 920.0 , objective = [1.9548901], inputs = [-0.04935615  0.01        0.18946199  0.36423243  0.66906573  0.27
  2.          0.43606856  0.24039731  0.80229709  0.94972887  1.5
  0.43358021], constraints = [1.0059909782915728, 4.9565050911665, 1.0059909782915728, 0.9001026755053919, 0.9001026755053919, 1.2757736266515711, 0.6331525777941304, 4.586434725057263]
iteration = 921.0 , objective = [1.95861024], inputs = [-0.02677753  0.01        0.18853538  0.36438022  0.66841043  0.27
  2.          0.43280077  0.23979352  0.76635058  0.9115029   1.5
  0.38544487], constraints = [1.0034374335511314, 4.932016502185483, 1.0034374335511314, 0.9000761782035014, 0.9000761782035014, 1.2431503867508558, 0.6076685978084367, 4.621063911644076]
iteration = 922.0 , objective = [1.94771624], inputs = [-0.11196642  0.01        0.1920399   0.36400312  0.67091145  0.27
  2.          0.44384321  0.24179167  0.90579115  1.04083032  1.5
  0.56588863], constraints = [1.0133431679152614, 5.022899030591792, 1.0133431679152614, 0.9001538342910995, 0.9001538342910995, 1.3808086356954279, 0.6938868769861563, 4.506095733332203]
iteration = 923.0 , objective = [1.95458662], inputs = [-0.05964066  0.01        0.18988731  0.36423475  0.66937524  0.27
  2.          0.43706059  0.24056434  0.82014226  0.96139325  1.5
  0.45505425], constraints = [1.004125752054227, 4.961226267473271, 1.004125752054227, 0.900069941912044, 0.900069941912044, 1.252060157702299, 0.6409288318113876, 4.5760246213931115]
iteration = 924.0 , objective = [1.95101836], inputs = [-0.11211649  0.01        0.19212633  0.3641436   0.67100589  0.27
  2.          0.44359165  0.24171244  0.90939242  1.02644721  1.5
  0.5655326 ], constraints = [1.0043318379471424, 5.006327433093673, 1.0043318379471424, 0.9000531196693531, 0.9000531196693531, 1.2564735377429326, 0.6842981367802111, 4.508651131407272]
iteration = 925.0 , objective = [1.95119359], inputs = [-0.12246244  0.01        0.19239403  0.36408143  0.67115364  0.27
  2.          0.44312269  0.24161217  0.92966273  1.02650566  1.5
  0.58797012], constraints = [0.9999878081014758, 5.003915461726423, 0.9999878081014758, 0.9000002661642397, 0.9000002661642397, 1.2017167659660861, 0.684337106388294, 4.513422684828736]
iteration = 926.0 , objective = [1.94363519], inputs = [-0.18514427  0.01        0.1926713   0.36319111  0.67073591  0.27
  2.          0.43010665  0.23934385  1.04194524  1.06485078  1.5
  0.72684541], constraints = [1.0032228925230595, 5.020709292711624, 1.0032228925230595, 0.9002115247439901, 0.9002115247439901, 1.244608247780057, 0.7099005223723104, 4.650009462498738]
iteration = 927.0 , objective = [1.94676945], inputs = [-0.15947527  0.01        0.19255775  0.36355571  0.67090698  0.27
  2.          0.43543688  0.24027276  0.99596414  1.04914797  1.5
  0.66997423], constraints = [1.0011207150679842, 5.0124033527142045, 1.0011207150679842, 0.9000732087241367, 0.9000732087241367, 1.2163652294093574, 0.6994319820428596, 4.593088179757316]
iteration = 928.0 , objective = [1.94477422], inputs = [-0.20357482  0.01        0.19353897  0.36327077  0.67133254  0.27
  2.          0.42906707  0.23909394  1.0850999   1.06850627  1.5
  0.76528406], constraints = [1.001302546350399, 5.03234134952225, 1.001302546350399, 0.9000519671622242, 0.9000519671622242, 1.2171979541722866, 0.7123375156627852, 4.66127596863268]
iteration = 929.0 , objective = [1.94416703], inputs = [-0.22748859  0.01        0.1939106   0.36308352  0.67135288  0.27
  2.          0.42138074  0.23763989  1.14244769  1.06643987  1.5
  0.81747229], constraints = [0.9999074476050769, 5.036448805139837, 0.9999074476050769, 0.9000782336224659, 0.9000782336224659, 1.2001019240482549, 0.7109599126483768, 4.746301448534959]
iteration = 930.0 , objective = [1.94392814], inputs = [-0.24010665  0.01        0.19415708  0.36305846  0.67139747  0.27
  2.          0.41626949  0.23662072  1.17622768  1.06556092  1.5
  0.84423045], constraints = [0.9999805673447851, 5.039584413615786, 0.9999805673447851, 0.9000357363583973, 0.9000357363583973, 1.2003196972272767, 0.7103739489979363, 4.804579833143932]
iteration = 931.0 , objective = [1.9433452], inputs = [-0.23893331  0.01        0.19412273  0.3629956   0.67126045  0.27
  2.          0.41180429  0.23571978  1.18842778  1.04875709  1.49740801
  0.84231573], constraints = [0.9998270375629144, 5.037836779241168, 0.9998270375629144, 0.9000279399689639, 0.9000279399689639, 1.1980723091042766, 0.7003816438410487, 4.856676012375435]
iteration = 932.0 , objective = [1.93839751], inputs = [-0.17976691  0.01        0.19336787  0.36283114  0.67056439  0.27
  2.          0.39980554  0.23326973  1.15734375  0.94234562  1.5
  0.71918211], constraints = [1.001766713105668, 5.026289960052726, 1.001766713105668, 0.900208869615375, 0.900208869615375, 1.219861126246586, 0.628230412870601, 5.002431881722002]
iteration = 933.0 , objective = [1.93308093], inputs = [-0.07414058  0.01        0.19444895  0.36278218  0.67165367  0.27
  2.          0.40191903  0.23365227  1.09673164  0.75        1.5
  0.49702777], constraints = [1.0070038290044583, 5.063496375887573, 1.0070038290044583, 0.9000067400371478, 0.9000067400371478, 1.2839838265521633, 0.5000000000000001, 4.9761266857547195]
iteration = 934.0 , objective = [1.93554777], inputs = [-0.1305886   0.01        0.19387121  0.36280834  0.67107155  0.27
  2.          0.40078956  0.23344784  1.1291235   0.85279187  1.5
  0.61574979], constraints = [1.0023947017683497, 5.04006072547993, 1.0023947017683497, 0.9001130862797467, 0.9001130862797467, 1.2274555680477353, 0.5685279159308911, 4.990149992742849]
iteration = 935.0 , objective = [1.93377439], inputs = [-0.08236203  0.01        0.196204    0.36287421  0.67317783  0.27
  2.          0.41214431  0.23584586  1.12019171  0.75        1.5
  0.51348691], constraints = [1.0002281987897643, 5.0889185986639145, 1.0002281987897643, 0.900189893278541, 0.900189893278541, 1.2030647706059325, 0.5000000000000001, 4.85266919606766]
iteration = 936.0 , objective = [1.93336422], inputs = [-0.07842488  0.01        0.19666108  0.36305656  0.67365502  0.27
  2.          0.41612135  0.23658653  1.11577357  0.75        1.5
  0.50300833], constraints = [0.999999940112927, 5.0963227647364295, 0.999999940112927, 0.9000223608667471, 0.9000223608667471, 1.2014259811825543, 0.5000000000000001, 4.806290257383089]
iteration = 937.0 , objective = [1.93371073], inputs = [-0.08237298  0.01        0.19675219  0.36300616  0.67366554  0.27
  2.          0.41457669  0.23627112  1.12665801  0.75        1.5
  0.51215978], constraints = [0.9999998574994763, 5.098207492444975, 0.9999998574994763, 0.9000033283742321, 0.9000033283742321, 1.200141191512337, 0.5000000000000001, 4.824197890315548]
iteration = 938.0 , objective = [1.93337668], inputs = [-0.0902611   0.01        0.19715363  0.36291583  0.67387436  0.27
  2.          0.41243724  0.23584074  1.15162439  0.75        1.5
  0.52990651], constraints = [0.999998926183449, 5.106419902496624, 0.999998926183449, 0.9000064444357379, 0.9000064444357379, 1.200263967031133, 0.5000000000000001, 4.849222622906461]
iteration = 939.0 , objective = [1.93332473], inputs = [-0.09613607  0.01        0.19764373  0.36289514  0.67418876  0.27
  2.          0.41148176  0.23564476  1.17197822  0.74858481  1.49716963
  0.5425664 ], constraints = [1.0000117799914074, 5.115917666800677, 1.0000117799914074, 0.9000012958158058, 0.9000012958158058, 1.200248685752963, 0.5000000000000001, 4.8604827419220396]
iteration = 940.0 , objective = [1.9332552], inputs = [-0.10172229  0.01        0.19824064  0.36289525  0.67458323  0.27
  2.          0.41099022  0.23554418  1.19182312  0.74448818  1.48897636
  0.55411385], constraints = [1.0000440674706499, 5.127352283151001, 1.0000440674706499, 0.9000003443484266, 0.9000003443484266, 1.2005281463168611, 0.5000000000000001, 4.86629582694953]
iteration = 941.0 , objective = [1.93306702], inputs = [-0.11592507  0.01        0.19986991  0.36289849  0.67565978  0.27
  2.          0.41035417  0.23541419  1.24138413  0.73007006  1.46014013
  0.58299927], constraints = [1.0004614970217742, 5.159314899602718, 1.0004614970217742, 0.9000005781813982, 0.9000005781813982, 1.2049835551424928, 0.5000000000000001, 4.873838665484213]
iteration = 942.0 , objective = [1.93455552], inputs = [-0.18303747  0.01        0.20778239  0.36293755  0.68094653  0.27
  2.          0.41018449  0.23537923  1.47160251  0.65687764  1.31375528
  0.71791917], constraints = [1.0134817301643027, 5.334970863773732, 1.0134817301643027, 0.9000000412346569, 0.9000000412346569, 1.3506411351353693, 0.5000000000000001, 4.875854805749852]
iteration = 943.0 , objective = [1.93293614], inputs = [-0.14290655  0.01        0.203051    0.36291419  0.67778523  0.27
  2.          0.41028595  0.23540013  1.33393979  0.70064421  1.40128841
  0.63724168], constraints = [1.002295700293222, 5.224249273345306, 1.002295700293222, 0.9000003523963882, 0.9000003523963882, 1.2245376532556669, 0.5000000000000001, 4.87464902238214]
iteration = 944.0 , objective = [1.93289981], inputs = [-0.12836237  0.01        0.20133625  0.36290573  0.67663952  0.27
  2.          0.41032272  0.23540771  1.28404829  0.71650602  1.43301203
  0.60800268], constraints = [1.0007935276684592, 5.188219029705336, 1.0007935276684592, 0.9000004724484167, 0.9000004724484167, 1.2084940987645059, 0.5000000000000001, 4.8742121715120375]
iteration = 945.0 , objective = [1.93640718], inputs = [-0.21258519  0.01        0.21149629  0.36300886  0.68350029  0.27
  2.          0.41271517  0.23589766  1.57079633  0.6209301   1.2418602
  0.77515312], constraints = [1.0249353377258548, 5.427170908533512, 1.0249353377258548, 0.9000081655594895, 0.9000081655594895, 1.4943804120453446, 0.5000000000000001, 4.845957100468797]
iteration = 946.0 , objective = [1.93292543], inputs = [-0.16408736  0.01        0.20564586  0.36294947  0.67954967  0.27
  2.          0.41133753  0.23561553  1.40567889  0.67596535  1.3519307
  0.67890328], constraints = [1.0045358786828233, 5.278228277000432, 1.0045358786828233, 0.9000017445990242, 0.9000017445990242, 1.248898923431753, 0.5000000000000001, 4.862187010215075]
iteration = 947.0 , objective = [1.93270494], inputs = [-0.14160472  0.01        0.20293371  0.36292194  0.67771824  0.27
  2.          0.41069889  0.23548474  1.32913367  0.70147862  1.40295724
  0.63428374], constraints = [1.0012052954511017, 5.219957262379605, 1.0012052954511017, 0.9000006007094187, 0.9000006007094187, 1.212863602792832, 0.5000000000000001, 4.869747817803413]
iteration = 948.0 , objective = [1.93513169], inputs = [-0.21319769  0.01        0.21176136  0.3630657   0.68375842  0.27
  2.          0.415327    0.23643089  1.57079633  0.61835302  1.23670605
  0.77431391], constraints = [1.0195825822245759, 5.423014426224866, 1.0195825822245759, 0.9000303875591911, 0.9000303875591911, 1.4275017768607376, 0.5000000000000001, 4.815482717002571]
iteration = 949.0 , objective = [1.93256901], inputs = [-0.17070858  0.01        0.20652232  0.36298038  0.68017368  0.27
  2.          0.4125803   0.23586937  1.42737398  0.66768654  1.33537307
  0.69120858], constraints = [1.0036878396389035, 5.293556392001062, 1.0036878396389035, 0.9000054013351024, 0.9000054013351024, 1.2397701527028129, 0.5000000000000001, 4.847541195921604]
iteration = 950.0 , objective = [1.93251111], inputs = [-0.15185543  0.01        0.20419766  0.36294253  0.67858308  0.27
  2.          0.41136154  0.23562021  1.36373503  0.68957666  1.37915333
  0.65433331], constraints = [1.0013880212670563, 5.24484456198338, 1.0013880212670563, 0.900001141800121, 0.900001141800121, 1.2148203201548462, 0.5000000000000001, 4.861903220024507]
iteration = 951.0 , objective = [1.93293929], inputs = [-0.19916719  0.01        0.20997029  0.36304188  0.68255644  0.27
  2.          0.41520544  0.23640326  1.52120611  0.63557849  1.27115698
  0.74622902], constraints = [1.0083591411063049, 5.368465836891699, 1.0083591411063049, 0.900020922168669, 0.900020922168669, 1.292572586349427, 0.5000000000000001, 4.8168925648219485]
iteration = 952.0 , objective = [1.93223054], inputs = [-0.16931873  0.01        0.2063284   0.3629792   0.68004969  0.27
  2.          0.41278037  0.23590924  1.42185938  0.66964533  1.33929066
  0.68825305], constraints = [1.001949467505877, 5.286814461178889, 1.001949467505877, 0.9000035824079824, 0.9000035824079824, 1.2208994251865375, 0.5000000000000001, 4.845191673920438]
iteration = 953.0 , objective = [1.93231259], inputs = [-0.16063922  0.01        0.20526939  0.36296097  0.67932076  0.27
  2.          0.41207519  0.23576559  1.39297074  0.67955149  1.35910298
  0.67139445], constraints = [1.0013975088230176, 5.26551366357871, 1.0013975088230176, 0.9000016547551041, 0.9000016547551041, 1.2149341195890722, 0.5000000000000001, 4.853483167482057]
iteration = 954.0 , objective = [1.93217144], inputs = [-0.19710206  0.01        0.20956038  0.36301697  0.68227167  0.27
  2.          0.4150132   0.23636172  1.51213634  0.63960009  1.27920019
  0.74219262], constraints = [1.004754808757855, 5.354322014833305, 1.004754808757855, 0.9000121990720878, 0.9000121990720878, 1.251884640753604, 0.5000000000000001, 4.8191238605747015]
iteration = 955.0 , objective = [1.93200922], inputs = [-0.17455865  0.01        0.20690745  0.36298235  0.68044725  0.27
  2.          0.41319675  0.23599316  1.43846136  0.66430033  1.32860066
  0.69842115], constraints = [1.00152746575708, 5.297272297367643, 1.00152746575708, 0.9000028062030372, 0.9000028062030372, 1.216371343248039, 0.5000000000000001, 4.840309086911903]
iteration = 956.0 , objective = [1.9315765], inputs = [-0.20039912  0.01        0.20982541  0.36300851  0.6824618   0.27
  2.          0.4155871   0.23647498  1.52067453  0.63759994  1.27519988
  0.74844618], constraints = [1.0022832419026932, 5.35533429159995, 1.0022832419026932, 0.9000080387964486, 0.9000080387964486, 1.224823599032388, 0.5000000000000001, 4.812468920616371]
iteration = 957.0 , objective = [1.93166258], inputs = [-0.18766268  0.01        0.20838718  0.36299562  0.68146885  0.27
  2.          0.41440893  0.2362375   1.4801527   0.65076022  1.30152044
  0.72378948], constraints = [1.0013268774883506, 5.325628936561683, 1.0013268774883506, 0.9000034544929921, 0.9000034544929921, 1.2142892413689494, 0.5000000000000001, 4.826150846562151]
iteration = 958.0 , objective = [1.93116022], inputs = [-0.20790165  0.01        0.21039184  0.36297218  0.68282546  0.27
  2.          0.415304    0.236416    1.54249533  0.63304181  1.26608362
  0.76360957], constraints = [1.0011386732715446, 5.364589326013635, 1.0011386732715446, 0.9000011235172141, 0.9000011235172141, 1.2124573087820831, 0.5000000000000001, 4.815749423953902]
iteration = 959.0 , objective = [1.9308003], inputs = [-0.21756466  0.01        0.21105936  0.36291542  0.68324178  0.27
  2.          0.4144691   0.23624871  1.57079633  0.62840118  1.25680235
  0.78352407], constraints = [1.0001159290798631, 5.376152751521222, 1.0001159290798631, 0.9000009758297502, 0.9000009758297502, 1.2014542430158945, 0.5000000000000001, 4.825450191237679]
iteration = 960.0 , objective = [1.93079753], inputs = [-0.21766887  0.01        0.2107904   0.36287233  0.68300886  0.27
  2.          0.4126303   0.23587927  1.57079633  0.63146389  1.26292777
  0.78472566], constraints = [1.000017552840958, 5.370669878574493, 1.000017552840958, 0.9000047608382069, 0.9000047608382069, 1.200244274981709, 0.5000000000000001, 4.846953803830435]
iteration = 961.0 , objective = [1.93081263], inputs = [-0.21753629  0.01        0.21074262  0.36287027  0.6829717   0.27
  2.          0.41230136  0.23581097  1.57079633  0.63249196  1.26498391
  0.78464917], constraints = [1.0000016436282204, 5.369645306600696, 1.0000016436282204, 0.9000001532030915, 0.9000001532030915, 1.2000287081617806, 0.5000000000000001, 4.850820750497418]
iteration = 962.0 , objective = [1.93081014], inputs = [-0.21737371  0.01        0.21073127  0.36287454  0.68296556  0.27
  2.          0.41219594  0.23578953  1.57079633  0.63302214  1.26604429
  0.78434232], constraints = [1.0000002016183183, 5.369352857169965, 1.0000002016183183, 0.9000000157672161, 0.9000000157672161, 1.2000117929366427, 0.5000000000000001, 4.852061368671098]
iteration = 963.0 , objective = [1.93081254], inputs = [-0.21735395  0.01        0.21073494  0.36287631  0.68296888  0.27
  2.          0.41220857  0.23579209  1.57079633  0.63298102  1.26596204
  0.78427291], constraints = [0.9999996632855471, 5.36940537039656, 0.9999996632855471, 0.9000000002262589, 0.9000000002262589, 1.2000001501570638, 0.5000000000000001, 4.851912754516596]
iteration = 964.0 , objective = [1.93081258], inputs = [-0.21735306  0.01        0.21073534  0.36287655  0.68296913  0.27
  2.          0.41220793  0.23579196  1.57079633  0.63296139  1.26592278
  0.78426448], constraints = [0.9999996609212368, 5.3694088736767425, 0.9999996609212368, 0.9000000000005834, 0.9000000000005834, 1.2000000105570463, 0.5000000000000001, 4.851920300703724]
