iteration = 1794.0 , objective = [4.23374815], inputs = [0.01       0.01       0.01       0.5        0.5        0.135
 2.         1.         0.0675     0.52359878 1.         0.5
 0.31415927], constraints = [1.3807998149881, 1.023760347135665, 1.3807998149881, 0.4811030397324907, 0.4811030397324907, 1790.6600433120498, 2.0, 2.0]
iteration = 1795.0 , objective = [4.23375013], inputs = [0.01000058 0.00999942 0.01000058 0.49999942 0.50000058 0.13499942
 1.99999942 0.99999942 0.06750058 0.52359819 1.00000058 0.49999942
 0.31415985], constraints = [1.380808051719817, 1.0237749993791632, 1.380808051719817, 0.48110874266385734, 0.48110874266385734, 1790.7811180345186, 2.000003493596646, 2.000000582281296]
iteration = 1796.0 , objective = [4.10720589], inputs = [-0.00448788  0.01        0.01        0.3         0.5         0.27
  2.          0.95159009  0.19923371  0.62285501  1.0137339   0.51635146
  0.21614571], constraints = [0.7789211718047683, 1.8722496796646324, 0.7789211718047683, 0.684367112305333, 0.684367112305333, 71.88077165101697, 1.963263381356276, 2.101745290440386]
iteration = 1797.0 , objective = [3.60067501], inputs = [1.39392309e-03 1.00000000e-02 1.00000000e-02 3.81196214e-01
 5.00000000e-01 2.15192555e-01 2.00000000e+00 9.71243600e-01
 1.45752316e-01 5.82558858e-01 1.00815820e+00 5.09713074e-01
 2.55937359e-01], constraints = [1.1890139342888444, 1.6140682700651812, 1.1890139342888444, 0.6336414883897532, 0.6336414883897532, 324.8954111432874, 1.9778935454457924, 2.059215628388816]
iteration = 1798.0 , objective = [4.21553423], inputs = [ 0.05016692  0.01        0.01        0.3         0.5         0.27
  2.          0.88648821  0.25093165  0.99909374  1.05308683  0.6326011
 -0.15139432], constraints = [0.7337887999594735, 1.7734038852048282, 0.7337887999594735, 0.8397136621400484, 0.8397136621400484, 369.0439183069218, 1.6646933239878245, 2.256093165616352]
iteration = 1799.0 , objective = [3.53545221], inputs = [0.00688692 0.01       0.01       0.3720516  0.5        0.22136517
 2.         0.96169813 0.157598   0.62947056 1.01321823 0.52355318
 0.21006215], constraints = [1.1625107201563454, 1.6688224692676779, 1.1625107201563454, 0.6626753269489802, 0.6626753269489802, 294.9059166135427, 1.935272800001888, 2.0796546545883405]
iteration = 1800.0 , objective = [3.45933328], inputs = [0.01459628 0.01       0.01       0.35921722 0.5        0.23002837
 2.         0.94830118 0.17422329 0.69531062 1.02031992 0.54297761
 0.14567681], constraints = [1.1096421858218921, 1.7282730586786912, 1.1096421858218921, 0.7004173657697305, 0.7004173657697305, 272.86988223857406, 1.8791196811118875, 2.1090346060998013]
iteration = 1801.0 , objective = [3.57869728], inputs = [0.02287617 0.01       0.01       0.34543303 0.5        0.2393327
 2.         0.93391277 0.19207895 0.76602324 1.02794719 0.56383958
 0.07652656], constraints = [1.036628369242166, 1.7702911589423718, 1.036628369242166, 0.7375035182911762, 0.7375035182911762, 270.83776965755374, 1.8231199622997862, 2.141527639219163]
iteration = 1802.0 , objective = [3.51189218], inputs = [0.01859105 0.01       0.01       0.35256682 0.5        0.2345174
 2.         0.94135926 0.18283804 0.72942705 1.02399982 0.5530428
 0.11231417], constraints = [1.07622755721421, 1.7512859340203042, 1.07622755721421, 0.718726683661968, 0.718726683661968, 269.39775820126886, 1.8515742670649902, 2.1245873783449616]
iteration = 1803.0 , objective = [3.46271663], inputs = [0.01500517 0.01       0.01       0.35853651 0.5        0.23048786
 2.         0.94759062 0.17510507 0.69880269 1.02069659 0.54400786
 0.1422619 ], constraints = [1.1063983036734224, 1.7308712284548986, 1.1063983036734224, 0.7023287524626854, 0.7023287524626854, 272.2854533778525, 1.876253382194695, 2.110616076483674]
iteration = 1804.0 , objective = [3.45923203], inputs = [0.01460836 0.01       0.01       0.3591971  0.5        0.23004196
 2.         0.94828017 0.17424936 0.69541384 1.02033106 0.54300807
 0.14557587], constraints = [1.1095468443291598, 1.7283505704695856, 1.1095468443291598, 0.7004739894502229, 0.7004739894502229, 272.85182310460925, 1.8790347998771026, 2.109081318960436]
iteration = 1805.0 , objective = [3.45894223], inputs = [0.01464299 0.01       0.01       0.35913946 0.5        0.23008087
 2.         0.94822    0.17432403 0.69570956 1.02036295 0.54309531
 0.14528668], constraints = [1.1092735624290575, 1.7285723263960824, 1.1092735624290575, 0.7006361682398563, 0.7006361682398563, 272.8004069414412, 1.8787916766513082, 2.1092151579137375]
iteration = 1806.0 , objective = [3.4588014], inputs = [0.01469898 0.01       0.01       0.35904624 0.5        0.23014379
 2.         0.9481227  0.17444478 0.69618776 1.02041453 0.54323639
 0.14481905], constraints = [1.1088312117561856, 1.7289302286351609, 1.1088312117561856, 0.7008982895026211, 0.7008982895026211, 272.7182687558681, 1.8783986960612047, 2.1094316200222463]
iteration = 1807.0 , objective = [3.4586319], inputs = [0.01468013 0.01       0.01       0.35907763 0.5        0.2301226
 2.         0.94815546 0.17440412 0.69602674 1.02039716 0.54318889
 0.14497652], constraints = [1.1089802295474975, 1.7288097933056377, 1.1089802295474975, 0.7008100415697256, 0.7008100415697256, 272.74579013894987, 1.878531004738487, 2.109358724056739]
iteration = 1808.0 , objective = [3.88058592], inputs = [0.02193986 0.01       0.01       0.30772756 0.5        0.27
 2.         0.90710957 0.26046167 0.69979829 1.01194294 0.57107461
 0.12773652], constraints = [0.9214143830885427, 2.0783041523682737, 0.9214143830885427, 0.866150869394936, 0.866150869394936, 88.25883015786607, 1.7719977658249262, 2.2048053074105516]
iteration = 1809.0 , objective = [3.4665803], inputs = [0.01484245 0.01       0.01       0.3579295  0.5        0.23101421
 2.         0.94723772 0.17632827 0.69611106 1.02020814 0.54381238
 0.14459105], constraints = [1.1064934339349475, 1.7379395105296969, 1.1064934339349475, 0.7052433561575665, 0.7052433561575665, 266.72674051520266, 1.8760296290139682, 2.1114023960205173]
iteration = 1810.0 , objective = [3.45875371], inputs = [0.01468404 0.01       0.01       0.35904998 0.5        0.23014407
 2.         0.94813337 0.17445045 0.69602877 1.02039261 0.5432039
 0.14496723], constraints = [1.1089215303808326, 1.7290304062271422, 1.1089215303808326, 0.7009172706609524, 0.7009172706609524, 272.59963046608146, 1.878470705990874, 2.1094078876812277]
iteration = 1811.0 , objective = [3.45863139], inputs = [0.01468016 0.01       0.01       0.3590774  0.5        0.23012278
 2.         0.94815528 0.1744045  0.69602675 1.02039713 0.54318901
 0.14497644], constraints = [1.1089797478849472, 1.7288116044779942, 1.1089797478849472, 0.7008109219276913, 0.7008109219276913, 272.74458999197986, 1.878530509722458, 2.10935912763979]
iteration = 1812.0 , objective = [3.45862863], inputs = [0.01468034 0.01       0.01       0.35907616 0.5        0.23012375
 2.         0.94815429 0.17440659 0.69602685 1.02039692 0.54318969
 0.14497602], constraints = [1.1089771007046854, 1.7288215582731112, 1.1089771007046854, 0.700815760165992, 0.700815760165992, 272.7379943184152, 1.878527789219899, 2.109361345652219]
iteration = 1813.0 , objective = [3.45862229], inputs = [0.01468074 0.01       0.01       0.3590733  0.5        0.23012596
 2.         0.948152   0.17441138 0.69602705 1.02039645 0.54319124
 0.14497506], constraints = [1.1089710372890687, 1.7288443559132776, 1.1089710372890687, 0.7008268413401948, 0.7008268413401948, 272.7228883464222, 1.8785215582879216, 2.1093664257390023]
iteration = 1814.0 , objective = [3.45862021], inputs = [0.01468132 0.01       0.01       0.35906922 0.5        0.23012913
 2.         0.94814874 0.17441822 0.69602735 1.02039578 0.54319345
 0.14497369], constraints = [1.108962375264623, 1.7288769198446492, 1.108962375264623, 0.700842669419046, 0.700842669419046, 272.70131210161753, 1.878512657991589, 2.1093736822547138]
iteration = 1815.0 , objective = [3.45861851], inputs = [0.01468098 0.01       0.01       0.35907159 0.5        0.23012729
 2.         0.94815064 0.17441424 0.69602718 1.02039617 0.54319217
 0.14497449], constraints = [1.1089674136420204, 1.7288579792088077, 1.1089674136420204, 0.7008334631255096, 0.7008334631255096, 272.71386166815637, 1.8785178348144222, 2.1093694615172236]
iteration = 1816.0 , objective = [3.45861628], inputs = [0.01468112 0.01       0.01       0.35907058 0.5        0.23012807
 2.         0.94814983 0.17441593 0.69602725 1.020396   0.54319271
 0.14497415], constraints = [1.1089652771911187, 1.7288660109117862, 1.1089652771911187, 0.7008373670264798, 0.7008373670264798, 272.708540025589, 1.8785156396073321, 2.109371251296365]
iteration = 1817.0 , objective = [3.45861498], inputs = [0.01468121 0.01       0.01       0.35907    0.5        0.23012853
 2.         0.94814936 0.17441691 0.6960273  1.02039591 0.54319303
 0.14497395], constraints = [1.1089640322108931, 1.7288706911129204, 1.1089640322108931, 0.7008396418862693, 0.7008396418862693, 272.7054390521547, 1.878514360422171, 2.1093722942347046]
iteration = 1818.0 , objective = [3.8172814], inputs = [0.03598055 0.01       0.01       0.31446649 0.5        0.27
 2.         0.87296312 0.26014605 0.75089651 1.00870416 0.62052516
 0.05891971], constraints = [0.9141800039275902, 1.9742782952873565, 0.9141800039275902, 0.8667403877081391, 0.8667403877081391, 95.76088610406367, 1.6255652992376062, 2.2910475218460586]
iteration = 1819.0 , objective = [3.46939358], inputs = [0.0155212  0.01       0.01       0.35731095 0.5        0.23170096
 2.         0.94518421 0.17779785 0.6981912  1.01993482 0.54624281
 0.14158019], constraints = [1.1044873520209875, 1.7422300758757034, 1.1044873520209875, 0.7086318035048016, 0.7086318035048016, 262.1907153252429, 1.8671821162876938, 2.1159896479219418]
iteration = 1820.0 , objective = [3.45907769], inputs = [0.01471788 0.01       0.01       0.3589932  0.5        0.23019718
 2.         0.94801991 0.17456452 0.69612177 1.02037578 0.54332618
 0.14482578], constraints = [1.1087761203811044, 1.729461215103248, 1.1087761203811044, 0.7011824435440605, 0.7011824435440605, 272.23831850525715, 1.8780169403818756, 2.1096603427238056]
iteration = 1821.0 , objective = [3.45861886], inputs = [0.01468153 0.01       0.01       0.35906932 0.5        0.23012913
 2.         0.94814823 0.1744182  0.69602813 1.02039573 0.5431942
 0.14497265], constraints = [1.108962384313277, 1.7288758799939148, 1.108962384313277, 0.700842653794342, 0.700842653794342, 272.7013330885215, 1.8785099904619245, 2.109374823856054]
iteration = 1822.0 , objective = [3.45861497], inputs = [0.01468121 0.01       0.01       0.35907    0.5        0.23012853
 2.         0.94814936 0.17441691 0.6960273  1.02039591 0.54319303
 0.14497395], constraints = [1.1089640291740317, 1.7288707006755097, 1.1089640291740317, 0.7008396474369123, 0.7008396474369123, 272.7054314852385, 1.8785143523687824, 2.1093722988965222]
iteration = 1823.0 , objective = [3.45861493], inputs = [0.01468121 0.01       0.01       0.35906998 0.5        0.23012854
 2.         0.94814934 0.17441694 0.69602732 1.0203959  0.54319306
 0.14497392], constraints = [1.1089639938358349, 1.7288708119497924, 1.1089639938358349, 0.7008397120265115, 0.7008397120265115, 272.7053434334524, 1.8785142586561843, 2.1093723531433803]
iteration = 1824.0 , objective = [3.45861518], inputs = [0.01468124 0.01       0.01       0.35906993 0.5        0.23012858
 2.         0.94814926 0.17441703 0.69602738 1.02039589 0.54319314
 0.14497383], constraints = [1.108963874591302, 1.7288711874310205, 1.108963874591302, 0.7008399299760909, 0.7008399299760909, 272.70504631378316, 1.878513942434636, 2.1093725361927382]
iteration = 1825.0 , objective = [3.45861497], inputs = [0.01468122 0.01       0.01       0.35906997 0.5        0.23012855
 2.         0.94814932 0.17441696 0.69602733 1.0203959  0.54319308
 0.1449739 ], constraints = [1.1089639613786089, 1.7288709141522947, 1.1089639613786089, 0.700839771350361, 0.700839771350361, 272.70526256021844, 1.8785141725836223, 2.109372402967703]
iteration = 1826.0 , objective = [3.45861492], inputs = [0.01468122 0.01       0.01       0.35906998 0.5        0.23012855
 2.         0.94814933 0.17441695 0.69602732 1.0203959  0.54319307
 0.14497391], constraints = [1.1089639788100025, 1.7288708592636919, 1.1089639788100025, 0.7008397394900527, 0.7008397394900527, 272.70530599377946, 1.8785142188095234, 2.109372376209184]
iteration = 1827.0 , objective = [3.45861493], inputs = [0.01468121 0.01       0.01       0.35906998 0.5        0.23012854
 2.         0.94814934 0.17441694 0.69602732 1.0203959  0.54319306
 0.14497392], constraints = [1.1089639937610334, 1.7288708121853313, 1.1089639937610334, 0.7008397121632307, 0.7008397121632307, 272.7053432470699, 1.8785142584578192, 2.1093723532582067]
iteration = 1828.0 , objective = [3.84407219], inputs = [0.04566867 0.01       0.01       0.31036446 0.5        0.27
 2.         0.85920063 0.26001747 0.71595081 0.99882038 0.63544528
 0.07679664], constraints = [0.9204820969462808, 2.0413223641912888, 0.9204820969462808, 0.8670741298867508, 0.8670741298867508, 93.28030630394521, 1.5718432421969477, 2.3277450422610917]
iteration = 1829.0 , objective = [3.46873339], inputs = [0.01567635 0.01       0.01       0.35750584 0.5        0.23140898
 2.         0.94529282 0.17716593 0.69666714 1.01970302 0.54615567
 0.14278446], constraints = [1.1053537704688374, 1.741135399460143, 1.1053537704688374, 0.7071945696252981, 0.7071945696252981, 264.10808423640333, 1.8670556530847482, 2.1157465264720874]
iteration = 1830.0 , objective = [3.45896135], inputs = [0.01471567 0.01       0.01       0.35901583 0.5        0.23017287
 2.         0.94805045 0.17451211 0.69604947 1.02037192 0.54329562
 0.14489813], constraints = [1.1088427400716978, 1.7292983137847977, 1.1088427400716978, 0.70106108443288, 0.70106108443288, 272.40365886503514, 1.8781154794993864, 2.1095923817929356]
iteration = 1831.0 , objective = [3.45861729], inputs = [0.01468145 0.01       0.01       0.35906961 0.5        0.23012885
 2.         0.94814865 0.1744176  0.69602747 1.02039574 0.54319377
 0.1449734 ], constraints = [1.1089631524444143, 1.7288737815865807, 1.1089631524444143, 0.7008412498733497, 0.7008412498733497, 272.70324696829834, 1.8785114885296041, 2.1093738811369085]
iteration = 1832.0 , objective = [3.45861493], inputs = [0.01468122 0.01       0.01       0.35906998 0.5        0.23012854
 2.         0.94814934 0.17441694 0.69602732 1.0203959  0.54319306
 0.14497392], constraints = [1.108963992568717, 1.7288708163936086, 1.108963992568717, 0.7008397143424959, 0.7008397143424959, 272.705340276186, 1.8785142545322377, 2.1093723554235337]
iteration = 1833.0 , objective = [3.45861494], inputs = [0.01468122 0.01       0.01       0.35906997 0.5        0.23012855
 2.         0.94814932 0.17441695 0.69602732 1.0203959  0.54319307
 0.14497391], constraints = [1.1089639767439852, 1.728870872246918, 1.1089639767439852, 0.7008397432662483, 0.7008397432662483, 272.70530084587, 1.8785142024309351, 2.109372384162297]
iteration = 1834.0 , objective = [3.45861493], inputs = [0.01468122 0.01       0.01       0.35906998 0.5        0.23012854
 2.         0.94814934 0.17441694 0.69602732 1.0203959  0.54319306
 0.14497392], constraints = [1.1089639903968453, 1.7288708240592168, 1.1089639903968453, 0.7008397183121473, 0.7008397183121473, 272.70533486455736, 1.878514247381575, 2.109372359367796]
iteration = 1835.0 , objective = [3.45861493], inputs = [0.01468122 0.01       0.01       0.35906998 0.5        0.23012854
 2.         0.94814933 0.17441694 0.69602732 1.0203959  0.54319306
 0.14497392], constraints = [1.1089639876741515, 1.7288708336689527, 1.1089639876741515, 0.7008397232885685, 0.7008397232885685, 272.7053280804487, 1.878514238417384, 2.109372364312389]
iteration = 1836.0 , objective = [3.45861492], inputs = [0.01468122 0.01       0.01       0.35906998 0.5        0.23012854
 2.         0.94814933 0.17441695 0.69602732 1.0203959  0.54319307
 0.14497392], constraints = [1.108963984946538, 1.7288708432960502, 1.108963984946538, 0.7008397282739813, 0.7008397282739813, 272.70532128408354, 1.878514229436997, 2.1093723692659165]
iteration = 1837.0 , objective = [3.45861492], inputs = [0.01468122 0.01       0.01       0.35906998 0.5        0.23012854
 2.         0.94814933 0.17441695 0.69602732 1.0203959  0.54319307
 0.14497392], constraints = [1.1089639825815125, 1.7288708516433975, 1.1089639825815125, 0.7008397325966724, 0.7008397325966724, 272.7053153911728, 1.878514221650392, 2.1093723735609604]
iteration = 1838.0 , objective = [3.69983797], inputs = [ 0.03882352  0.01        0.01        0.34724676  0.5         0.27
  2.          0.82040044  0.25965494  0.81663015  1.00047986  0.71488913
 -0.0588772 ], constraints = [0.8311724950576338, 1.480175529550036, 0.8311724950576338, 0.8683700333556371, 0.8683700333556371, 52.92734639464076, 1.399489550267711, 2.4378338964531765]
iteration = 1839.0 , objective = [3.45262072], inputs = [0.01752764 0.01       0.01       0.357676   0.5        0.23482946
 2.         0.93308751 0.18446666 0.7102466  1.01804777 0.56343633
 0.12093951], constraints = [1.0931760332551217, 1.727246716734293, 1.0931760332551217, 0.7237931037493777, 0.7237931037493777, 220.18969096547178, 1.8068550131883245, 2.1434216819042007]
iteration = 1840.0 , objective = [3.50446595], inputs = [0.01471777 0.01       0.01       0.35788644 0.5        0.24412725
 2.         0.90069979 0.18704479 0.66787737 0.91032366 0.5726338
 0.11930442], constraints = [0.9893462520358774, 1.5880981838665844, 0.9893462520358774, 0.7094068725114175, 0.7094068725114175, 70.95547473716002, 1.589713474091909, 2.220495696139622]
iteration = 1841.0 , objective = [3.54594102], inputs = [0.0163125  0.01       0.01       0.35868985 0.5        0.27
 2.         0.79724862 0.19488873 0.61634861 0.79750365 0.56122228
 0.13440256], constraints = [0.9915069415107609, 1.6049178743038257, 0.9915069415107609, 0.679677156394939, 0.679677156394939, 24.43592305775232, 1.4210120939510533, 2.5086277346982615]
iteration = 1842.0 , objective = [3.62617008], inputs = [0.01691824 0.01       0.01       0.35930321 0.5        0.27
 2.         0.70871487 0.20043757 0.58009904 0.69198062 0.55955855
 0.14337575], constraints = [0.9394188186364187, 1.534674257286257, 0.9394188186364187, 0.7059108676221274, 0.7059108676221274, 9.150718110217689, 1.236654526440503, 2.8220093500627104]
iteration = 1843.0 , objective = [3.73588205], inputs = [0.01940269 0.01       0.01       0.36024719 0.5        0.27
 2.         0.57533248 0.20880428 0.54100257 0.56899894 0.5508815
 0.15950318], constraints = [0.9276388617032496, 1.5198310328153877, 0.9276388617032496, 0.7564128771001555, 0.7564128771001555, 3.7890199008894445, 1.0328880925965227, 3.4762508346083987]
iteration = 1844.0 , objective = [3.89496903], inputs = [0.02433145 0.01       0.01       0.36162039 0.5        0.27
 2.         0.38149036 0.22082518 0.48982605 0.44094972 0.53403274
 0.1853314 ], constraints = [0.9760000004263417, 1.589372304899018, 0.9760000004263417, 0.8764286415409253, 0.8764286415409253, 1.9829598154937367, 0.82569791523381, 5.242596425650191]
iteration = 1845.0 , objective = [3.95190509], inputs = [0.02469617 0.01       0.01       0.36209881 0.5        0.27
 2.         0.35365738 0.2224819  0.48697309 0.38252143 0.53481428
 0.18771693], constraints = [0.9483561463563733, 1.5460105200517014, 0.9483561463563733, 0.9013059176109123, 0.9013059176109123, 1.3199108451551995, 0.7152416107269802, 5.655190905263274]
iteration = 1846.0 , objective = [3.96684434], inputs = [0.02508648 0.01       0.01       0.3623956  0.5        0.27
 2.         0.35635437 0.2227543  0.48725633 0.36238189 0.53610125
 0.18888312], constraints = [0.9393128259315336, 1.5299611451145456, 0.9393128259315336, 0.9000137724009697, 0.9000137724009697, 1.2030161657105554, 0.6759579383927024, 5.612390806174064]
iteration = 1847.0 , objective = [3.9843683], inputs = [0.02639446 0.01       0.01       0.36302047 0.5        0.27
 2.         0.35956457 0.22360626 0.48219346 0.34165313 0.53752993
 0.19325244], constraints = [0.9436539448079295, 1.530339846151218, 0.9436539448079295, 0.9000190974234554, 0.9000190974234554, 1.201909355759072, 0.6355983469083927, 5.5622833027941]
iteration = 1848.0 , objective = [4.05570737], inputs = [0.03123602 0.01       0.01       0.36588666 0.5        0.27
 2.         0.37352552 0.22726767 0.4602882  0.27449182 0.5465401
 0.20921852], constraints = [0.9621709347653551, 1.5299085202655403, 0.9621709347653551, 0.9003491107474738, 0.9003491107474738, 1.2386120215173069, 0.5022354533950438, 5.354386485272702]
iteration = 1849.0 , objective = [4.06707801], inputs = [0.03157114 0.01       0.01       0.36707012 0.5        0.27
 2.         0.37879041 0.22843731 0.45529874 0.27644755 0.55286682
 0.21000345], constraints = [0.964647360978239, 1.5220629301917674, 0.964647360978239, 0.9000472299056064, 0.9000472299056064, 1.2018302316011913, 0.5000255813537638, 5.279964674185813]
iteration = 1850.0 , objective = [4.12068409], inputs = [0.03415306 0.01       0.01       0.3737803  0.5        0.27
 2.         0.40742368 0.23526849 0.4214544  0.29854798 0.58757796
 0.21703281], constraints = [1.0027481286150934, 1.5117106443026622, 1.0027481286150934, 0.9013050569425058, 0.9013050569425058, 1.2278110406219556, 0.5080993548646435, 4.908894853950568]
iteration = 1851.0 , objective = [4.118933], inputs = [0.03389076 0.01       0.01       0.37390156 0.5        0.27
 2.         0.40944581 0.23522957 0.42211466 0.30278784 0.58881897
 0.21600296], constraints = [0.9999897953341584, 1.5066928911885926, 0.9999897953341584, 0.9000058413975152, 0.9000058413975152, 1.2002199346896112, 0.5142290732755401, 4.884651278871294]
iteration = 1852.0 , objective = [4.1189643], inputs = [0.0338905  0.01       0.01       0.37390838 0.5        0.27
 2.         0.40948537 0.23523517 0.42209157 0.30284648 0.58885975
 0.21599942], constraints = [0.999999657950884, 1.5066418273144833, 0.999999657950884, 0.8999986330849129, 0.8999986330849129, 1.200000000361789, 0.5142930557157774, 4.884179431614076]
iteration = 1853.0 , objective = [4.1189632], inputs = [0.03389045 0.01       0.01       0.37390834 0.5        0.27
 2.         0.40948493 0.23523513 0.42209178 0.30284767 0.5888596
 0.21599924], constraints = [0.9999996602103522, 1.5066422417492145, 0.9999996602103522, 0.8999987898157973, 0.8999987898157973, 1.2000000000052968, 0.5142952067136638, 4.884184682782086]
iteration = 1854.0 , objective = [4.1189643], inputs = [0.0338905  0.01       0.01       0.37390838 0.5        0.27
 2.         0.40948537 0.23523517 0.42209157 0.30284648 0.58885974
 0.21599942], constraints = [0.9999996602106692, 1.5066418233373606, 0.9999996602106692, 0.899998630820209, 0.899998630820209, 1.1999999999999988, 0.514293060146468, 4.884179431614076]
iteration = 1855.0 , objective = [4.11896209], inputs = [0.03389039 0.01       0.01       0.3739083  0.5        0.27
 2.         0.40948448 0.2352351  0.42209199 0.30284885 0.58885944
 0.21599906], constraints = [0.9999996602104715, 1.5066426570284992, 0.9999996602104715, 0.8999989463415066, 0.8999989463415066, 1.2000000000045012, 0.5142973567036913, 4.88418995434641]
iteration = 1856.0 , objective = [4.1189632], inputs = [0.03389045 0.01       0.01       0.37390834 0.5        0.27
 2.         0.40948493 0.23523513 0.42209178 0.30284767 0.5888596
 0.21599924], constraints = [0.9999996602107777, 1.5066422417479637, 0.9999996602107777, 0.8999987898157973, 0.8999987898157973, 1.199999999999086, 0.5142952067131061, 4.884184682782086]
iteration = 1857.0 , objective = [4.11896193], inputs = [0.03389039 0.01       0.01       0.37390829 0.5        0.27
 2.         0.4094845  0.2352351  0.42209202 0.30284901 0.58885943
 0.21599902], constraints = [0.999999660210663, 1.5066426742739116, 0.999999660210663, 0.899998937322549, 0.899998937322549, 1.2000000000000914, 0.5142976266348813, 4.884189756639984]
iteration = 1858.0 , objective = [4.11896209], inputs = [0.03389039 0.01       0.01       0.3739083  0.5        0.27
 2.         0.40948448 0.2352351  0.42209199 0.30284885 0.58885944
 0.21599906], constraints = [0.9999996602106693, 1.5066426570269085, 0.9999996602106693, 0.8999989463409446, 0.8999989463409446, 1.2000000000000015, 0.514297356703126, 4.88418995434641]
iteration = 1859.0 , objective = [4.11896178], inputs = [0.03389039 0.01       0.01       0.37390829 0.5        0.27
 2.         0.40948452 0.2352351  0.42209205 0.30284916 0.58885943
 0.21599898], constraints = [0.9999996602106576, 1.5066426915191529, 0.9999996602106576, 0.8999989283028873, 0.8999989283028873, 1.2000000000001876, 0.5142978965659509, 4.884189558920695]
iteration = 1860.0 , objective = [4.11896193], inputs = [0.03389039 0.01       0.01       0.37390829 0.5        0.27
 2.         0.4094845  0.2352351  0.42209202 0.30284901 0.58885943
 0.21599902], constraints = [0.999999660210663, 1.5066426742739116, 0.999999660210663, 0.899998937322549, 0.899998937322549, 1.2000000000000914, 0.5142976266348813, 4.884189756639984]
iteration = 1861.0 , objective = [3.54316119], inputs = [ 0.15675744  0.01        0.01        0.35002441  0.5         0.27
  2.          0.41817434  0.23702302  0.75690584  0.52764489  0.49647572
 -0.25680503], constraints = [1.1575580267794379, 1.9533425333308039, 1.1575580267794379, 0.9001070349961222, 0.9001070349961222, 164.54667563458696, 1.0627808538636956, 4.782694234878068]
iteration = 1862.0 , objective = [3.68696979], inputs = [ 0.09812776  0.01        0.01        0.36142132  0.5         0.27
  2.          0.41402773  0.23616986  0.59713944  0.42037689  0.54055936
 -0.03119247], constraints = [1.0539326694791913, 1.6978034009889584, 1.0539326694791913, 0.9000289482865567, 0.9000289482865567, 7.601962235127983, 0.7776701673803282, 4.830594311872077]
iteration = 1863.0 , objective = [3.82354176], inputs = [0.07329527 0.01       0.01       0.36624846 0.5        0.27
 2.         0.41227144 0.23580851 0.52947068 0.37494373 0.55923091
 0.0643653 ], constraints = [1.02104518249856, 1.6074975010300812, 1.02104518249856, 0.9000103899643253, 0.9000103899643253, 2.436688307132827, 0.6704631817022253, 4.851172781887652]
iteration = 1864.0 , objective = [3.94030184], inputs = [ 0.08908773  0.01        0.01        0.39835949  0.5         0.27
  2.          0.42744427  0.2388835   0.67057732  0.4573844   0.53428252
 -0.13890122], constraints = [1.0015810948757518, 1.2987746213660087, 1.0015810948757518, 0.9003185102373716, 0.9003185102373716, 5.277636936468539, 0.8560721911307828, 4.67897253677968]
iteration = 1865.0 , objective = [3.82309399], inputs = [0.0760733  0.01       0.01       0.37189708 0.5        0.27
 2.         0.41494048 0.23634942 0.55429261 0.38944579 0.55484226
 0.0286089 ], constraints = [1.0172736832543154, 1.5471482630845026, 1.0172736832543154, 0.9000186249625257, 0.9000186249625257, 2.325736432918239, 0.7019036132721753, 4.819968407577285]
iteration = 1866.0 , objective = [3.88487795], inputs = [0.07231201 0.01       0.01       0.37588329 0.5        0.27
 2.         0.42310207 0.23797729 0.53310518 0.37336758 0.57373374
 0.04701343], constraints = [1.0018608767818906, 1.4891317252660075, 1.0018608767818906, 0.9000920456630186, 0.9000920456630186, 1.468513275459503, 0.6507680470123146, 4.72699173371385]
iteration = 1867.0 , objective = [3.82815162], inputs = [0.07575603 0.01       0.01       0.37223332 0.5        0.27
 2.         0.41562892 0.23648674 0.55250542 0.38808957 0.55643579
 0.03016135], constraints = [1.0158289620903407, 1.542067898823177, 1.0158289620903407, 0.9000177170350591, 0.9000177170350591, 2.233016791768194, 0.6974561644848812, 4.81198467556383]
iteration = 1868.0 , objective = [3.88459328], inputs = [0.07837683 0.01       0.01       0.37629339 0.5        0.27
 2.         0.43964873 0.24127438 0.53575507 0.36564314 0.59485262
 0.04011925], constraints = [1.004593718345374, 1.4889434452356793, 1.004593718345374, 0.9007740072625802, 0.9007740072625802, 1.4612172118835232, 0.6146785334454231, 4.549086238126123]
iteration = 1869.0 , objective = [3.85041671], inputs = [0.07680053 0.01       0.01       0.37385142 0.5        0.27
 2.         0.42520179 0.23839481 0.54582972 0.37914376 0.57174645
 0.03412997], constraints = [1.0102632681193788, 1.5193018113651133, 1.0102632681193788, 0.9001365579784878, 0.9001365579784878, 1.868246282417204, 0.6631326893027062, 4.703649097843758]
iteration = 1870.0 , objective = [3.8962489], inputs = [0.08313352 0.01       0.01       0.37883905 0.5        0.27
 2.         0.45504026 0.24402764 0.54330309 0.35811571 0.61554345
 0.0293589 ], constraints = [1.0029512113787373, 1.4636669815151935, 1.0029512113787373, 0.9011298422321737, 0.9011298422321737, 1.3282887531589944, 0.5817878573931851, 4.395215521840892]
iteration = 1871.0 , objective = [3.90594676], inputs = [0.09153237 0.01       0.01       0.37937747 0.5        0.27
 2.         0.47959025 0.24766246 0.54583351 0.33995487 0.65579278
 0.02434223], constraints = [1.0023918922290291, 1.4578300171703542, 1.0023918922290291, 0.9006692106042254, 0.9006692106042254, 1.2244648513927312, 0.5183876451274303, 4.170226520637892]
iteration = 1872.0 , objective = [3.90398412], inputs = [0.09847375 0.01       0.01       0.38046188 0.5        0.27
 2.         0.49479973 0.24963792 0.55162252 0.34286721 0.68467236
 0.01028057], constraints = [1.0007889928526161, 1.4459918061266477, 1.0007889928526161, 0.900231602952487, 0.900231602952487, 1.2097035921584376, 0.5007755937142534, 4.042039374693534]
iteration = 1873.0 , objective = [3.90274925], inputs = [0.10167429 0.01       0.01       0.38146892 0.5        0.27
 2.         0.50881464 0.25144529 0.55648972 0.35727171 0.71449716
 0.00388913], constraints = [1.0005873645385162, 1.43678990719589, 1.0005873645385162, 0.9001828995037058, 0.9001828995037058, 1.207100441646709, 0.5000323751163818, 3.9307044766795234]
iteration = 1874.0 , objective = [3.8999935], inputs = [0.10398194 0.01       0.01       0.38218809 0.5        0.27
 2.         0.53387856 0.25453052 0.56510649 0.38572761 0.77145152
 0.00386576], constraints = [1.0019497608105519, 1.4320248277347123, 1.0019497608105519, 0.9005369482037717, 0.9005369482037717, 1.2180929223815844, 0.5000023901747738, 3.746170272182426]
iteration = 1875.0 , objective = [3.89201531], inputs = [0.10364376 0.01       0.01       0.38262869 0.5        0.27
 2.         0.59010243 0.26057013 0.59109636 0.45665072 0.91330075
 0.01912462], constraints = [1.0089452370109437, 1.4364383781443837, 1.0089452370109437, 0.902280912831547, 0.902280912831547, 1.2821603313800307, 0.500000371229794, 3.3892420870160382]
iteration = 1876.0 , objective = [3.88933567], inputs = [0.09434443 0.01       0.01       0.3823179  0.5        0.27
 2.         0.63958099 0.26388002 0.63126985 0.52951566 1.05903121
 0.05133043], constraints = [1.0053494133693082, 1.4335056316455064, 1.0053494133693082, 0.9013646327928971, 0.9013646327928971, 1.2525263386582504, 0.5000000510839397, 3.1270473056870154]
iteration = 1877.0 , objective = [3.88737185], inputs = [0.08204238 0.01       0.01       0.38075373 0.5        0.27
 2.         0.66442166 0.2649956  0.66987477 0.59005945 1.1801189
 0.08990492], constraints = [1.0023694572916213, 1.4424119889816367, 1.0023694572916213, 0.9002818969763836, 0.9002818969763836, 1.227708198936664, 0.5000000052415366, 3.0101366822374906]
iteration = 1878.0 , objective = [3.88604824], inputs = [0.07090937 0.01       0.01       0.37882768 0.5        0.27
 2.         0.66262562 0.26479397 0.70376793 0.63591496 1.27182991
 0.12346272], constraints = [1.0009035351129205, 1.4569880305715557, 1.0009035351129205, 0.9000013468695628, 0.9000013468695628, 1.213102066034217, 0.5000000003779645, 3.0182956108112524]
iteration = 1879.0 , objective = [3.88396061], inputs = [0.06037986 0.01       0.01       0.37625899 0.5        0.27
 2.         0.6308822  0.26298235 0.73774628 0.67505599 1.35011199
 0.15474463], constraints = [1.0004904370847432, 1.479397332218557, 1.0004904370847432, 0.9004513706324716, 0.9004513706324716, 1.2073452113849479, 0.500000000021915, 3.170163951771067]
iteration = 1880.0 , objective = [3.88174378], inputs = [0.05198608 0.01       0.01       0.37296584 0.5        0.27
 2.         0.55474493 0.2576892  0.76794278 0.7005124  1.4010248
 0.17945212], constraints = [1.0004870875649616, 1.5103118716113584, 1.0004870875649616, 0.9032557398438827, 0.9032557398438827, 1.199412442505964, 0.5000000000007965, 3.605260515088321]
iteration = 1881.0 , objective = [3.88100905], inputs = [0.05442158 0.01       0.01       0.37284214 0.5        0.27
 2.         0.51605095 0.25267478 0.76365431 0.68779257 1.37558514
 0.17175288], constraints = [1.000254285783516, 1.5116684985275235, 1.000254285783516, 0.9011328861745628, 0.9011328861745628, 1.2009278503895753, 0.4999999999999854, 3.875586340008062]
iteration = 1882.0 , objective = [3.88092044], inputs = [0.05757309 0.01       0.01       0.37354484 0.5        0.27
 2.         0.51467424 0.25210673 0.75595563 0.67613881 1.35227763
 0.16182006], constraints = [1.0000477662980813, 1.505041442273312, 1.0000477662980813, 0.9000013466177812, 0.9000013466177812, 1.201070619475204, 0.4999999999999854, 3.8859531473212328]
iteration = 1883.0 , objective = [3.88101768], inputs = [0.05770966 0.01       0.01       0.37365383 0.5        0.27
 2.         0.51590591 0.25225656 0.75590587 0.67547854 1.35095708
 0.16117839], constraints = [0.9999999164258195, 1.5039795663720972, 0.9999999164258195, 0.9000013097015485, 0.9000013097015485, 1.2000087854405623, 0.49999999999998535, 3.8766758768260052]
iteration = 1884.0 , objective = [3.88101427], inputs = [0.05766826 0.01       0.01       0.37371515 0.5        0.27
 2.         0.51652706 0.25233143 0.75637327 0.67498057 1.34996113
 0.16104898], constraints = [0.9999999659173545, 1.503419352891603, 0.9999999659173545, 0.9000003314833979, 0.9000003314833979, 1.2000065700474756, 0.49999999999998535, 3.8720139502091038]
iteration = 1885.0 , objective = [3.88099506], inputs = [0.05723427 0.01       0.01       0.37385524 0.5        0.27
 2.         0.51797779 0.25250672 0.75846561 0.67283909 1.34567818
 0.16139378], constraints = [1.0000053301707277, 1.5021491824410178, 1.0000053301707277, 0.9000018001491248, 0.9000018001491248, 1.2000742086817016, 0.4999999999999854, 3.86116945067201]
iteration = 1886.0 , objective = [3.8809324], inputs = [0.05542937 0.01       0.01       0.37408968 0.5        0.27
 2.         0.52036378 0.25279247 0.76544291 0.66736194 1.33472388
 0.16410388], constraints = [1.000043837864675, 1.5000661766122578, 1.000043837864675, 0.9000048283549903, 0.9000048283549903, 1.2004994716451822, 0.49999999999998546, 3.8434650118500615]
iteration = 1887.0 , objective = [3.88060907], inputs = [0.04886653 0.01       0.01       0.37453605 0.5        0.27
 2.         0.52488348 0.25332678 0.78878973 0.65209674 1.30419348
 0.17546039], constraints = [1.000388554381568, 1.4964686529834592, 1.000388554381568, 0.900017068362678, 0.900017068362678, 1.2042269512186414, 0.49999999999998546, 3.810369475338528]
iteration = 1888.0 , objective = [3.87377455], inputs = [0.01432785 0.01       0.01       0.3762142  0.5        0.27
 2.         0.53982685 0.25505317 0.90625104 0.576858   1.15371599
 0.23671315], constraints = [1.0116240796099185, 1.496183538726533, 1.0116240796099185, 0.9001795212165635, 0.9001795212165635, 1.328354961175605, 0.49999999999998546, 3.7048916410029453]
iteration = 1889.0 , objective = [3.87903198], inputs = [0.03239414 0.01       0.01       0.3753364  0.5        0.27
 2.         0.53201036 0.25415014 0.84481006 0.61621344 1.23242688
 0.20467341], constraints = [1.002655691225241, 1.4922426045685284, 1.002655691225241, 0.9000502800105101, 0.9000502800105101, 1.2285356203070676, 0.4999999999999854, 3.7593252710672833]
iteration = 1890.0 , objective = [3.87348292], inputs = [-0.00844289  0.01        0.01        0.37654804  0.5         0.27
  2.          0.54692988  0.25580104  0.97651001  0.55249694  1.10499388
  0.27962056], constraints = [1.0114311851574578, 1.492848268504123, 1.0114311851574578, 0.900172947593065, 0.900172947593065, 1.3245879540627326, 0.4999999999999855, 3.6567758804005024]
iteration = 1891.0 , objective = [3.8780992], inputs = [0.01359217 0.01       0.01       0.37589426 0.5        0.27
 2.         0.53887953 0.25491024 0.90544667 0.58687742 1.17375484
 0.23918019], constraints = [1.0036987784084113, 1.4885619966919927, 1.0036987784084113, 0.9000642708426635, 0.9000642708426635, 1.2395768603381427, 0.49999999999998546, 3.7114046602961857]
iteration = 1892.0 , objective = [3.86301147], inputs = [-0.06666366  0.01        0.01        0.37686473  0.5         0.27
  2.          0.55657253  0.25679897  1.16061456  0.50669097  1.01338194
  0.39307151], constraints = [1.0283314203261604, 1.5122575120471518, 1.0283314203261604, 0.9002342881697694, 0.9002342881697694, 1.5266565509402659, 0.4999999999999855, 3.5934220380649053]
iteration = 1893.0 , objective = [3.8750344], inputs = [-0.02349066  0.01        0.01        0.37634267  0.5         0.27
  2.          0.54705472  0.25578294  1.02334896  0.54982665  1.09965331
  0.31028686], constraints = [1.0075350417697846, 1.4894917962537937, 1.0075350417697846, 0.9000853648977026, 0.9000853648977026, 1.2808173762790478, 0.49999999999998546, 3.6559414183854555]
iteration = 1894.0 , objective = [3.84524589], inputs = [-0.16373298  0.01        0.01        0.37654921  0.5         0.27
  2.          0.57810199  0.25897116  1.45774842  0.46030249  0.92060498
  0.58444901], constraints = [1.0585645975467088, 1.5555584354002334, 1.0585645975467088, 0.9006790506929057, 0.9006790506929057, 1.969669067376652, 0.49999999999998557, 3.459597182921165]
iteration = 1895.0 , objective = [3.8689164], inputs = [-0.08711304  0.01        0.01        0.37643637  0.5         0.27
  2.          0.56113963  0.25722931  1.22041876  0.50921309  1.01842618
  0.43466335], constraints = [1.0150173799696092, 1.4983220245355413, 1.0150173799696092, 0.9001902201847994, 0.9001902201847994, 1.365930324360752, 0.4999999999999855, 3.5641752751821634]
iteration = 1896.0 , objective = [3.8732571], inputs = [-0.05743058  0.01        0.01        0.37639266  0.5         0.27
  2.          0.55456844  0.25655452  1.1284776   0.52816099  1.05632198
  0.3766366 ], constraints = [1.0086996163090896, 1.4904473926312847, 1.0086996163090896, 0.9001060001349974, 0.9001060001349974, 1.2939816005948237, 0.4999999999999855, 3.60640789440172]
iteration = 1897.0 , objective = [3.86185918], inputs = [-0.18497829  0.01        0.01        0.37529069  0.5         0.27
  2.          0.5609703   0.2571558   1.52707171  0.48713785  0.9742757
  0.63264328], constraints = [1.0210260545752685, 1.516546758721903, 1.0210260545752685, 0.9000289818076421, 0.9000289818076421, 1.442713409258249, 0.4999999999999855, 3.565251109900963]
iteration = 1898.0 , objective = [3.86933742], inputs = [-0.1321025   0.01        0.01        0.37574752  0.5         0.27
  2.          0.55831637  0.25690653  1.36183173  0.50414428  1.00828856
  0.52651392], constraints = [1.0105831447922067, 1.4985408400241287, 1.0105831447922067, 0.9000539189569465, 0.9000539189569465, 1.3171178370172127, 0.49999999999998557, 3.582198408015632]
iteration = 1899.0 , objective = [3.87093654], inputs = [-0.19988981  0.01        0.01        0.37424621  0.5         0.27
  2.          0.54118483  0.25521007  1.57079633  0.49508021  0.99016042
  0.66426128], constraints = [1.0023283864103036, 1.5012043390607501, 1.0023283864103036, 0.9002116359906841, 0.9002116359906841, 1.2295663273852298, 0.49999999999998546, 3.695595080056407]
iteration = 1900.0 , objective = [3.87247734], inputs = [-0.20122568  0.01        0.01        0.37365345  0.5         0.27
  2.          0.51114839  0.25192754  1.57079633  0.48974527  0.97949053
  0.66510814], constraints = [1.0002050836969356, 1.5042513129305062, 1.0002050836969356, 0.9007215388582547, 0.9007215388582547, 1.2012506063797495, 0.4999999999999855, 3.9127580934827395]
iteration = 1901.0 , objective = [3.87259093], inputs = [-0.20162614  0.01        0.01        0.37378084  0.5         0.27
  2.          0.51277152  0.25187375  1.57079633  0.48814822  0.97629645
  0.66518769], constraints = [1.0000094091019915, 1.5027807673061526, 1.0000094091019915, 0.9000022694000392, 0.9000022694000392, 1.2001228846077836, 0.49999999999998546, 3.9003726443658397]
iteration = 1902.0 , objective = [3.87254619], inputs = [-0.20214674  0.01        0.01        0.37399001  0.5         0.27
  2.          0.51473644  0.25211503  1.57079633  0.48543027  0.97033836
  0.66456214], constraints = [1.0000371597294357, 1.5009288420752431, 1.0000371597294357, 0.9000033599749682, 0.9000033599749682, 1.2004229281964136, 0.5002690656697802, 3.8854836180567722]
iteration = 1903.0 , objective = [3.8725451], inputs = [-0.20199004  0.01        0.01        0.3741839   0.5         0.27
  2.          0.51606795  0.25227628  1.57079633  0.48334596  0.96669388
  0.66297874], constraints = [1.0000103006210275, 1.499138824174319, 1.0000103006210275, 0.9000015300472969, 0.9000015300472969, 1.2001298949878436, 0.49999898560833755, 3.8754586329836465]
iteration = 1904.0 , objective = [3.87254495], inputs = [-0.20180048  0.01        0.01        0.37431814  0.5         0.27
  2.          0.51566381  0.25222677  1.57079633  0.48264501  0.96529001
  0.66182226], constraints = [1.000001147485063, 1.4979240375601641, 1.000001147485063, 0.9000001404088043, 0.9000001404088043, 1.200041364096954, 0.5000000014752802, 3.8784959327977577]
iteration = 1905.0 , objective = [3.8725485], inputs = [-0.20175113  0.01        0.01        0.37429521  0.5         0.27
  2.          0.51557363  0.25221577  1.57079633  0.48305448  0.96610897
  0.66194448], constraints = [1.0000003265876847, 1.4981271433647605, 1.0000003265876847, 0.9000000070022356, 0.9000000070022356, 1.2000075564821122, 0.5000000000012507, 3.8791743408578854]
iteration = 1906.0 , objective = [3.8725489], inputs = [-0.2017351   0.01        0.01        0.37428899  0.5         0.27
  2.          0.51548     0.25220439  1.57079633  0.48315828  0.96631656
  0.66196512], constraints = [0.9999997039210505, 1.498182702436214, 0.9999997039210505, 0.9000000075519666, 0.9000000075519666, 1.2000004876108674, 0.5000000000000002, 3.87987894798814]
iteration = 1907.0 , objective = [3.87254893], inputs = [-0.20173462  0.01        0.01        0.37428915  0.5         0.27
  2.          0.51547924  0.2522043   1.57079633  0.48315845  0.9663169
  0.66196356], constraints = [0.999999660210144, 1.498181230680331, 0.999999660210144, 0.900000000000497, 0.900000000000497, 1.2000000000699371, 0.5000000000000002, 3.879884663448594]
