iteration = 1214.0 , objective = [3.82518819], inputs = [0.01       0.01       0.01       0.5        0.5        0.135
 2.         1.         0.0675     0.52359878 1.         0.5
 0.31415927], constraints = [1.3807998149881, 1.023760347135665, 1.3807998149881, 0.4811030397324907, 0.4811030397324907, 1790.6600433120498, 2.0, 2.0]
iteration = 1215.0 , objective = [3.82519063], inputs = [0.01000058 0.00999942 0.01000058 0.49999942 0.50000058 0.13499942
 1.99999942 0.99999942 0.06750058 0.52359819 1.00000058 0.49999942
 0.31415985], constraints = [1.380808051719817, 1.0237749993791632, 1.380808051719817, 0.48110874266385734, 0.48110874266385734, 1790.7811180345186, 2.000003493596646, 2.000000582281296]
iteration = 1216.0 , objective = [3.27833082], inputs = [0.02958388 0.01       0.01       0.3        0.5        0.27
 2.         0.99486286 0.10711637 0.56984472 1.00679287 0.5033115
 0.28330222], constraints = [0.7636265038402504, 1.7266186141870918, 0.7636265038402504, 0.38928506995082984, 0.38928506995082984, 533.241839877504, 2.0003375182381866, 2.010327332964669]
iteration = 1217.0 , objective = [nan], inputs = [-0.38674921  0.01        0.16717719  0.56012312  0.83485745  0.27
  2.          0.99762251  0.08046989  0.50563516  0.98783187  0.58734026
  0.09382146], constraints = [-3.766307580080416, -3.4218296159578387, -3.766307580080416, 0.2987023955286495, 0.2987023955286495, 69771928.10015692, 1.6818732481666712, 2.0047663120845423]
iteration = 1218.0 , objective = [3.10748109], inputs = [-0.01204943  0.01        0.02571772  0.32601231  0.53348574  0.27
  2.          0.99513882  0.10445173  0.56342377  1.00489677  0.51171437
  0.26435414], constraints = [0.7407386109785751, 1.7382660556596248, 0.7407386109785751, 0.38034375456604025, 0.38034375456604025, 129.79488027891944, 1.9637845313010314, 2.0097698429473283]
iteration = 1219.0 , objective = [nan], inputs = [-0.34845083  0.01        0.17588741  0.7         0.85        0.2316263
  1.99741788  1.00322853  0.06574152  0.52117934  0.99047624  0.58344969
  0.10049771], constraints = [-3.938323362490242, -1.6417387355195978, -3.938323362490242, 0.28528876062801356, 0.28528876062801356, 11021998.437711336, 1.697620648309, 1.9909899145724388]
iteration = 1220.0 , objective = [2.77497757], inputs = [-0.04568957  0.01        0.04073469  0.36341108  0.56513717  0.26616263
  1.99974179  0.9959478   0.1005807   0.55919932  1.00345471  0.5188879
  0.2479685 ], constraints = [0.7234254143334067, 1.6623744482629075, 0.7234254143334067, 0.37218311566500817, 0.37218311566500817, 24.98369007660212, 1.933856442153012, 2.007878121315506]
iteration = 1221.0 , objective = [2.52477272], inputs = [-0.02443624  0.01        0.02205213  0.33940585  0.56631776  0.27
  2.          0.92895794  0.25599137  0.65966673  1.01278559  0.53818858
  0.1597832 ], constraints = [0.897832634505519, 2.3071789895645605, 0.897832634505519, 0.8525774342807744, 0.8525774342807744, 16.349494495910136, 1.8818414625728228, 2.1529500083275535]
iteration = 1222.0 , objective = [nan], inputs = [-0.25930185  0.01        0.12199444  0.7         0.85        0.27
  2.          0.80242299  0.27        0.82982815  1.0319792   0.61065001
 -0.1608597 ], constraints = [-4.526673974180335, -2.5964277306070804, -4.526673974180335, 0.8989379332594224, 0.8989379332594224, 79379535.74958628, 1.6899683810616517, 2.4924510150806243]
iteration = 1223.0 , objective = [2.78547734], inputs = [-0.0479228   0.01        0.03204636  0.37546526  0.59468599  0.27
  2.          0.91630444  0.25739223  0.67668287  1.01470495  0.54543473
  0.12771891], constraints = [0.8713415199871217, 2.1517990843660537, 0.8713415199871217, 0.8570344412919263, 0.8570344412919263, 4.129392446832714, 1.8603600106721931, 2.1826806743213485]
iteration = 1224.0 , objective = [2.39568243], inputs = [-0.02998397  0.01        0.02441285  0.34792341  0.57301859  0.27
  2.          0.92596907  0.25632227  0.66368609  1.01323896  0.53990019
  0.15220933], constraints = [0.8982852213313703, 2.278250603065996, 0.8982852213313703, 0.8536274134454939, 0.8536274134454939, 12.065974234038155, 1.8767153336530369, 2.1598993639835022]
iteration = 1225.0 , objective = [2.96216], inputs = [-0.04598028  0.01        0.02425223  0.38435212  0.59480742  0.27
  2.          0.87273415  0.27        0.65481938  1.01572823  0.52911365
  0.13779307], constraints = [0.9806150804761724, 2.2004678600845353, 0.9806150804761724, 0.8947045354988897, 0.8947045354988897, 4.4811396209069425, 1.9196787367088644, 2.291648607024802]
iteration = 1226.0 , objective = [2.9998924], inputs = [-0.05237704  0.01        0.01844177  0.38205563  0.58539535  0.27
  2.          0.844392    0.27        0.56165742  0.99234765  0.51513096
  0.22099722], constraints = [0.9996201096182952, 2.1428938753719486, 0.9996201096182952, 0.8961945022398526, 0.8961945022398526, 2.6095204821997258, 1.9263987785417038, 2.3685681410937716]
iteration = 1227.0 , objective = [3.12619655], inputs = [-0.05119033  0.01        0.01633644  0.38569738  0.58410503  0.27
  2.          0.80180336  0.27        0.49610356  0.97253573  0.5302342
  0.2615024 ], constraints = [1.004502138296499, 2.087032588440168, 1.004502138296499, 0.8989838042249215, 0.8989838042249215, 1.6704912071964129, 1.8341625982909289, 2.4943771752228483]
iteration = 1228.0 , objective = [3.19937704], inputs = [-0.04666982  0.01        0.01742571  0.39000926  0.58774279  0.27
  2.          0.77131928  0.26955816  0.48727934  0.96873304  0.54196292
  0.2493699 ], constraints = [1.0000692375440798, 2.0713341239851606, 1.0000692375440798, 0.9002132709486271, 0.9002132709486271, 1.2637591230905394, 1.7874526140622884, 2.592959961941032]
iteration = 1229.0 , objective = [3.20198913], inputs = [-0.03934406  0.01        0.01756286  0.38939384  0.58771534  0.27
  2.          0.74613861  0.26869103  0.47433178  0.96144597  0.55666856
  0.24434323], constraints = [1.0009079680710884, 2.0817793680312167, 1.0009079680710884, 0.9001671810327889, 0.9001671810327889, 1.2093682455029233, 1.727142569471225, 2.6804671188437683]
iteration = 1230.0 , objective = [3.06586948], inputs = [0.04407502 0.01       0.01966582 0.37214744 0.58277947 0.27
 2.         0.51014354 0.26007896 0.3577782  0.88795858 0.71817107
 0.1799944 ], constraints = [1.0767732893716173, 2.414293134314772, 1.0767732893716173, 0.9240078746339628, 0.9240078746339628, 2.1602165806915883, 1.236416515473394, 3.9204651814992917]
iteration = 1231.0 , objective = [3.02516535], inputs = [0.03444988 0.01       0.02383745 0.37431209 0.58731334 0.27
 2.         0.53933978 0.25516637 0.40398708 0.90124558 0.69994813
 0.1561565 ], constraints = [1.0032043090580487, 2.323863224435672, 1.0032043090580487, 0.9006469801238972, 0.9006469801238972, 1.4591140182623077, 1.287589098158552, 3.7082375369741714]
iteration = 1232.0 , objective = [3.04590434], inputs = [0.07077633 0.01       0.0312379  0.37416732 0.59433498 0.27
 2.         0.38769486 0.2385908  0.38538089 0.86120778 0.77890038
 0.08671547], constraints = [1.0099988123834982, 2.4750651323544077, 1.0099988123834982, 0.9229398066139867, 0.9229398066139867, 1.3224093712584493, 1.1056712809598384, 5.158696214326495]
iteration = 1233.0 , objective = [3.03335167], inputs = [0.05445936 0.01       0.02791379 0.37423235 0.59118103 0.27
 2.         0.45581013 0.24603615 0.39373835 0.8791918  0.74343692
 0.11790672], constraints = [1.0044870546609332, 2.401322073277706, 1.0044870546609332, 0.9064561743176572, 0.9064561743176572, 1.3553102311011234, 1.182604440694918, 4.387791955987652]
iteration = 1234.0 , objective = [3.05928587], inputs = [0.0569725  0.01       0.03023659 0.37548779 0.5928768  0.27
 2.         0.42123435 0.23808917 0.38542114 0.86166343 0.76014953
 0.11720315], constraints = [1.0006911786568766, 2.414256700551764, 1.0006911786568766, 0.9014346209267801, 0.9014346209267801, 1.2134676913205045, 1.1335446460790568, 4.74795087126219]
iteration = 1235.0 , objective = [3.04800141], inputs = [0.07343949 0.01       0.03555369 0.3731202  0.59487441 0.27
 2.         0.3511688  0.22397822 0.35897317 0.82241217 0.81614868
 0.10482204], constraints = [1.0062617891121965, 2.5217277898391495, 1.0062617891121965, 0.9075108403898283, 0.9075108403898283, 1.2593010361289356, 1.007674444364156, 5.695266832842387]
iteration = 1236.0 , objective = [3.05082085], inputs = [0.06978569 0.01       0.03559501 0.37352362 0.59502295 0.27
 2.         0.36461517 0.22502926 0.36166553 0.81924266 0.81471364
 0.11181076], constraints = [1.0000126633343487, 2.505322181416309, 1.0000126633343487, 0.9003395368424774, 0.9003395368424774, 1.2015264896056148, 1.0055590402476775, 5.485235286366418]
iteration = 1237.0 , objective = [3.04539497], inputs = [0.06953562 0.01       0.03578379 0.37284661 0.59551397 0.27
 2.         0.38565204 0.230303   0.36321841 0.80740921 0.82667547
 0.11663299], constraints = [1.000066466004804, 2.521101428485737, 1.000066466004804, 0.9007649639121134, 0.9007649639121134, 1.2004308707906874, 0.9766942911939102, 5.1860220771846945]
iteration = 1238.0 , objective = [3.02654062], inputs = [0.07894876 0.01       0.04024556 0.37081132 0.60065762 0.27
 2.         0.44183421 0.24302763 0.36838707 0.74350492 0.90797695
 0.11515246], constraints = [1.002496174637558, 2.643380952346514, 1.002496174637558, 0.9046495827218104, 0.9046495827218104, 1.2224646256623524, 0.818858808157777, 4.526584768959447]
iteration = 1239.0 , objective = [3.01599343], inputs = [0.09410453 0.01       0.04736497 0.37038833 0.60827008 0.27
 2.         0.47094832 0.24649464 0.37750713 0.67774014 1.00237028
 0.09478733], constraints = [1.0024815892752086, 2.787845127743576, 1.0024815892752086, 0.9009987614913082, 0.9009987614913082, 1.2258049420116217, 0.6761375064039803, 4.246750482666957]
iteration = 1240.0 , objective = [2.99642916], inputs = [0.12160759 0.01       0.05808364 0.37014929 0.62057188 0.27
 2.         0.5053614  0.25136669 0.40044717 0.59442097 1.14026505
 0.04332609], constraints = [1.003185286102415, 3.017992823258428, 1.003185286102415, 0.9011977566589432, 0.9011977566589432, 1.238242370584184, 0.5213006986254897, 3.957563802235162]
iteration = 1241.0 , objective = [2.98837691], inputs = [0.1322358  0.01       0.06106755 0.37073915 0.62442347 0.27
 2.         0.49701617 0.24987549 0.41175346 0.58713221 1.17287519
 0.01451424], constraints = [0.9999247154110122, 3.072184074837976, 0.9999247154110122, 0.9000631941241797, 0.9000631941241797, 1.211546103749155, 0.5005922358080923, 4.0240139432727755]
iteration = 1242.0 , objective = [2.98956981], inputs = [0.1336506  0.01       0.06169602 0.37073575 0.62490035 0.27
 2.         0.47534016 0.24696333 0.41364679 0.58932551 1.17864419
 0.0102896 ], constraints = [1.0000533718035713, 3.084998598487335, 1.0000533718035713, 0.9004585718115584, 0.9004585718115584, 1.2003849587253712, 0.500002898761123, 4.207513242664902]
iteration = 1243.0 , objective = [2.98750155], inputs = [0.13366143 0.01       0.06272764 0.37006014 0.62492434 0.27
 2.         0.43418859 0.2406886  0.4144438  0.59388682 1.18777359
 0.01128366], constraints = [1.0002265669486805, 3.107209199181786, 1.0002265669486805, 0.9018956650976113, 0.9018956650976113, 1.198936155283401, 0.5000000222803085, 4.606293342467143]
iteration = 1244.0 , objective = [2.98738918], inputs = [0.13221642 0.01       0.06296682 0.3700288  0.62495874 0.27
 2.         0.43251256 0.23971475 0.41578693 0.59595225 1.19190451
 0.01533864], constraints = [0.9999991907128111, 3.109118670926831, 0.9999991907128111, 0.9000027445265222, 0.9000027445265222, 1.2001763856102559, 0.5000000000772195, 4.6241431730282825]
iteration = 1245.0 , objective = [2.98195532], inputs = [0.12268651 0.01       0.06445163 0.36893557 0.62580759 0.27
 2.         0.42355929 0.23806959 0.43493014 0.61742821 1.23485641
 0.04179447], constraints = [0.9999675492461634, 3.148487178708995, 0.9999675492461634, 0.9001046501504023, 0.9001046501504023, 1.2027020742813592, 0.5000000000026859, 4.721889100502594]
iteration = 1246.0 , objective = [2.97098725], inputs = [0.09949255 0.01       0.0687408  0.36698751 0.62965533 0.27
 2.         0.4156078  0.23650655 0.49487644 0.68008234 1.36016468
 0.1034235 ], constraints = [0.9997962996801331, 3.260538779030899, 0.9997962996801331, 0.9000859977604815, 0.9000859977604815, 1.207034237647507, 0.5000000000002474, 4.812229257306126]
iteration = 1247.0 , objective = [2.96062073], inputs = [0.07817698 0.01       0.07356702 0.3657458  0.63507588 0.27
 2.         0.41743306 0.23684061 0.56479801 0.75       1.5
 0.15754692], constraints = [1.0000159117840954, 3.3873086595911226, 1.0000159117840954, 0.9000046478748138, 0.9000046478748138, 1.2035450012669162, 0.5000000000002475, 4.7911873982200985]
iteration = 1248.0 , objective = [2.95307851], inputs = [0.06796263 0.01       0.07137518 0.36597168 0.63389061 0.27
 2.         0.44036283 0.24137483 0.58221925 0.79406473 1.5
 0.17613229], constraints = [1.0006841458487659, 3.3500789336796224, 1.0006841458487659, 0.9007004475301934, 0.9007004475301934, 1.210299825970968, 0.5293764860090987, 4.541709401296092]
iteration = 1249.0 , objective = [2.94092353], inputs = [0.03538711 0.01       0.06633895 0.36657796 0.63000748 0.27
 2.         0.45309697 0.24337761 0.62834553 0.91646233 1.5
 0.23829953], constraints = [1.0041570156835913, 3.2538349208434543, 1.0041570156835913, 0.9001971229551282, 0.9001971229551282, 1.2769850812688843, 0.6109748882266105, 4.414066158720662]
iteration = 1250.0 , objective = [2.94577795], inputs = [0.04740405 0.01       0.06819679 0.36635431 0.63143994 0.27
 2.         0.44839941 0.24263879 0.61132979 0.87131049 1.5
 0.21536636], constraints = [1.0019256799094545, 3.287214557039896, 1.0019256799094545, 0.9003375083458666, 0.9003375083458666, 1.2335190082248246, 0.5808736630905719, 4.4603091548164056]
iteration = 1251.0 , objective = [2.94886294], inputs = [0.037687   0.01       0.06705258 0.36674518 0.6305468  0.27
 2.         0.44515446 0.24196879 0.62480497 0.89936108 1.5
 0.23373349], constraints = [1.0002666938335851, 3.256677592119937, 1.0002666938335851, 0.900012518393497, 0.900012518393497, 1.2048766128934263, 0.5995740512413233, 4.492822517403202]
iteration = 1252.0 , objective = [2.94931386], inputs = [0.03530572 0.01       0.06680735 0.36668093 0.63019864 0.27
 2.         0.4419616  0.24141353 0.62725955 0.90384827 1.5
 0.23908486], constraints = [1.0000093208423644, 3.250935324805703, 1.0000093208423644, 0.9000123961567835, 0.9000123961567835, 1.2001278320150126, 0.6025655130701043, 4.5252799976999585]
iteration = 1253.0 , objective = [2.94844777], inputs = [0.01938566 0.01       0.06480627 0.36632775 0.62789038 0.27
 2.         0.43360256 0.23994409 0.64529693 0.93892665 1.5
 0.27424886], constraints = [1.000464359140205, 3.212264322448591, 1.000464359140205, 0.9000870452554667, 0.9000870452554667, 1.20607956819691, 0.6259510968719125, 4.612518846284668]
iteration = 1254.0 , objective = [2.94842303], inputs = [0.00998901 0.01       0.0634776  0.36618026 0.62657308 0.27
 2.         0.43413623 0.24001089 0.65777273 0.95507777 1.5
 0.29497527], constraints = [1.0001475425144415, 3.1863784873391277, 1.0001475425144415, 0.9000003659859622, 0.9000003659859622, 1.2020671552519622, 0.6367185158378591, 4.60684892035564]
iteration = 1255.0 , objective = [2.94683076], inputs = [-0.0152418   0.01        0.05963814  0.36589525  0.62301475  0.27
  2.          0.43701942  0.24053601  0.69484792  0.99813814  1.5
  0.34977724], constraints = [1.0011770635274588, 3.1168879759943464, 1.0011770635274588, 0.9000105574393075, 0.9000105574393075, 1.215459789923504, 0.6654254277145463, 4.576455627706342]
iteration = 1256.0 , objective = [2.94511486], inputs = [-0.04698483  0.01        0.05428289  0.36555568  0.61836966  0.27
  2.          0.44312365  0.24162862  0.75048004  1.03310052  1.5
  0.4187419 ], constraints = [1.0014599229964034, 3.0216416293512527, 1.0014599229964034, 0.9000464230386507, 0.9000464230386507, 1.2194852464232118, 0.6887336795363453, 4.513412854253565]
iteration = 1257.0 , objective = [2.94115116], inputs = [-0.10055555  0.01        0.04459703  0.36504412  0.61022948  0.27
  2.          0.44804386  0.24246966  0.85671412  1.07096058  1.5
  0.53459318], constraints = [1.0030371434470093, 2.856233365383491, 1.0030371434470093, 0.900029351905658, 0.900029351905658, 1.2417445976670713, 0.7139737228006563, 4.463848745145159]
iteration = 1258.0 , objective = [2.9403603], inputs = [-0.15566956  0.01        0.03329584  0.36439014  0.60105681  0.27
  2.          0.44848821  0.24253488  0.98558147  1.07068576  1.5
  0.65494102], constraints = [0.999951827646452, 2.6631852916906666, 0.999951827646452, 0.9000002360798973, 0.9000002360798973, 1.2052079772116016, 0.7137905061352164, 4.459425990706318]
iteration = 1259.0 , objective = [2.94073638], inputs = [-0.16379298  0.01        0.03114861  0.36443515  0.59943425  0.27
  2.          0.43842259  0.24082667  1.01257332  1.06613651  1.5
  0.67156501], constraints = [0.999916828854048, 2.6272546217117942, 0.999916828854048, 0.9001226473806757, 0.9001226473806757, 1.1996061039656731, 0.7107576743710262, 4.5618087033370704]
iteration = 1260.0 , objective = [2.93992648], inputs = [-0.16607605  0.01        0.02787875  0.36432645  0.59670369  0.27
  2.          0.42328224  0.23808296  1.03623528  1.03662042  1.48216447
  0.67559256], constraints = [0.9997059208120346, 2.572784474941144, 0.9997059208120346, 0.9002937135947202, 0.9002937135947202, 1.1955299165591127, 0.6993963493572675, 4.724979676998231]
iteration = 1261.0 , objective = [2.93889319], inputs = [-0.169274    0.01        0.01973237  0.36423546  0.59027965  0.27
  2.          0.40929233  0.2352906   1.08746538  0.96280817  1.43360996
  0.68020625], constraints = [0.99832435372765, 2.437119342250477, 0.99832435372765, 0.9002691612026337, 0.9002691612026337, 1.177075196842559, 0.671597014100668, 4.886483024048958]
iteration = 1262.0 , objective = [2.94691433], inputs = [-0.2205591   0.01       -0.01344615  0.36366561  0.56390431  0.27
  2.          0.3953808   0.23233142  1.31717539  0.76972903  1.27001296
  0.78293816], constraints = [0.9898217451303074, 1.9193018109225035, 0.9898217451303074, 0.9002848584627328, 0.9002848584627328, 1.0779662377297918, 0.6060796628721904, 5.058414581588367]
iteration = 1263.0 , objective = [2.93827574], inputs = [-0.19061701  0.01        0.00592467  0.36399831  0.57930319  0.27
  2.          0.40350285  0.2340591   1.1830624   0.88245559  1.36552679
  0.72295957], constraints = [0.9973259424793877, 2.2166521399136263, 0.9973259424793877, 0.9002058084663228, 0.9002058084663228, 1.162584750317619, 0.6462382139385984, 4.9565944834731805]
iteration = 1264.0 , objective = [2.93478422], inputs = [-0.17468315  0.01       -0.00652495  0.36425182  0.5706337   0.27
  2.          0.40753244  0.23484041  1.24028091  0.75405267  1.27580643
  0.68183902], constraints = [0.9954515221677351, 2.030668554189211, 0.9954515221677351, 0.9000239416093223, 0.9000239416093223, 1.146393166370279, 0.5910400278261901, 4.907584812118729]
iteration = 1265.0 , objective = [2.9214838], inputs = [-0.0690789   0.01        0.014605    0.36589156  0.59045367  0.27
  2.          0.43539658  0.24061912  1.04327103  0.74252581  1.33397359
  0.45431684], constraints = [1.013649924366179, 2.399967396168384, 1.013649924366179, 0.9010764320297731, 0.9010764320297731, 1.429976643397373, 0.5566270692085324, 4.593513338561818]
iteration = 1266.0 , objective = [2.93063057], inputs = [-1.34159467e-01  1.00000000e-02  1.58328151e-03  3.64881038e-01
  5.78239248e-01  2.70000000e-01  2.00000000e+00  4.18224789e-01
  2.37057881e-01  1.16468199e+00  7.49629447e-01  1.29812701e+00
  5.94531575e-01], constraints = [0.9992695448911858, 2.161903227018228, 0.9992695448911858, 0.9001778123203837, 0.9001778123203837, 1.1974136555936727, 0.5774700351862425, 4.782117299534719]
iteration = 1267.0 , objective = [2.92132978], inputs = [-0.23660386  0.01       -0.02617681  0.36355924  0.55542964  0.27
  2.          0.43384965  0.24007416  1.41094187  0.73697314  1.23029024
  0.81295126], constraints = [1.013408187445803, 1.795662225739127, 1.013408187445803, 0.9003281201564618, 0.9003281201564618, 1.3768424139215583, 0.5990238030185581, 4.609891881999555]
iteration = 1268.0 , objective = [2.92793866], inputs = [-0.17687252  0.01       -0.00999098  0.36432993  0.56872903  0.27
  2.          0.4247394   0.23831549  1.26735732  0.74435254  1.26984322
  0.68559924], constraints = [1.0018420704667834, 1.9972120354693466, 1.0018420704667834, 0.9001615799382546, 0.9001615799382546, 1.2273895021367478, 0.5861767253892245, 4.708769621991149]
iteration = 1269.0 , objective = [2.93081683], inputs = [-0.2220111   0.01       -0.02930196  0.36409266  0.55498031  0.27
  2.          0.45403564  0.24384902  1.43878957  0.69089209  1.23009975
  0.780046  ], constraints = [0.9966322761846336, 1.7339914055022452, 0.9966322761846336, 0.9010926110120252, 0.9010926110120252, 1.1579369351663282, 0.5616553408749928, 4.404940557423853]
iteration = 1270.0 , objective = [2.92850504], inputs = [-0.2026865   0.01       -0.0210346   0.36419424  0.56086638  0.27
  2.          0.44149342  0.24148002  1.36539647  0.71377943  1.24711461
  0.73961172], constraints = [0.9997032918704016, 1.8457597106997208, 0.9997032918704016, 0.9004339167156955, 0.9004339167156955, 1.1974408041621436, 0.5723446943134514, 4.530078886731962]
iteration = 1271.0 , objective = [2.92869299], inputs = [-0.2190005   0.01       -0.02887729  0.36416509  0.55539017  0.27
  2.          0.44732668  0.24235181  1.43803219  0.69269738  1.23543885
  0.7738209 ], constraints = [0.9991292696437726, 1.7433938335160173, 0.9991292696437726, 0.9000416360934487, 0.9000416360934487, 1.1893703748401478, 0.5606893291342674, 4.471005348583839]
iteration = 1272.0 , objective = [2.927805], inputs = [-0.23108005  0.01       -0.03664042  0.36410173  0.55014126  0.27
  2.          0.44683783  0.24225368  1.51125741  0.6699832   1.22730719
  0.7989898 ], constraints = [0.9987253132862814, 1.6455731476862792, 0.9987253132862814, 0.9000002847147585, 0.9000002847147585, 1.1849881021097284, 0.545896907279412, 4.475896731019965]
iteration = 1273.0 , objective = [2.92749144], inputs = [-0.23091856  0.01       -0.04534617  0.36395456  0.54392334  0.27
  2.          0.43747308  0.24065136  1.57079633  0.61958828  1.19243704
  0.79637823], constraints = [0.998048948822493, 1.5363790577557865, 0.998048948822493, 0.9001068887821473, 0.9001068887821473, 1.1758215565779784, 0.51959831830339, 4.571709862228273]
iteration = 1274.0 , objective = [2.92208484], inputs = [-0.19540234  0.01       -0.04148151  0.36438759  0.54784551  0.27
  2.          0.40792504  0.23531864  1.53554389  0.60264512  1.20480544
  0.71857841], constraints = [1.001348436677633, 1.5924253863240714, 1.001348436677633, 0.9011518109063008, 0.9011518109063008, 1.2308066064002479, 0.5002011940677841, 4.9028615931590025]
iteration = 1275.0 , objective = [2.92522259], inputs = [-0.21628752  0.01       -0.04375411  0.36413295  0.54553909  0.27
  2.          0.42530065  0.23845452  1.55627395  0.61260848  1.19753225
  0.7643283 ], constraints = [0.9990824057835093, 1.5587789823107947, 0.9990824057835093, 0.9002526772455289, 0.9002526772455289, 1.190789237818636, 0.5115590672954634, 4.702555691640571]
iteration = 1276.0 , objective = [2.92524461], inputs = [-0.21161816  0.01       -0.04655402  0.36423748  0.54379134  0.27
  2.          0.4275918   0.23880153  1.57079633  0.59155221  1.18343043
  0.75326606], constraints = [0.9996965684620623, 1.525542669284037, 0.9996965684620623, 0.9000069968425037, 0.9000069968425037, 1.1962522735171897, 0.499862261540227, 4.67735821246754]
iteration = 1277.0 , objective = [2.92499259], inputs = [-0.21130788  0.01       -0.04651773  0.36429719  0.5439986   0.27
  2.          0.43330517  0.23987407  1.57079633  0.59259793  1.18519634
  0.75263898], constraints = [1.0000060204127252, 1.5270582735877911, 1.0000060204127252, 0.9000425940336778, 0.9000425940336778, 1.2000128258847078, 0.49999979477364764, 4.615684619406691]
iteration = 1278.0 , objective = [2.92501266], inputs = [-0.21124668  0.01       -0.04646998  0.36430253  0.54405655  0.27
  2.          0.43368725  0.23992895  1.57079633  0.5930261   1.18605221
  0.7526066 ], constraints = [1.0000000463188055, 1.527743255808245, 1.0000000463188055, 0.9000001877532449, 0.9000001877532449, 1.2000052366494414, 0.4999999998519067, 4.611618188027364]
iteration = 1279.0 , objective = [2.92501158], inputs = [-0.21120859  0.01       -0.04640919  0.36429379  0.54411412  0.27
  2.          0.43371958  0.23993479  1.57079633  0.59358369  1.18716738
  0.75270356], constraints = [1.0000003482359758, 1.5286957023120418, 1.0000003482359758, 0.9000000013375217, 0.9000000013375217, 1.2000093118141737, 0.49999999999986094, 4.6112743737976345]
iteration = 1280.0 , objective = [2.92501192], inputs = [-0.21122119  0.01       -0.04638853  0.36428596  0.54412688  0.27
  2.          0.43358603  0.2399104   1.57079633  0.59377853  1.18755707
  0.75281677], constraints = [0.9999997458539897, 1.5290296466825517, 0.9999997458539897, 0.9000000228120768, 0.9000000228120768, 1.2000012334421086, 0.499999999999861, 4.612694738014422]
iteration = 1281.0 , objective = [2.92501201], inputs = [-0.21123273  0.01       -0.0463875   0.3642835   0.54412469  0.27
  2.          0.43352158  0.23989862  1.57079633  0.59379128  1.18758255
  0.75285709], constraints = [0.9999996611202907, 1.529051633294217, 0.9999996611202907, 0.9000000053158748, 0.9000000053158748, 1.200000035084671, 0.499999999999861, 4.613380528669062]
iteration = 1282.0 , objective = [2.92501202], inputs = [-0.21123436  0.01       -0.04638831  0.3642834   0.54412367  0.27
  2.          0.43351621  0.23989764  1.57079633  0.59378438  1.18756876
  0.75285946], constraints = [0.9999996603205509, 1.5290397529776543, 0.9999996603205509, 0.9000000000368321, 0.9000000000368321, 1.2000000017684909, 0.49999999999986106, 4.613437617029047]
