iteration = 447.0 , objective = [3.17149225], inputs = [0.01       0.01       0.01       0.5        0.5        0.135
 2.         1.         0.0675     0.52359878 1.         0.5
 0.31415927], constraints = [1.3807998149881, 1.023760347135665, 1.3807998149881, 0.4811030397324907, 0.4811030397324907, 1790.6600433120498, 2.0, 2.0]
iteration = 448.0 , objective = [3.17149543], inputs = [0.01000058 0.00999942 0.01000058 0.49999942 0.50000058 0.13499942
 1.99999942 0.99999942 0.06750058 0.52359819 1.00000058 0.49999942
 0.31415985], constraints = [1.380808051719817, 1.0237749993791632, 1.380808051719817, 0.48110874266385734, 0.48110874266385734, 1790.7811180345186, 2.000003493596646, 2.000000582281296]
iteration = 449.0 , objective = [1.82292172], inputs = [0.03730236 0.01       0.01       0.3        0.5        0.24796421
 2.         0.99607138 0.09610373 0.54681517 1.00330906 0.50003677
 0.30738335], constraints = [0.7190747583037602, 1.7678461282040638, 0.7190747583037602, 0.38096016925283926, 0.38096016925283926, 661.846723343464, 2.0064705664596247, 2.007888233319839]
iteration = 450.0 , objective = [0.60507283], inputs = [-0.08379941  0.01        0.12820269  0.46701289  0.62522692  0.11998741
  1.98924999  1.02098814  0.027       0.50621212  0.99667641  0.51273247
  0.2782672 ], constraints = [0.4619598573746959, 0.9160154653348345, 0.4619598573746959, 0.22933631756083975, 0.22933631756083975, 29.468563987123623, 1.9438527518301414, 1.9483575827572381]
iteration = 451.0 , objective = [nan], inputs = [ 0.10453455  0.01        0.27604165  0.32824795  0.51348703  0.27
  2.          0.25        0.0760429   1.57079633  2.          1.37220586
 -0.78539816], constraints = [-0.022470035795834006, 1.9240985689610215, -0.022470035795834006, 0.5631616066069796, 0.5631616066069796, 642296.2648235816, 1.4575072535284928, 8.0]
iteration = 452.0 , objective = [2.18112203], inputs = [ 0.11139439  0.01        0.52359878  0.3         0.85        0.27
  2.          0.89051864  0.09753781  1.41721462  1.0671764   0.80176373
 -0.64963678], constraints = [0.30360088595123297, 8.220861064530489, 0.30360088595123297, 0.3616705266822506, 0.3616705266822506, 28143.524663693443, 1.3310360180883911, 2.2458822547263786]
iteration = 453.0 , objective = [0.60507283], inputs = [-0.08379941  0.01        0.12820269  0.46701289  0.62522692  0.11998741
  1.98924999  1.02098814  0.027       0.50621212  0.99667641  0.51273247
  0.2782672 ], constraints = [0.4619598573770639, 0.9160154653482658, 0.4619598573770639, 0.2293363175621411, 0.2293363175621411, 29.46856398699915, 1.9438527518259234, 1.9483575827583801]
iteration = 454.0 , objective = [0.60507283], inputs = [-0.08379941  0.01        0.12820269  0.46701289  0.62522692  0.11998741
  1.98924999  1.02098814  0.027       0.50621212  0.99667641  0.51273247
  0.2782672 ], constraints = [0.4619598574018118, 0.9160154654886257, 0.4619598574018118, 0.22933631757573997, 0.22933631757573997, 29.468563985698946, 1.9438527517818474, 1.9483575827703166]
iteration = 455.0 , objective = [0.60506807], inputs = [-0.08379874  0.01        0.12820403  0.46701233  0.62522768  0.11998792
  1.98925003  1.0209877   0.02700024  0.50621521  0.99667665  0.51273345
  0.27826405], constraints = [0.46196168189078557, 0.9160258134517049, 0.46196168189078557, 0.229337320140138, 0.229337320140138, 29.468468135368, 1.9438495022967668, 1.9483584627540793]
iteration = 456.0 , objective = [0.60377466], inputs = [-0.08361902  0.01        0.12856809  0.46685855  0.62543464  0.12012604
  1.98925993  1.02086757  0.02706519  0.507054    0.99674157  0.51299957
  0.2774097 ], constraints = [0.4624562267039721, 0.9188377464190083, 0.4624562267039721, 0.22960921727581393, 0.22960921727581393, 29.443083911102732, 1.942967655690001, 1.948597425736415]
iteration = 457.0 , objective = [0.60991184], inputs = [-0.08378216  0.01        0.12816974  0.4672282   0.62522692  0.11996194
  1.98925993  1.02034402  0.027       0.50631882  0.99672771  0.51276852
  0.27806566], constraints = [0.46245714513927655, 0.9160930731905793, 0.46245714513927655, 0.2294016636771179, 0.2294016636771179, 29.442471075321357, 1.9438161010102661, 1.9495972896281677]
iteration = 458.0 , objective = [1.91962978], inputs = [-0.00699515  0.01        0.09750624  0.3         0.56891056  0.27
  2.          0.97927098  0.12073873  0.80478514  0.86598247  0.82668605
  0.14341078], constraints = [0.4241819169293026, 1.9602215134899303, 0.4241819169293026, 0.4350523922882506, 0.4350523922882506, 7.614752759233401, 1.047534882395324, 2.0423356086759554]
iteration = 459.0 , objective = [0.60145059], inputs = [-0.08321155  0.01        0.12840291  0.46597123  0.62513405  0.12092305
  1.98931704  1.02064637  0.02756333  0.50863728  0.99604621  0.5146677
  0.27669712], constraints = [0.46529402537887593, 0.9278130386703302, 0.46529402537887593, 0.23212130937652467, 0.23212130937652467, 29.294032133119888, 1.9353190681434695, 1.9490757018376959]
iteration = 460.0 , objective = [0.58007094], inputs = [-0.08042515  0.01        0.12727335  0.45990348  0.62307858  0.12637316
  1.9897076   1.01913373  0.03096973  0.51946417  0.9912912   0.5260748
  0.27182429], constraints = [0.4835746006236931, 0.9884323739712961, 0.4835746006236931, 0.2484041397875688, 0.2484041397875688, 28.325480959623675, 1.8843160785313884, 1.9523518369737716]
iteration = 461.0 , objective = [0.56472532], inputs = [-0.07327313  0.01        0.12437406  0.44432902  0.61780266  0.14036229
  1.99071007  1.01525113  0.03971315  0.54725418  0.97908624  0.55535407
  0.25931693], constraints = [0.5217570373525656, 1.1379140187032575, 0.5217570373525656, 0.28412945161206155, 0.28412945161206155, 26.136446321905915, 1.7629946320441447, 1.960805571667169]
iteration = 462.0 , objective = [0.55664931], inputs = [-0.07819309  0.01        0.12636852  0.45504287  0.62143202  0.13073901
  1.99002046  1.01792201  0.03369845  0.52813711  0.98748218  0.53521252
  0.26792089], constraints = [0.49682441239180936, 1.0360623627863021, 0.49682441239180936, 0.2604169581079301, 0.2604169581079301, 27.60431488538631, 1.8450281813539122, 1.9549832262325062]
iteration = 463.0 , objective = [0.53597877], inputs = [-0.07653616  0.01        0.12569683  0.45143469  0.62020974  0.13397991
  1.99025271  1.01702252  0.03572406  0.5345753   0.98465462  0.54199573
  0.26502327], constraints = [0.5058716760123161, 1.0708656336811193, 0.5058716760123161, 0.2688024222912925, 0.2688024222912925, 27.093983373452357, 1.8167202579296988, 1.9569406429574088]
iteration = 464.0 , objective = [0.53788336], inputs = [-0.07537356  0.01        0.12522553  0.44890297  0.6193521   0.13625393
  1.99041566  1.01639138  0.03714536  0.53909274  0.98267063  0.54675526
  0.26299012], constraints = [0.5118229812752649, 1.094982987735007, 0.5118229812752649, 0.2744362020353137, 0.2744362020353137, 26.746382594298726, 1.7972769616156845, 1.958316158227222]
iteration = 465.0 , objective = [0.53026795], inputs = [-0.07611252  0.01        0.12552509  0.45051215  0.61989722  0.13480854
  1.99031209  1.01679254  0.03624197  0.53622142  0.98393167  0.54373006
  0.26428241], constraints = [0.5080779037380986, 1.079684892571701, 0.5080779037380986, 0.2708784438671089, 0.2708784438671089, 26.966402510238588, 1.809595851527787, 1.9574416723549066]
iteration = 466.0 , objective = [0.53262036], inputs = [-0.07583276  0.01        0.12541169  0.44990294  0.61969085  0.13535574
  1.9903513   1.01664067  0.03658398  0.53730845  0.98345426  0.54487535
  0.26379317], constraints = [0.5095111685963033, 1.08548812879637, 0.5095111685963033, 0.2722347314473096, 0.2722347314473096, 26.8827624763023, 1.804916050478105, 1.9577726558220303]
iteration = 467.0 , objective = [0.53058556], inputs = [-0.07601583  0.01        0.1254859   0.4503016   0.6198259   0.13499766
  1.99032564  1.01674005  0.03636018  0.53659711  0.98376667  0.54412589
  0.26411332], constraints = [0.5085753399555535, 1.0816927687149558, 0.5085753399555535, 0.27134850648498876, 0.27134850648498876, 26.93742845260383, 1.8079762018891998, 1.9575560549041011]
iteration = 468.0 , objective = [0.61463403], inputs = [-0.0645629   0.01        0.16726752  0.45051215  0.64743433  0.13480854
  1.99031209  1.00809786  0.03406497  0.59621846  1.00364176  0.54128853
  0.186591  ], constraints = [0.5059009976807818, 1.2281528240768453, 0.5059009976807818, 0.2559519196769577, 0.2559519196769577, 33.55760286216304, 1.8541714793604434, 1.9743242893875694]
iteration = 469.0 , objective = [1.82356621], inputs = [-0.04313396  0.01        0.04909041  0.3         0.58588301  0.27
  2.          1.00045907  0.15863935  0.64158507  1.02131274  0.4375658
  0.16572195], constraints = [0.5541848770656612, 2.2497821005634426, 0.5541848770656612, 0.5569739440693029, 0.5569739440693029, 16.217630085263114, 2.334078087692564, 1.9990822763396991]
iteration = 470.0 , objective = [0.68639306], inputs = [-0.06829781  0.01        0.10741288  0.41484628  0.6118371   0.16684396
  1.99260777  1.01292211  0.06524567  0.56118874  0.99278961  0.51857302
  0.24092719], constraints = [0.5930728055425843, 1.4439559412725853, 0.5930728055425843, 0.3837042325783733, 0.3837042325783733, 22.69615133563885, 1.9144644421348775, 1.96718756219917]
iteration = 471.0 , objective = [1.58124034], inputs = [ 0.21519151  0.01        0.52359878  0.30921597  0.4320526   0.27
  2.          0.25        0.19671279  1.28071899  1.31496716  1.0699965
 -0.78539816], constraints = [0.2595662398931503, 2.6496600035327327, 0.2595662398931503, 0.9321982864284741, 0.9321982864284741, 593376.1437300355, 1.2289452852539922, 8.0]
iteration = 472.0 , objective = [1.45526914], inputs = [ 0.12069505  0.01        0.38487012  0.34442608  0.49198078  0.23561465
  1.99753592  0.50430741  0.15289041  1.04087553  1.20757462  0.88618864
 -0.44328965], constraints = [0.48939628043898353, 2.6435940874306207, 0.48939628043898353, 0.6780277581016939, 0.6780277581016939, 3805.257047650469, 1.36266090904759, 3.960948964041445]
iteration = 473.0 , objective = [1.12214397], inputs = [ 0.05769595  0.01        0.29238219  0.36790003  0.53193383  0.21269055
  1.99589316  0.67384963  0.12367481  0.88097617  1.13597793  0.76364722
 -0.215212  ], constraints = [0.6037375671466298, 2.4148668086220284, 0.6037375671466298, 0.5775990015907683, 0.5775990015907683, 229.50819656271517, 1.48756900412201, 2.961926621319126]
iteration = 474.0 , objective = [0.70505429], inputs = [-0.05701275  0.01        0.12398028  0.41064138  0.60468029  0.17095037
  1.99290203  0.98255193  0.07047907  0.58983159  1.00561476  0.54052392
  0.20007154], constraints = [0.6077191562433502, 1.5280424408320272, 0.6077191562433502, 0.40379310075636543, 0.40379310075636543, 22.779282220452426, 1.8604444958699968, 2.028291814490302]
iteration = 475.0 , objective = [0.68641505], inputs = [-0.06828122  0.01        0.10743723  0.4148401   0.61182658  0.16685
  1.9926082   1.01287746  0.06525336  0.56123085  0.99280847  0.51860529
  0.24086713], constraints = [0.5930966170831663, 1.444085245759976, 0.5930966170831663, 0.38373444684416447, 0.38373444684416447, 22.694895406607557, 1.9143816682224843, 1.967274704977235]
iteration = 476.0 , objective = [0.68670309], inputs = [-0.06806503  0.01        0.10775462  0.41475955  0.61168948  0.16692867
  1.99261384  1.01229565  0.06535362  0.56177957  0.99305416  0.51902581
  0.24008445], constraints = [0.59340626588046, 1.4457683216349648, 0.59340626588046, 0.38412797122287246, 0.38412797122287246, 22.67891117151612, 1.913304001931449, 1.96841094460073]
iteration = 477.0 , objective = [1.25104598], inputs = [ 4.03545093e-01  1.00000000e-02  6.60234871e-04  3.00000000e-01
  3.00000000e-01  2.70000000e-01  2.00000000e+00  2.50000000e-01
  1.64276111e-01 -7.34065583e-02  1.41141838e+00  1.12107623e+00
 -2.98097687e-01], constraints = [1.1899762633069844, 0.8590030964756972, 1.1899762633069844, 0.8374785537230119, 0.8374785537230119, 311.8367620333943, 1.2589851998476351, 8.0]
iteration = 478.0 , objective = [0.80490587], inputs = [ 0.16178758  0.01        0.05555912  0.35882822  0.45977874  0.21716341
  1.99621369  0.64076918  0.11356631  0.25220354  1.19695586  0.81245221
 -0.02221392], constraints = [0.8809078912614745, 1.2979123179034586, 0.8809078912614745, 0.533626756067582, 0.533626756067582, 59.05090083636921, 1.4732631059849781, 3.1153397444048365]
iteration = 479.0 , objective = [0.70381154], inputs = [1.21373514e-03 1.00000000e-02 9.20226261e-02 3.97901557e-01
 5.65902797e-01 1.82069680e-01 1.99369885e+00 9.00315655e-01
 7.98851729e-02 4.68471755e-01 1.05451118e+00 6.07466040e-01
 1.61026366e-01], constraints = [0.6633007513039071, 1.4245780294810897, 0.6633007513039071, 0.43098432842037426, 0.43098432842037426, 23.613291041272056, 1.7359179201994037, 2.214444278822327]
iteration = 480.0 , objective = [0.68748972], inputs = [-0.0651031   0.01        0.10708202  0.41403881  0.60973192  0.167576
  1.99266023  1.00750809  0.0659749   0.55779031  0.99568168  0.52280696
  0.23670442], constraints = [0.5959790757487807, 1.4453455030669677, 0.5959790757487807, 0.38625266123958746, 0.38625266123958746, 22.552740253270333, 1.9044920082610035, 1.977810649194165]
iteration = 481.0 , objective = [0.49563511], inputs = [ 0.47391824  0.01        0.12733414  0.34014619  0.38107488  0.27
  2.          0.25        0.14906444  0.2679901   1.54450254  1.18099313
 -0.78539816], constraints = [1.150249199425524, 1.4945902384552563, 1.150249199425524, 0.7919666620887068, 0.7919666620887068, 1023.5806140038596, 1.3077997688580827, 8.0]
iteration = 482.0 , objective = [0.5314788], inputs = [ 0.2727358   0.01        0.11977531  0.36772562  0.46641804  0.23177162
  1.99726053  0.53272968  0.11805239  0.37615412  1.33966255  0.93533402
 -0.40391216], constraints = [0.9312529137098136, 1.5617010823283273, 0.9312529137098136, 0.5504696046554247, 0.5504696046554247, 224.39847257171675, 1.4322825104113812, 3.749106931049909]
iteration = 483.0 , objective = [0.60676954], inputs = [ 0.0981178   0.01        0.11321456  0.39166341  0.54049235  0.19859098
  1.99488278  0.77812728  0.09113522  0.47003599  1.16186996  0.72211212
 -0.07279817], constraints = [0.7433935313171873, 1.5446711267036937, 0.7433935313171873, 0.45793535264001367, 0.45793535264001367, 48.579666907587566, 1.6089883074834084, 2.563697260726171]
iteration = 484.0 , objective = [0.68367603], inputs = [-0.05553382  0.01        0.10744155  0.41272699  0.60567256  0.16939434
  1.99279053  0.99406     0.06744999  0.55264547  1.00542493  0.53449178
  0.21855897], constraints = [0.6032505777108166, 1.4535402543780551, 0.6032505777108166, 0.39071212212565615, 0.39071212212565615, 22.280185432364974, 1.8810858510117325, 2.004698445494806]
iteration = 485.0 , objective = [2.16565375], inputs = [ 0.31098396  0.01        0.0194508   0.42163392  0.37291462  0.27
  2.          0.25        0.10728242  0.67053348  1.64410361  1.03991971
 -0.78539816], constraints = [1.0081212002496935, 0.5792131846400532, 1.0081212002496935, 0.6632031147778782, 0.6632031147778782, 194541.83301265823, 1.5809909030906402, 8.0]
iteration = 486.0 , objective = [1.41544408], inputs = [ 0.18880842  0.01        0.04878176  0.41866487  0.45050247  0.23646397
  1.99759678  0.49802598  0.09400462  0.63123653  1.43120558  0.87143967
 -0.45073771], constraints = [0.8744083100278612, 0.8867365140668075, 0.8744083100278612, 0.46618170256820446, 0.46618170256820446, 365.4868398205034, 1.6423461361857168, 4.0110292633161455]
iteration = 487.0 , objective = [0.74113528], inputs = [ 0.05884041  0.01        0.07998347  0.41550645  0.53303895  0.20078899
  1.99504029  0.76187129  0.07987996  0.58943318  1.20472872  0.69221382
 -0.09473231], constraints = [0.7317240773680675, 1.2371569059561247, 0.7317240773680675, 0.40533464362056343, 0.40533464362056343, 59.36495233275976, 1.7403996932359111, 2.61860542801147]
iteration = 488.0 , objective = [0.65634993], inputs = [-0.04789362  0.01        0.10560735  0.41291265  0.60082064  0.1714915
  1.99294081  0.97854979  0.06828031  0.55510289  1.01873842  0.54502761
  0.19763111], constraints = [0.6115545005949913, 1.443734842109404, 0.6115545005949913, 0.3911973166652808, 0.3911973166652808, 21.998062467842352, 1.869150106880221, 2.0366268797432046]
iteration = 489.0 , objective = [0.67824504], inputs = [-0.04457852  0.01        0.10785622  0.41121401  0.60099074  0.1714915
  1.99294081  0.97854979  0.06933692  0.54671172  1.0166622   0.54831056
  0.19763111], constraints = [0.6116372903690739, 1.4631843016579484, 0.6116372903690739, 0.39675781860125797, 0.39675781860125797, 21.982065582046356, 1.8541722022546379, 2.0366268797432046]
iteration = 490.0 , objective = [nan], inputs = [-0.0179958   0.01       -0.36703397  0.7         0.85        0.25195457
  2.          0.25        0.07823994  1.16547886  2.          0.92899076
 -0.78539816], constraints = [-2.1135034609611814, -9.062306684754496, -2.1135034609611814, 0.5884551813983808, 0.5884551813983808, 23506845.38210107, 2.1528739475218703, 8.0]
iteration = 491.0 , objective = [0.96594228], inputs = [-0.04490384  0.01        0.05834322  0.44162139  0.62573857  0.17953781
  1.99364673  0.90569481  0.06927628  0.61614048  1.11686458  0.58342393
  0.09932819], constraints = [0.64006806337965, 1.3286504146206848, 0.64006806337965, 0.38321307048954084, 0.38321307048954084, 14.055756103722977, 1.9143276893289671, 2.2012345661866006]
iteration = 492.0 , objective = [0.57727107], inputs = [-0.04750835  0.01        0.09951679  0.41661213  0.60403162  0.17252837
  1.99303178  0.96916153  0.06840866  0.56296833  1.03138319  0.54997545
  0.18496357], constraints = [0.616401684868889, 1.4370247117378627, 0.616401684868889, 0.39004030787518806, 0.39004030787518806, 20.107552076923977, 1.8753258594652993, 2.056449533470521]
iteration = 493.0 , objective = [0.63842935], inputs = [-0.0433589   0.01        0.10438236  0.41302504  0.59788379  0.17276091
  1.99303178  0.96916153  0.06897771  0.55659035  1.02679702  0.55148804
  0.18496357], constraints = [0.6165600529976919, 1.4378504449630538, 0.6165600529976919, 0.39253309162728195, 0.39253309162728195, 21.789110520840058, 1.8618663437438034, 2.056449533470521]
iteration = 494.0 , objective = [nan], inputs = [ 0.09779542  0.01       -0.4421305   0.7         0.85        0.27
  2.          0.25        0.15481467  0.88991663  2.          1.46982214
 -0.78539816], constraints = [-1.9838469591727055, -12.764317204506543, -1.9838469591727055, 0.8092545038845189, 0.8092545038845189, 1029750.7124325699, 1.3607088581379398, 8.0]
iteration = 495.0 , objective = [1.11575476], inputs = [-0.03297797  0.01        0.04535206  0.44495092  0.62862846  0.18227553
  1.9937286   0.89724538  0.07704926  0.59566316  1.12824487  0.64196012
  0.0879274 ], constraints = [0.6393762553040109, 1.2853383153220106, 0.6393762553040109, 0.41681550335838347, 0.41681550335838347, 9.322841288941188, 1.7574999327574263, 2.2220550247334736]
iteration = 496.0 , objective = [0.52316797], inputs = [-0.04635217  0.01        0.0952069   0.41886705  0.60598879  0.17330395
  1.99308723  0.96343916  0.06909619  0.56556986  1.03909047  0.55729467
  0.1772424 ], constraints = [0.6193595120564097, 1.4327614434696578, 0.6193595120564097, 0.39223252550882276, 0.39223252550882276, 18.517583400054598, 1.8645261158900182, 2.068721413168292]
iteration = 497.0 , objective = [0.52847819], inputs = [-0.04723777  0.01        0.09613859  0.41886705  0.60598879  0.17316036
  1.99308723  0.96343916  0.06848261  0.56776251  1.03909047  0.55299128
  0.1772424 ], constraints = [0.6193904525066379, 1.433097014545206, 0.6193904525066379, 0.3893307761263501, 0.3893307761263501, 19.167563830126195, 1.8790359181121012, 2.068721413168292]
iteration = 498.0 , objective = [8.92870741], inputs = [ 0.24108944  0.01       -0.33044069  0.7         0.85        0.21899893
  2.          1.0952267   0.18575985  0.42979969  2.          1.48050655
 -0.78539816], constraints = [0.44002825338165635, -4.196500001981353, 0.44002825338165635, 0.7709038241991732, 0.7709038241991732, 460266.2214701319, 1.3508889877602344, 1.8261059604950252]
iteration = 499.0 , objective = [0.52316797], inputs = [-0.04635217  0.01        0.0952069   0.41886705  0.60598879  0.17330395
  1.99308723  0.96343916  0.06909619  0.56556986  1.03909047  0.55729467
  0.1772424 ], constraints = [0.6193595120567515, 1.4327614434692695, 0.6193595120567515, 0.3922325255092788, 0.3922325255092788, 18.517583399914965, 1.864526115888793, 2.0687214131680443]
iteration = 500.0 , objective = [0.52316481], inputs = [-0.04635203  0.01        0.0952067   0.41886718  0.60598891  0.17330397
  1.99308723  0.96343922  0.06909624  0.5655698   1.03909093  0.55729511
  0.17724194], constraints = [0.6193596924084138, 1.4327612384212927, 0.6193596924084138, 0.39223276609541025, 0.39223276609541025, 18.517509710862743, 1.8645254693608608, 2.0687212824896055]
iteration = 501.0 , objective = [0.52087538], inputs = [-0.0462531   0.01        0.0950602   0.41896394  0.60607289  0.1733197
  1.99308961  0.96348458  0.0691364   0.56552307  1.03942164  0.55761285
  0.17691063], constraints = [0.6194906478821424, 1.4326117094913533, 0.6194906478821424, 0.392407503708776, 0.392407503708776, 18.464107316021792, 1.8640561089881553, 2.0686263640752234]
iteration = 502.0 , objective = [0.54897796], inputs = [-0.04358728  0.01        0.09111262  0.42157125  0.60833592  0.17374349
  1.99315372  0.96470682  0.07021837  0.56426389  1.04833341  0.566175
  0.16798281], constraints = [0.6229793278644382, 1.428107490475373, 0.6229793278644382, 0.39710069811703685, 0.39710069811703685, 17.11347506104408, 1.851606671816002, 2.0660719681859194]
iteration = 503.0 , objective = [0.51492814], inputs = [-0.04599633  0.01        0.09467997  0.41921507  0.60629086  0.17336052
  1.99309578  0.96360231  0.06924061  0.56540179  1.04028002  0.55843756
  0.1760507 ], constraints = [0.6198304777048277, 1.4322177016499877, 0.6198304777048277, 0.392860846769857, 0.392860846769857, 18.326651850660948, 1.8628403669975477, 2.068380043125741]
iteration = 504.0 , objective = [0.50580847], inputs = [-0.04560309  0.01        0.09409765  0.41959969  0.60662469  0.17342304
  1.99310524  0.96378261  0.06940022  0.56521604  1.04159464  0.5597006
  0.17473372], constraints = [0.6203500211947199, 1.4315957212073305, 0.6203500211947199, 0.39355460914915924, 0.39355460914915924, 18.119286500519102, 1.8609853922934032, 2.0680029170106877]
iteration = 505.0 , objective = [0.50540663], inputs = [-0.04596156  0.01        0.09394237  0.41959969  0.60662469  0.17355595
  1.99310524  0.96157991  0.06932036  0.56641512  1.04159464  0.5597006
  0.17473372], constraints = [0.6203456438157987, 1.4315759592884092, 0.6203456438157987, 0.3929462124721625, 0.3929462124721625, 18.054387871257145, 1.8609853922934032, 2.0727400985174618]
iteration = 506.0 , objective = [3.68810558], inputs = [-0.04078056  0.01       -0.38174334  0.56489452  0.85        0.26348779
  1.59079044  1.5         0.09047698  0.75077619  1.05691843  0.97725795
  0.1074847 ], constraints = [0.9180132118590861, -1.3087909345611235, 0.9180132118590861, 0.3498087350737516, 0.3498087350737516, 14.721696281493667, 1.0815142805139093, 1.0605269587203494]
iteration = 507.0 , objective = [0.50580847], inputs = [-0.04560309  0.01        0.09409765  0.41959969  0.60662469  0.17342304
  1.99310524  0.96378261  0.06940022  0.56521604  1.04159464  0.5597006
  0.17473372], constraints = [0.6203500211955563, 1.431595721206379, 0.6203500211955563, 0.39355460914895307, 0.39355460914895307, 18.11928650048177, 1.860985392290404, 2.0680029170072323]
iteration = 508.0 , objective = [0.50580847], inputs = [-0.04560309  0.01        0.09409765  0.41959969  0.60662469  0.17342304
  1.99310524  0.96378261  0.06940022  0.56521604  1.04159464  0.5597006
  0.17473372], constraints = [0.6203500212046987, 1.431595721195986, 0.6203500212046987, 0.3935546091467003, 0.3935546091467003, 18.119286500074367, 1.8609853922576303, 2.0680029169694736]
iteration = 509.0 , objective = [0.50579987], inputs = [-0.04560307  0.01        0.09409648  0.41960005  0.60662529  0.17342326
  1.99310425  0.96378392  0.06940027  0.56521649  1.04159468  0.55970162
  0.17473355], constraints = [0.6203509527205148, 1.4315946622154692, 0.6203509527205148, 0.39355437959967343, 0.39355437959967343, 18.1192449866943, 1.8609820529222398, 2.0679990696908037]
iteration = 510.0 , objective = [0.50621315], inputs = [-0.0455993   0.01        0.0937238   0.41971384  0.6068159   0.1734938
  1.99278916  0.96420389  0.06941678  0.56536182  1.04160668  0.56002866
  0.17468089], constraints = [0.6206482653927576, 1.4312551001475997, 0.6206482653927576, 0.3934811556440329, 0.3934811556440329, 18.106006427983623, 1.8599167543406945, 2.0667715466958665]
iteration = 511.0 , objective = [0.79756077], inputs = [ 0.47538563  0.01       -0.06582171  0.31857091  0.42650413  0.27
  1.78613954  0.25        0.19981326  0.05447361  1.59566122  1.26739735
 -0.64496119], constraints = [1.197596262447309, 1.413242002749808, 1.197596262447309, 0.93590605518194, 0.93590605518194, 313.59226688077376, 1.2590062752473634, 7.144558145671998]
iteration = 512.0 , objective = [0.50510644], inputs = [ 0.20124306  0.01        0.01813123  0.37179238  0.52138429  0.21921838
  1.89487869  0.6258145   0.13119855  0.32330329  1.3041174   0.89517953
 -0.21366505], constraints = [0.8748765155819247, 1.4679406557977441, 0.8748765155819247, 0.6011937632526266, 0.6011937632526266, 55.69647672887719, 1.4568221819673142, 3.02785997735026]
iteration = 513.0 , objective = [0.49424295], inputs = [0.0334634  0.01       0.06951178 0.40436477 0.57945247 0.18813921
 1.9614288  0.85581901 0.08920525 0.48783136 1.1256879  0.66737625
 0.05029511], constraints = [0.6867340488060588, 1.4567135859481468, 0.6867340488060588, 0.46528645758902554, 0.46528645758902554, 19.84596902827701, 1.6867365242770653, 2.29187336982616]
iteration = 514.0 , objective = [0.50557157], inputs = [-0.04147321  0.01        0.09246023  0.41891281  0.60538787  0.1742581
  1.99115254  0.95854754  0.07044949  0.5613157   1.04599467  0.56563086
  0.16818949], constraints = [0.6236762541770488, 1.4332259586268354, 0.6236762541770488, 0.3974767305386025, 0.3974767305386025, 17.9860935536804, 1.8492531748181402, 2.077260069649809]
iteration = 515.0 , objective = [0.98277912], inputs = [ 0.48764309  0.01        0.06020127  0.31653927  0.85        0.27
  1.85982321  0.25        0.19444047 -0.12470834  1.7668013   1.03872745
 -0.68100832], constraints = [0.9830199855555242, 7.434712758718824, 0.9830199855555242, 0.9221926411177628, 0.9221926411177628, 40.092369287914195, 1.7009286725127606, 7.439292859390176]
iteration = 516.0 , objective = [0.50169788], inputs = [0.01203095 0.01       0.08919821 0.40856082 0.63012301 0.18393951
 1.97787254 0.88689933 0.08298744 0.49194506 1.11888252 0.61347032
 0.08231875], constraints = [0.6618907975967226, 1.7452200385994412, 0.6618907975967226, 0.4429095965559153, 0.4429095965559153, 17.160951067485833, 1.8238576418127976, 2.2300981326935374]
iteration = 517.0 , objective = [0.92667875], inputs = [ 0.42340357  0.01        0.19237453  0.31199064  0.85        0.27
  1.95288164  0.25        0.2087542  -0.025974    1.47249065  1.19980737
 -0.48141858], constraints = [1.1510547891087606, 10.711941705152014, 1.1510547891087606, 0.9654274052598761, 0.9654274052598761, 102.78850145811396, 1.2272725433492286, 7.8115265428871385]
iteration = 518.0 , objective = [0.55520319], inputs = [ 0.18983115  0.01        0.13379226  0.36682202  0.72515649  0.22113589
  1.96707117  0.61162377  0.13734535  0.2680942   1.27171621  0.86689226
 -0.16133532], constraints = [0.8567246091605232, 4.019587035712221, 0.8567246091605232, 0.623074006601151, 0.623074006601151, 25.7134190219119, 1.4669830137175377, 3.216145740416498]
iteration = 519.0 , objective = [0.50273992], inputs = [0.05531465 0.01       0.10005419 0.39839992 0.65325797 0.1929946
 1.97524305 0.81988621 0.09622033 0.43745078 1.15608838 0.67516339
 0.02300357], constraints = [0.7007047787163937, 2.163041224829213, 0.7007047787163937, 0.48916107712892337, 0.48916107712892337, 16.554780401322983, 1.7123090534470937, 2.4091673014787767]
iteration = 520.0 , objective = [0.79294232], inputs = [ 0.34679061  0.01        0.24331049  0.31766855  0.85        0.27
  1.93614824  0.25        0.2016393   0.02673244  1.26463705  1.19210615
 -0.30825248], constraints = [1.1588082134669102, 11.346007065112548, 1.1588082134669102, 0.9447388045086011, 0.9447388045086011, 66.702344391516, 1.060842646210873, 7.744592959753287]
iteration = 521.0 , objective = [0.54176104], inputs = [ 0.18362874  0.01        0.16311875  0.3628602   0.73986811  0.22689406
  1.95803266  0.56900984  0.14262807  0.25664359  1.20387388  0.90273289
 -0.12282259], constraints = [0.8769790663065495, 4.591330220555828, 0.8769790663065495, 0.6399492353586298, 0.6399492353586298, 20.12637641771686, 1.3335881344256828, 3.441122653566277]
iteration = 522.0 , objective = [0.50546453], inputs = [ 0.0987644   0.01        0.12140913  0.38636545  0.68258592  0.20447364
  1.96941527  0.7349344   0.11193493  0.3762258   1.17226951  0.75222302
 -0.02637612], constraints = [0.7509102093001573, 2.8292875422201216, 0.7509102093001573, 0.5399401965588704, 0.5399401965588704, 15.595983617974547, 1.5584068508645026, 2.6797157246864005]
iteration = 523.0 , objective = [0.63225358], inputs = [ 0.26599588  0.01        0.20197646  0.32635791  0.76712322  0.27
  1.92614865  0.25        0.18791147  0.10513167  1.03899582  1.14625832
 -0.15126111], constraints = [1.1200397228194723, 7.835056079095272, 1.1200397228194723, 0.9049403320072855, 0.9049403320072855, 33.36862875851412, 0.9064237968859093, 7.704594589638607]
iteration = 524.0 , objective = [0.5175988], inputs = [ 0.16509887  0.01        0.15336717  0.36256271  0.7161187   0.2304655
  1.95225302  0.54257907  0.14207198  0.26869291  1.11940482  0.90852208
 -0.07591332], constraints = [0.8728137722590769, 4.2794151901152215, 0.8728137722590769, 0.6375955165342059, 0.6375955165342059, 14.770866769886364, 1.2321162592210388, 3.5980986443852583]
iteration = 525.0 , objective = [0.62096533], inputs = [0.15524979 0.01       0.19585326 0.3408165  0.34299004 0.27
 1.83856044 0.25       0.16799853 0.23121949 0.69750733 1.10594362
 0.06081742], constraints = [1.0234616960537215, 1.2177792326794263, 1.0234616960537215, 0.8443217957073353, 0.8443217957073353, 9.705687765065688, 0.6306897737105716, 7.354241754596583]
iteration = 526.0 , objective = [0.59635959], inputs = [ 0.42617255  0.01        0.23016933  0.35319878  0.31457932  0.27
  1.845669    0.25        0.14399582  0.52121863  0.7980549   1.10850484
 -0.78539816], constraints = [0.9642057902390141, 1.0044326303245381, 0.9642057902390141, 0.7724575364536269, 0.7724575364536269, 723.9354702123703, 0.719938126965047, 7.382676007853588]
iteration = 527.0 , objective = [0.57023683], inputs = [ 0.32801979  0.01        0.21773694  0.3487128   0.32487226  0.27
  1.84309364  0.25        0.15269177  0.41615468  0.76162746  1.10757694
 -0.47882222], constraints = [1.0009457240177924, 1.0511018440392856, 1.0009457240177924, 0.7986971732200423, 0.7986971732200423, 126.11222002522915, 0.6876519705512878, 7.372374545561597]
iteration = 528.0 , objective = [0.57966461], inputs = [ 0.24885485  0.01        0.20770962  0.34509463  0.33317401  0.27
  1.84101648  0.25        0.15970548  0.33141552  0.73224698  1.10682853
 -0.23155394], constraints = [1.0148973522370694, 1.1331622943642914, 1.0148973522370694, 0.8196912118317188, 0.8196912118317188, 21.50003562057046, 0.6615721891962286, 7.364065919191875]
iteration = 529.0 , objective = [0.61666419], inputs = [0.16300772 0.01       0.19683591 0.34117107 0.34217649 0.27
 1.83876399 0.25       0.1673112  0.23952368 0.70038653 1.10601696
 0.03658586], constraints = [1.0227958099746635, 1.2114885821887307, 1.0227958099746635, 0.8422883118223236, 0.8422883118223236, 9.523809607545143, 0.6332511675968953, 7.3550559753687414]
iteration = 530.0 , objective = [0.60590829], inputs = [ 0.41117413  0.01        0.27100267  0.35153518  0.3         0.27
  2.          0.25        0.1642625   0.78183742  0.78360983  1.4701716
 -0.78539816], constraints = [0.8644767368299984, 0.9380759342555731, 0.8644767368299984, 0.8374381452794307, 0.8374381452794307, 3192.551781085299, 0.5330056919464805, 8.0]
iteration = 531.0 , objective = [0.5690944], inputs = [ 0.32600404  0.01        0.24554882  0.34797824  0.31447487  0.27
  1.94466421  0.25        0.16530881  0.5957167   0.7550478   1.34519464
 -0.5032953 ], constraints = [0.9425019791537627, 1.0335745306442214, 0.9425019791537627, 0.8390886088083049, 0.8390886088083049, 184.10135259750658, 0.5612926046025717, 7.778656825982769]
iteration = 532.0 , objective = [0.57642402], inputs = [ 0.25098556  0.01        0.22312887  0.34484526  0.32722444  0.27
  1.89592401  0.25        0.1662304   0.43178012  0.72989015  1.23511396
 -0.25481691], constraints = [0.9967358057012657, 1.1132316758817953, 0.9967358057012657, 0.8405532649874293, 0.8405532649874293, 27.21255055046707, 0.5909496374390228, 7.583696032893619]
iteration = 533.0 , objective = [0.61234171], inputs = [0.17066183 0.01       0.1991234  0.34149072 0.34087566 0.27
 1.84373693 0.25       0.16721717 0.25625005 0.70295336 1.11724844
 0.01123372], constraints = [1.0219503370846938, 1.204789289327983, 1.0219503370846938, 0.842136489188123, 0.842136489188123, 9.350727829153605, 0.6291826679827515, 7.374947737194216]
iteration = 534.0 , objective = [0.61242135], inputs = [0.1705194  0.01       0.19908084 0.34148477 0.34089987 0.27
 1.8436444  0.25       0.16721892 0.2559388  0.70290559 1.11703945
 0.01170548], constraints = [1.0219685696578023, 1.204917073025982, 1.0219685696578023, 0.8421393127113713, 0.8421393127113713, 9.352387581687875, 0.6292576288960056, 7.374577584800484]
iteration = 535.0 , objective = [0.80664861], inputs = [0.09030172 0.01       0.25980466 0.34519421 0.3        0.27
 2.         0.25       0.18537058 0.43047526 0.79950057 1.5
 0.18382584], constraints = [0.9791854466292266, 0.9878104607905422, 0.9791854466292266, 0.8994311454842896, 0.8994311454842896, 3.392676766958101, 0.5330003821292081, 8.0]
iteration = 536.0 , objective = [0.719741], inputs = [0.12629082 0.01       0.23256134 0.34353    0.31834944 0.27
 1.92985214 0.25       0.17722697 0.35217069 0.7561639  1.3281874
 0.10660523], constraints = [1.0029954505754444, 1.0874574391893042, 1.0029954505754444, 0.8738674966582348, 0.8738674966582348, 5.491929694734752, 0.5693201923247643, 7.719408557389078]
iteration = 537.0 , objective = [0.95718215], inputs = [ 0.22759933  0.01        0.42062958  0.35552355  0.3         0.27
  2.          0.25        0.18033111  0.40782719  0.82648941  1.5
 -0.20627526], constraints = [0.992655510865324, 1.2869558227712852, 0.992655510865324, 0.8847512747869687, 0.8847512747869687, 8.956951960934601, 0.5509929422402308, 8.0]
iteration = 538.0 , objective = [0.80522649], inputs = [ 0.16413943  0.01        0.30282317  0.34801076  0.31149414  0.27
  1.95605921  0.25        0.17838667  0.37296382  0.78243734  1.39237616
 -0.01028615], constraints = [1.000577071842043, 1.1253956778704597, 1.000577071842043, 0.8779368932181969, 0.8779368932181969, 4.770074885177227, 0.5619439360773816, 7.824236830530278]
iteration = 539.0 , objective = [1.08829991], inputs = [0.15099194 0.01       0.420633   0.3555585  0.3        0.27
 2.         0.25       0.18553692 0.31300494 0.75666664 1.5
 0.02611652], constraints = [1.0054931488953756, 1.2940464648986223, 1.0054931488953756, 0.8999143957112691, 0.8999143957112691, 2.6428759803676503, 0.5044444294335452, 8.0]
iteration = 540.0 , objective = [1.41108718], inputs = [0.14696465 0.01       0.52359878 0.36728072 0.67262127 0.27
 2.         0.25       0.18556638 0.11445483 1.12358358 1.5
 0.01190479], constraints = [0.937573472698757, 8.012858263225398, 0.937573472698757, 0.8999999987229957, 0.8999999987229957, 0.9602283396863474, 0.7490557202128004, 8.0]
iteration = 541.0 , objective = [1.23652364], inputs = [0.14916902 0.01       0.46723967 0.36086447 0.46866418 0.27
 2.         0.25       0.18555026 0.22313274 0.9227488  1.5
 0.01968369], constraints = [0.9903848334477691, 3.628150260080431, 0.9903848334477691, 0.8999531435787114, 0.8999531435787114, 1.8674021241036183, 0.6151658665355798, 8.0]
iteration = 542.0 , objective = [1.53645965], inputs = [ 0.19706025  0.01        0.52359878  0.37136111  0.50536962  0.27
  2.          0.25232518  0.18660703  0.1040609   0.83575624  1.5
 -0.10236022], constraints = [1.0059948008420887, 4.454916916147461, 1.0059948008420887, 0.9000169178373598, 0.9000169178373598, 1.4017944407347458, 0.5571708250807702, 7.926279974391543]
iteration = 543.0 , objective = [1.60057226], inputs = [ 0.20240867  0.01        0.52359878  0.37351449  0.60065781  0.27
  2.          0.25577172  0.18812648  0.06335637  0.862731    1.5
 -0.11677484], constraints = [0.9989150607292567, 6.3716428806380945, 0.9989150607292567, 0.9000367305876183, 0.9000367305876183, 1.2049036097539432, 0.5751539977052509, 7.819472748943174]
iteration = 544.0 , objective = [1.6046447], inputs = [ 0.20848414  0.01        0.52359878  0.37361708  0.6681812   0.27
  2.          0.26159604  0.19064874  0.05712563  0.8315136   1.5
 -0.13185275], constraints = [1.0001635643877305, 7.956715557219557, 1.0001635643877305, 0.9001026847194349, 0.9001026847194349, 1.2026720296280606, 0.5543424021130272, 7.645375724365005]
iteration = 545.0 , objective = [1.59045762], inputs = [ 0.21928958  0.01        0.52359878  0.37291616  0.85        0.27
  2.          0.27971652  0.19828061  0.04781847  0.75        1.5
 -0.15798318], constraints = [1.0006683851451756, 13.141002272142137, 1.0006683851451756, 0.9009447949097021, 0.9009447949097021, 1.2095100252943047, 0.5, 7.150096072939941]
iteration = 546.0 , objective = [1.59008863], inputs = [ 0.21788655  0.01        0.52359878  0.37285044  0.85        0.27
  2.          0.28223205  0.19892845  0.04463788  0.75        1.5
 -0.1537432 ], constraints = [1.000000034665494, 13.132405355651901, 1.000000034665494, 0.900017363446779, 0.900017363446779, 1.200560063002462, 0.5, 7.086367356688362]
iteration = 547.0 , objective = [1.58344211], inputs = [ 0.21418714  0.01        0.52359878  0.37226611  0.85        0.27
  2.          0.2888169   0.2014434   0.03429069  0.75        1.5
 -0.14118018], constraints = [0.9999940523681349, 13.154916939714132, 0.9999940523681349, 0.9001149475196855, 0.9001149475196855, 1.2045666343356403, 0.5, 6.924802615021022]
iteration = 548.0 , objective = [1.58582486], inputs = [ 0.21470168  0.01        0.52359878  0.37228083  0.85        0.27
  2.          0.29142018  0.20236887  0.02867167  0.75        1.5
 -0.14181574], constraints = [1.0000006492766917, 13.157262776849638, 1.0000006492766917, 0.900017557418264, 0.900017557418264, 1.2001008078967041, 0.5, 6.862942684722024]
iteration = 549.0 , objective = [1.58360454], inputs = [ 0.21756996  0.01        0.52359878  0.37198916  0.85        0.27
  2.          0.30127765  0.20597206  0.01189709  0.75        1.5
 -0.14675918], constraints = [1.0000158466365439, 13.174572072730626, 1.0000158466365439, 0.9002447608282481, 0.9002447608282481, 1.2002781184133402, 0.5, 6.638394956179954]
iteration = 550.0 , objective = [1.58073992], inputs = [ 0.22507988  0.01        0.52359878  0.37163646  0.85        0.27
  2.          0.31949743  0.21224648 -0.01726951  0.75        1.5
 -0.16245366], constraints = [1.0000574288354422, 13.200925238767512, 1.0000574288354422, 0.9007857191541339, 0.9007857191541339, 1.1997814343477156, 0.5, 6.259831323060804]
iteration = 551.0 , objective = [1.57892849], inputs = [ 0.23342387  0.01        0.52359878  0.37153808  0.85        0.27
  2.          0.33565471  0.21713452 -0.0397425   0.75        1.5
 -0.1817333 ], constraints = [1.0000491416935449, 13.214487279355321, 1.0000491416935449, 0.9005682343553124, 0.9005682343553124, 1.2000782583294798, 0.5, 5.958504289183416]
iteration = 552.0 , objective = [1.57840678], inputs = [ 0.23767103  0.01        0.52193542  0.37161445  0.85        0.27
  2.          0.34094623  0.21849862 -0.04553466  0.75        1.5
 -0.19256742], constraints = [1.0000050823771782, 13.195231245138103, 1.0000050823771782, 0.9000575237471427, 0.9000575237471427, 1.2005597231273897, 0.5, 5.866027683024708]
iteration = 553.0 , objective = [1.5785045], inputs = [ 0.23819207  0.01        0.51771284  0.37166721  0.84366827  0.27
  2.          0.33981876  0.2181541  -0.0433557   0.75        1.5
 -0.19440524], constraints = [0.9999998079865091, 12.943746841719852, 0.9999998079865091, 0.9000025497428983, 0.9000025497428983, 1.200119802398883, 0.5, 5.8854903369889024]
iteration = 554.0 , objective = [1.57821117], inputs = [ 0.23793287  0.01        0.50699219  0.37170428  0.82031751  0.27
  2.          0.33749477  0.21748082 -0.03885626  0.75        1.5
 -0.19443734], constraints = [1.000001169114636, 12.090106228708551, 1.000001169114636, 0.9000109514226775, 0.9000109514226775, 1.2000962499431465, 0.5, 5.926017700524601]
iteration = 555.0 , objective = [1.57739852], inputs = [ 0.23687905  0.01        0.47414281  0.37174934  0.74082904  0.27
  2.          0.3336341   0.21634727 -0.0298145   0.75        1.5
 -0.19300482], constraints = [1.0000014368330605, 9.47402832566901, 1.0000014368330605, 0.9000306463557508, 0.9000306463557508, 1.2001971805667937, 0.5, 5.994591074403224]
iteration = 556.0 , objective = [1.57534258], inputs = [ 0.23402186  0.01        0.38078905  0.37179296  0.50462089  0.27
  2.          0.32775918  0.21458477 -0.01152865  0.75        1.5
 -0.18806268], constraints = [1.000006950531148, 3.655516898930922, 1.000006950531148, 0.9000725646767413, 0.9000725646767413, 1.2004939195810196, 0.5, 6.102041231724096]
iteration = 557.0 , objective = [1.57386753], inputs = [ 0.232365    0.01        0.32891279  0.37173628  0.37645867  0.27
  2.          0.32792828  0.21461135 -0.00633225  0.75        1.5
 -0.18425284], constraints = [0.9999995847841132, 1.704564954996962, 0.9999995847841132, 0.900000061971106, 0.900000061971106, 1.2000094740502258, 0.5, 6.098894583328631]
iteration = 558.0 , objective = [1.57570392], inputs = [ 0.23401131  0.01        0.38078905  0.37181007  0.50462089  0.27
  2.          0.32775918  0.21455946 -0.01152865  0.75        1.5
 -0.18806268], constraints = [0.999999653775071, 3.6554524225707365, 0.999999653775071, 0.8999999990823536, 0.8999999990823536, 1.200000075968508, 0.5, 6.102041231724096]
iteration = 559.0 , objective = [1.56899874], inputs = [ 0.23061669  0.01        0.28126478  0.3712813   0.31153     0.27
  2.          0.3398756   0.21827424 -0.01900639  0.75        1.5
 -0.17685873], constraints = [1.0000176967949679, 1.0583571655779598, 1.0000176967949679, 0.9002993992173618, 0.9002993992173618, 1.2028361043793216, 0.5, 5.884506025440976]
iteration = 560.0 , objective = [1.57063392], inputs = [ 0.23073091  0.01        0.26416132  0.37137866  0.30783092  0.27
  2.          0.33954953  0.21807533 -0.01752306  0.75        1.5
 -0.17756358], constraints = [0.9999991879141906, 0.9999340493207212, 0.9999991879141906, 0.9000001870700695, 0.9000001870700695, 1.2000308059298506, 0.5, 5.890156889579614]
iteration = 561.0 , objective = [1.56636405], inputs = [ 0.23037771  0.01        0.08209258  0.3713589   0.35195096  0.27
  2.          0.339047    0.21792968 -0.00301755  0.75        1.5
 -0.17880975], constraints = [1.0000010524529686, 0.8516196297941895, 1.0000010524529686, 0.9000005111632781, 0.9000005111632781, 1.2012030775014835, 0.5, 5.898887154380013]
iteration = 562.0 , objective = [1.56184581], inputs = [ 0.22699079  0.01       -0.20329575  0.37128618  0.52303427  0.27
  2.          0.33813924  0.21766587  0.0176645   0.75        1.5
 -0.1726616 ], constraints = [1.0000031346707383, 0.3074625867819828, 1.0000031346707383, 0.9000016732007745, 0.9000016732007745, 1.2005553384219019, 0.5, 5.914723177798104]
iteration = 563.0 , objective = [1.56156509], inputs = [ 0.22529243  0.01       -0.18727539  0.37118616  0.77074293  0.27
  2.          0.33812842  0.21766213  0.01455471  0.75        1.5
 -0.16736181], constraints = [1.0000018517052853, 1.3088172911826044, 1.0000018517052853, 0.900000000235594, 0.900000000235594, 1.200656841187803, 0.5, 5.91491242033263]
iteration = 564.0 , objective = [1.56212996], inputs = [ 0.22698299  0.01       -0.20329575  0.37129627  0.80902352  0.27
  2.          0.33813924  0.21766529  0.0176645   0.75        1.5
 -0.1726616 ], constraints = [0.9999996576269685, 1.2551985318300003, 0.9999996576269685, 0.899999999999512, 0.899999999999512, 1.2000001114882985, 0.5, 5.914723177798104]
iteration = 565.0 , objective = [1.56043903], inputs = [ 0.22405729  0.01       -0.23816315  0.37113248  0.85        0.27
  2.          0.33884626  0.21787154  0.01802028  0.75        1.5
 -0.16444895], constraints = [0.9999996665654196, 0.9164215476353218, 0.9999996665654196, 0.900001048129976, 0.900001048129976, 1.2000108361707444, 0.5, 5.9023818168096085]
iteration = 566.0 , objective = [1.55867222], inputs = [ 0.22351771  0.01       -0.23235878  0.37106812  0.85        0.27
  2.          0.34099163  0.21849484  0.02105192  0.75        1.5
 -0.16335893], constraints = [1.0000005149294595, 1.0007839276479031, 1.0000005149294595, 0.9000093065916438, 0.9000093065916438, 1.2000017789073378, 0.5, 5.865246594326045]
iteration = 567.0 , objective = [1.38472791], inputs = [0.11503992 0.01       0.52359878 0.36416831 0.85       0.27
 2.         0.47790136 0.25787728 0.48352258 0.75       1.5
 0.07127954], constraints = [1.0024074737846658, 13.446129509364036, 1.0024074737846658, 0.9301160608083794, 0.9301160608083794, 1.240214491299212, 0.5, 4.184964032106496]
iteration = 568.0 , objective = [1.30865225], inputs = [-0.05254929  0.01       -0.45486915  0.36314289  0.82974426  0.27
  2.          0.51690042  0.25286396  1.0388475   0.75        1.5
  0.44558913], constraints = [0.9995153619846155, 0.7961363840248639, 0.9995153619846155, 0.9013769397811668, 0.9013769397811668, 1.2938474089412282, 0.5, 3.869217220325407]
iteration = 569.0 , objective = [1.44397321], inputs = [0.11295724 0.01       0.52359878 0.3680936  0.85       0.27
 2.         0.47790136 0.24712286 0.48352258 0.75       1.5
 0.07127954], constraints = [0.9995827835445146, 13.263033958838554, 0.9995827835445146, 0.8998402675322621, 0.8998402675322621, 1.200190016146421, 0.5, 4.184964032106496]
iteration = 570.0 , objective = [1.34562636], inputs = [-0.03922183  0.01       -0.44549056  0.36381952  0.64216335  0.27
  2.          0.47676264  0.24753174  0.97068827  0.75        1.5
  0.41805886], constraints = [1.0002275655426265, 0.05066142307975815, 1.0002275655426265, 0.9014710161055345, 0.9014710161055345, 1.2089199408265823, 0.5, 4.194959584836363]
iteration = 571.0 , objective = [1.32977085], inputs = [-0.06296928  0.01       -0.45612437  0.36200273  0.3         0.27
  2.          0.37415749  0.2318762   1.02795689  0.77037518  1.5
  0.47110573], constraints = [1.002410946995469, -0.14963051218401832, 1.002410946995469, 0.9130214342289357, 0.9130214342289357, 1.1999873404324983, 0.5135834533054972, 5.345342644031774]
iteration = 572.0 , objective = [1.31117714], inputs = [-0.14915036  0.01       -0.45277321  0.36192441  0.3         0.27
  2.          0.40784785  0.23554732  1.34210619  0.75        1.5
  0.6607003 ], constraints = [0.9947895878067416, -0.31299011129438875, 0.9947895878067416, 0.9018471385867847, 0.9018471385867847, 1.1782791775279202, 0.5, 4.90378949612861]
iteration = 573.0 , objective = [1.31726845], inputs = [-0.12042333  0.01       -0.45389026  0.36195051  0.3         0.27
  2.          0.39661773  0.23432361  1.23738975  0.75679173  1.5
  0.59750211], constraints = [0.9984855369663815, -0.2980654833020034, 0.9984855369663815, 0.9051761003692407, 0.9051761003692407, 1.1896092266647145, 0.504527817833882, 5.042638912398635]
iteration = 574.0 , objective = [1.32164089], inputs = [-0.10011026  0.01       -0.45468014  0.36196897  0.3         0.27
  2.          0.38867684  0.23345832  1.16334405  0.7615942   1.5
  0.55281424], constraints = [1.0004021331014241, -0.34502563882847004, 1.0004021331014241, 0.9077632957845434, 0.9077632957845434, 1.1954474179470544, 0.5077294684935229, 5.145662951502232]
iteration = 575.0 , objective = [1.31871036], inputs = [-0.11369679  0.01       -0.45415183  0.36195663  0.3         0.27
  2.          0.39398816  0.23403708  1.21287001  0.75838204  1.5
  0.58270402], constraints = [0.999184078622458, -0.2036828947641415, 0.999184078622458, 0.906010951944443, 0.906010951944443, 1.1917682089846589, 0.5055880234487522, 5.076294736041074]
iteration = 576.0 , objective = [1.31774933], inputs = [-0.11817831  0.01       -0.45397756  0.36195255  0.3         0.27
  2.          0.39574009  0.23422798  1.22920614  0.7573225   1.5
  0.59256316], constraints = [0.9987258847215419, -0.234148444475555, 0.9987258847215419, 0.9054523556444366, 0.9054523556444366, 1.190354435763369, 0.5048816679110488, 5.053822020720627]
iteration = 577.0 , objective = [1.31806938], inputs = [-0.11668446  0.01       -0.45403565  0.36195391  0.3         0.27
  2.          0.39515611  0.23416435  1.22376074  0.75767568  1.5
  0.58927676], constraints = [0.9988817478648588, -0.21815546353311235, 0.9988817478648588, 0.9056374962802299, 0.9056374962802299, 1.190836479661567, 0.5051171207767835, 5.061290817435875]
iteration = 578.0 , objective = [1.31866477], inputs = [-0.11390909  0.01       -0.45414357  0.36195643  0.3         0.27
  2.          0.39407115  0.23404612  1.21364389  0.75833184  1.5
  0.58317107], constraints = [0.999163010625738, -0.266605507835114, 0.999163010625738, 0.9059842743696279, 0.9059842743696279, 1.1917034508179856, 0.505554561559951, 5.075225636706346]
iteration = 579.0 , objective = [1.31871019], inputs = [-0.11369758  0.01       -0.4541518   0.36195663  0.3         0.27
  2.          0.39398847  0.23403711  1.21287289  0.75838185  1.5
  0.58270576], constraints = [0.9991840001265359, -0.24799719163769074, 0.9991840001265359, 0.9060108523514752, 0.9060108523514752, 1.191767967729125, 0.5055878985786182, 5.076290745632923]
iteration = 580.0 , objective = [1.31871035], inputs = [-0.11369681  0.01       -0.45415183  0.36195663  0.3         0.27
  2.          0.39398816  0.23403708  1.21287008  0.75838203  1.5
  0.58270406], constraints = [0.9991840765577477, -0.21991973737849302, 0.9991840765577477, 0.9060109493247906, 0.9060109493247906, 1.1917682026388172, 0.5055880201642248, 5.076294631079104]
iteration = 581.0 , objective = [1.31871036], inputs = [-0.11369679  0.01       -0.45415183  0.36195663  0.3         0.27
  2.          0.39398816  0.23403708  1.21287001  0.75838204  1.5
  0.58270402], constraints = [0.999184078621935, -0.20358800288702145, 0.999184078621935, 0.9060109519437791, 0.9060109519437791, 1.1917682089830526, 0.50558802344792, 5.0762947360144794]
iteration = 582.0 , objective = [1.32990669], inputs = [-0.12122178  0.01       -0.45800925  0.36262538  0.70771422  0.27
  2.          0.44666713  0.24362469  1.24656747  0.75        1.5
  0.59986024], constraints = [1.0001819474399056, 0.664879516156281, 1.0001819474399056, 0.9039673448671245, 0.9039673448671245, 1.195408875566974, 0.49999999999999994, 4.477607315070562]
iteration = 583.0 , objective = [1.32557857], inputs = [-0.11871345  0.01       -0.45672344  0.36240246  0.57180946  0.27
  2.          0.42910747  0.24042882  1.23533498  0.75279401  1.5
  0.5941415 ], constraints = [0.9998096662116163, 0.1805105149314883, 0.9998096662116163, 0.9038170860898476, 0.9038170860898476, 1.1952127227601448, 0.5018626747250325, 4.66083708139468]
iteration = 584.0 , objective = [1.32670133], inputs = [-0.11939754  0.01       -0.45707412  0.36246326  0.6088744   0.27
  2.          0.43389647  0.24130042  1.23839839  0.75203201  1.5
  0.59570115], constraints = [0.9999074104190032, 0.35888307758784005, 0.9999074104190032, 0.90378099202533, 0.90378099202533, 1.1953669672683684, 0.5013546724446626, 4.609394524552713]
iteration = 585.0 , objective = [1.32594796], inputs = [-0.11894147  0.01       -0.45684033  0.36242273  0.58416417  0.27
  2.          0.43070377  0.24071934  1.23635609  0.75254002  1.5
  0.59466137], constraints = [0.9998419215645833, 0.16696322728691027, 0.9998419215645833, 0.9037984607086306, 0.9037984607086306, 1.195272503493778, 0.5016933443923298, 4.643562835748266]
iteration = 586.0 , objective = [1.32570102], inputs = [-0.11878937  0.01       -0.45676236  0.36240921  0.57592298  0.27
  2.          0.42963896  0.24052555  1.23567496  0.75270944  1.5
  0.59431459], constraints = [0.9998203693929119, 0.2882390550943944, 0.9998203693929119, 0.903810147304628, 0.903810147304628, 1.1952335562041245, 0.5018062959738102, 4.655071344821328]
iteration = 587.0 , objective = [1.32568579], inputs = [-0.11877994  0.01       -0.45675753  0.36240837  0.5754124   0.27
  2.          0.42957299  0.24051354  1.23563276  0.75271994  1.5
  0.59429311], constraints = [0.999819038926606, 0.18650449876073066, 0.999819038926606, 0.903810968465527, 0.903810968465527, 1.195231020760159, 0.5018132937914461, 4.655786221407095]
iteration = 588.0 , objective = [1.32569571], inputs = [-0.11878608  0.01       -0.45676067  0.36240892  0.57574478  0.27
  2.          0.42961593  0.24052136  1.23566023  0.75271311  1.5
  0.59430709], constraints = [0.9998199049882158, 0.047014924018075575, 0.9998199049882158, 0.9038104326053048, 0.9038104326053048, 1.1952326729417324, 0.50180873825703, 4.655320816392669]
iteration = 589.0 , objective = [1.32569925], inputs = [-0.11878827  0.01       -0.4567618   0.36240911  0.57586363  0.27
  2.          0.42963129  0.24052415  1.23567006  0.75271066  1.5
  0.59431209], constraints = [0.999820214711891, 0.15014947933993505, 0.999820214711891, 0.9038102421725824, 0.9038102421725824, 1.1952332622203303, 0.5018071093945584, 4.655154430230016]
iteration = 590.0 , objective = [1.3257009], inputs = [-0.1187893   0.01       -0.45676232  0.3624092   0.57591905  0.27
  2.          0.42963845  0.24052546  1.23567464  0.75270952  1.5
  0.59431442], constraints = [0.9998203591614957, 0.258601183203156, 0.9998203591614957, 0.9038101535748136, 0.9038101535748136, 1.1952335367649023, 0.5018063497765103, 4.655076840310374]
iteration = 591.0 , objective = [1.32570102], inputs = [-0.11878937  0.01       -0.45676236  0.36240921  0.57592292  0.27
  2.          0.42963895  0.24052555  1.23567496  0.75270945  1.5
  0.59431459], constraints = [0.9998203692574348, 0.3163436797183043, 0.9998203692574348, 0.9038101473876493, 0.9038101473876493, 1.1952335559467304, 0.5018062966862268, 4.655071417588548]
iteration = 592.0 , objective = [1.32920504], inputs = [-0.1164219   0.01       -0.44747616  0.36254876  0.3         0.27
  2.          0.3983089   0.2333427   1.2233995   0.74728373  1.48545883
  0.5881658 ], constraints = [1.000165639702212, -0.10401353390333794, 1.000165639702212, 0.9013383302985268, 0.9013383302985268, 1.199254086555115, 0.5030659292058053, 5.02122855081479]
iteration = 593.0 , objective = [1.32570102], inputs = [-0.11878937  0.01       -0.45676236  0.36240921  0.57592292  0.27
  2.          0.42963895  0.24052555  1.23567496  0.75270945  1.5
  0.59431459], constraints = [0.9998203692574535, 0.31634189442236293, 0.9998203692574535, 0.9038101473872454, 0.9038101473872454, 1.1952335559472373, 0.501806296686359, 4.655071417624527]
iteration = 594.0 , objective = [1.32570102], inputs = [-0.11878937  0.01       -0.45676236  0.36240921  0.57592292  0.27
  2.          0.42963895  0.24052555  1.23567496  0.75270945  1.5
  0.59431459], constraints = [0.9998203692574467, 0.31633771620904066, 0.9998203692574467, 0.9038101473873965, 0.9038101473873965, 1.1952335559470475, 0.5018062966863095, 4.655071417611048]
iteration = 595.0 , objective = [1.32570102], inputs = [-0.11878937  0.01       -0.45676236  0.36240921  0.57592292  0.27
  2.          0.42963895  0.24052555  1.23567496  0.75270945  1.5
  0.59431459], constraints = [0.9998203692574347, 0.31635482336155446, 0.9998203692574347, 0.9038101473876458, 0.9038101473876458, 1.1952335559467355, 0.5018062966862279, 4.655071417588854]
iteration = 596.0 , objective = [1.32920487], inputs = [-0.11641682  0.01       -0.44747562  0.36254879  0.3         0.27
  2.          0.39830854  0.23334263  1.22338258  0.74728554  1.48546051
  0.58815438], constraints = [1.0001655578925706, -0.16140635271514575, 1.0001655578925706, 0.9013383619072056, 0.9013383619072056, 1.199253593569582, 0.5030665824561685, 5.021233070150852]
iteration = 597.0 , objective = [1.32570102], inputs = [-0.11878937  0.01       -0.45676236  0.36240921  0.57592287  0.27
  2.          0.42963895  0.24052555  1.23567495  0.75270944  1.5
  0.59431459], constraints = [0.9998203692899246, 0.3006395717667624, 0.9998203692899246, 0.9038101466971821, 0.9038101466971821, 1.1952335568104928, 0.5018062969123995, 4.65507147910484]
iteration = 598.0 , objective = [1.32570102], inputs = [-0.11878937  0.01       -0.45676236  0.36240921  0.57592289  0.27
  2.          0.42963895  0.24052555  1.23567495  0.75270944  1.5
  0.59431459], constraints = [0.9998203692790784, 0.3418985976248481, 0.9998203692790784, 0.9038101469276876, 0.9038101469276876, 1.195233556522136, 0.5018062968368939, 4.655071458568226]
iteration = 599.0 , objective = [1.32570102], inputs = [-0.11878937  0.01       -0.45676236  0.36240921  0.57592289  0.27
  2.          0.42963895  0.24052555  1.23567495  0.75270944  1.5
  0.59431459], constraints = [0.9998203692820424, 0.18292556363841658, 0.9998203692820424, 0.9038101468647025, 0.9038101468647025, 1.1952335566009302, 0.5018062968575258, 4.6550714641798105]
iteration = 600.0 , objective = [1.32570102], inputs = [-0.11878937  0.01       -0.45676236  0.36240921  0.57592289  0.27
  2.          0.42963895  0.24052555  1.23567495  0.75270944  1.5
  0.59431459], constraints = [0.9998203692793978, 0.34968810737063355, 0.9998203692793978, 0.9038101469209043, 0.9038101469209043, 1.1952335565306211, 0.501806296839116, 4.655071459172585]
iteration = 601.0 , objective = [1.32570102], inputs = [-0.11878937  0.01       -0.45676236  0.36240921  0.57592289  0.27
  2.          0.42963895  0.24052555  1.23567495  0.75270944  1.5
  0.59431459], constraints = [0.9998203692791856, 0.37952447384953686, 0.9998203692791856, 0.903810146925417, 0.903810146925417, 1.1952335565249772, 0.5018062968376378, 4.6550714587705455]
iteration = 602.0 , objective = [1.32570102], inputs = [-0.11878937  0.01       -0.45676236  0.36240921  0.57592289  0.27
  2.          0.42963895  0.24052555  1.23567495  0.75270944  1.5
  0.59431459], constraints = [0.9998203692791562, 0.3809735814969166, 0.9998203692791562, 0.9038101469260397, 0.9038101469260397, 1.1952335565242018, 0.5018062968374338, 4.65507145871507]
iteration = 603.0 , objective = [1.32570102], inputs = [-0.11878937  0.01       -0.45676236  0.36240921  0.57592289  0.27
  2.          0.42963895  0.24052555  1.23567495  0.75270944  1.5
  0.59431459], constraints = [0.9998203692791324, 0.2569032973603051, 0.9998203692791324, 0.903810146926546, 0.903810146926546, 1.1952335565235666, 0.501806296837268, 4.6550714586699415]
iteration = 604.0 , objective = [1.32570102], inputs = [-0.11878937  0.01       -0.45676236  0.36240921  0.57592289  0.27
  2.          0.42963895  0.24052555  1.23567495  0.75270944  1.5
  0.59431459], constraints = [0.9998203692791463, 0.32491155139740774, 0.9998203692791463, 0.9038101469262498, 0.9038101469262498, 1.1952335565239345, 0.501806296837365, 4.655071458696332]
iteration = 605.0 , objective = [1.32570102], inputs = [-0.11878937  0.01       -0.45676236  0.36240921  0.57592289  0.27
  2.          0.42963895  0.24052555  1.23567495  0.75270944  1.5
  0.59431459], constraints = [0.9998203692791541, 0.383216397416248, 0.9998203692791541, 0.9038101469260813, 0.9038101469260813, 1.195233556524145, 0.5018062968374202, 4.655071458711341]
iteration = 606.0 , objective = [1.3296539], inputs = [-0.139226    0.01       -0.44917228  0.36195524  0.3         0.27
  2.          0.35630266  0.22551435  1.2914926   0.72026636  1.44074678
  0.63884243], constraints = [1.0021360020954169, -0.25187667353177723, 1.0021360020954169, 0.9079289681287298, 0.9079289681287298, 1.2094189544112632, 0.4999257128963482, 5.613205292674304]
iteration = 607.0 , objective = [1.32570102], inputs = [-0.11878937  0.01       -0.45676236  0.36240921  0.57592289  0.27
  2.          0.42963895  0.24052555  1.23567495  0.75270944  1.5
  0.59431459], constraints = [0.9998203692803451, 0.252070237398121, 0.9998203692803451, 0.9038101469007719, 0.9038101469007719, 1.1952335565558059, 0.5018062968254214, 4.6550714639895]
iteration = 608.0 , objective = [1.32570102], inputs = [-0.11878937  0.01       -0.45676236  0.36240921  0.57592289  0.27
  2.          0.42963895  0.24052555  1.23567495  0.75270944  1.5
  0.59431459], constraints = [0.9998203692791544, 0.38315800431729724, 0.9998203692791544, 0.9038101469260779, 0.9038101469260779, 1.1952335565241512, 0.5018062968374185, 4.655071458712056]
iteration = 609.0 , objective = [1.33094069], inputs = [-0.11878743  0.01       -0.45675303  0.36273395  0.57617578  0.27
  2.          0.41943652  0.23728008  1.23450043  0.75233048  1.5
  0.59432032], constraints = [1.0000135755963957, 0.04405664502611579, 1.0000135755963957, 0.9001327462601629, 0.9001327462601629, 1.1999001847129727, 0.5015536509156767, 4.768301984813877]
iteration = 610.0 , objective = [1.32917308], inputs = [-0.11878808  0.01       -0.45675614  0.36262571  0.57609148  0.27
  2.          0.42283733  0.2383619   1.23489194  0.7524568   1.5
  0.59431841], constraints = [0.9999460489844094, 0.06021087929672979, 0.9999460489844094, 0.9013286864767137, 0.9013286864767137, 1.1983670785646825, 0.5016378662230928, 4.729951346828277]
iteration = 611.0 , objective = [1.32570103], inputs = [-0.11878937  0.01       -0.45676236  0.36240921  0.57592289  0.27
  2.          0.42963892  0.24052554  1.23567495  0.75270944  1.5
  0.59431459], constraints = [0.9998203696927999, 0.30814982213748665, 0.9998203696927999, 0.9038101381356152, 0.9038101381356152, 1.1952335675208992, 0.5018062962545357, 4.655071713744338]
iteration = 612.0 , objective = [1.32570102], inputs = [-0.11878937  0.01       -0.45676236  0.36240921  0.57592289  0.27
  2.          0.42963894  0.24052554  1.23567495  0.75270944  1.5
  0.59431459], constraints = [0.9998203693337713, 0.3014571630155207, 0.9998203693337713, 0.9038101457653942, 0.9038101457653942, 1.1952335579761488, 0.5018062967604565, 4.6550714923857175]
iteration = 613.0 , objective = [1.32570102], inputs = [-0.11878937  0.01       -0.45676236  0.36240921  0.57592289  0.27
  2.          0.42963895  0.24052555  1.23567495  0.75270944  1.5
  0.59431459], constraints = [0.9998203692791541, 0.3832642207744784, 0.9998203692791541, 0.9038101469260779, 0.9038101469260779, 1.1952335565241492, 0.50180629683742, 4.65507145871144]
iteration = 614.0 , objective = [1.32570102], inputs = [-0.11878937  0.01       -0.45676236  0.36240921  0.57592289  0.27
  2.          0.42963895  0.24052555  1.23567495  0.75270944  1.5
  0.59431459], constraints = [0.9998203692791544, 0.3832597658265396, 0.9998203692791544, 0.9038101469260745, 0.9038101469260745, 1.1952335565241525, 0.5018062968374197, 4.65507145871154]
iteration = 615.0 , objective = [1.32570102], inputs = [-0.11878937  0.01       -0.45676236  0.36240921  0.57592289  0.27
  2.          0.42963895  0.24052555  1.23567495  0.75270944  1.5
  0.59431459], constraints = [0.9998203692791544, 0.38315800431729724, 0.9998203692791544, 0.9038101469260779, 0.9038101469260779, 1.1952335565241512, 0.5018062968374185, 4.655071458712056]
iteration = 616.0 , objective = [1.33093891], inputs = [-0.11878741  0.01       -0.45675299  0.36273376  0.57617687  0.27
  2.          0.41941483  0.23727603  1.2345008   0.75233079  1.5
  0.59432036], constraints = [1.0000136492432308, 0.1077090123302208, 1.0000136492432308, 0.9001333331784337, 0.9001333331784337, 1.1998994868648256, 0.5015538613402386, 4.768548614870792]
iteration = 617.0 , objective = [1.32570102], inputs = [-0.11878937  0.01       -0.45676236  0.36240921  0.57592289  0.27
  2.          0.42963894  0.24052554  1.23567495  0.75270944  1.5
  0.59431459], constraints = [0.9998203694040043, 0.22070683910362437, 0.9998203694040043, 0.9038101442728544, 0.9038101442728544, 1.1952335598432944, 0.5018062966616346, 4.655071535851638]
iteration = 618.0 , objective = [1.32570102], inputs = [-0.11878937  0.01       -0.45676236  0.36240921  0.57592289  0.27
  2.          0.42963894  0.24052554  1.23567495  0.75270944  1.5
  0.59431459], constraints = [0.9998203693622283, 0.3089205427171164, 0.9998203693622283, 0.9038101451606415, 0.9038101451606415, 1.1952335587326834, 0.5018062967204535, 4.655071510039988]
iteration = 619.0 , objective = [1.32570102], inputs = [-0.11878937  0.01       -0.45676236  0.36240921  0.57592289  0.27
  2.          0.42963895  0.24052555  1.23567495  0.75270944  1.5
  0.59431459], constraints = [0.9998203692791542, 0.3832597658265396, 0.9998203692791542, 0.9038101469260745, 0.9038101469260745, 1.1952335565241516, 0.5018062968374197, 4.65507145871154]
iteration = 620.0 , objective = [1.3318006], inputs = [-0.11891323  0.01       -0.45644748  0.36283657  0.57593474  0.27
  2.          0.42887939  0.23903986  1.23560466  0.75258655  1.49981534
  0.59422468], constraints = [0.9999946099590622, -0.18979208240760012, 0.9999946099590622, 0.899998011319287, 0.899998011319287, 1.200013994649417, 0.5017861407018817, 4.6633157519603285]
iteration = 621.0 , objective = [1.32977097], inputs = [-0.11887194  0.01       -0.45655244  0.36269412  0.57593079  0.27
  2.          0.42913257  0.23953509  1.23562809  0.75262752  1.49987689
  0.59425465], constraints = [0.9999376527760714, -0.1853256324598458, 0.9999376527760714, 0.9012691659761314, 0.9012691659761314, 1.1984173937699092, 0.5017928599693102, 4.660564409782397]
iteration = 622.0 , objective = [1.3257011], inputs = [-0.11878937  0.01       -0.45676235  0.36240921  0.57592289  0.27
  2.          0.42963894  0.24052553  1.23567495  0.75270944  1.5
  0.59431459], constraints = [0.9998203716311915, 0.3822839989022177, 0.9998203716311915, 0.9038100969424615, 0.9038100969424615, 1.195233619052999, 0.5018062965730331, 4.65507156667344]
iteration = 623.0 , objective = [1.32570102], inputs = [-0.11878937  0.01       -0.45676236  0.36240921  0.57592289  0.27
  2.          0.42963895  0.24052555  1.23567495  0.75270944  1.5
  0.59431459], constraints = [0.9998203692791542, 0.38333917354188735, 0.9998203692791542, 0.9038101469260712, 0.9038101469260712, 1.195233556524156, 0.5018062968374198, 4.655071458711455]
iteration = 624.0 , objective = [1.32808073], inputs = [-0.11883633  0.01       -0.45664012  0.36257511  0.57592737  0.27
  2.          0.42934468  0.23995035  1.2356491   0.75266485  1.49992606
  0.59427693], constraints = [0.9998972489121152, -0.19253243836248238, 0.9998972489121152, 0.9023348288356011, 0.9023348288356011, 1.1971454314855685, 0.5018012999540508, 4.658261999893111]
iteration = 625.0 , objective = [1.32570102], inputs = [-0.11878937  0.01       -0.45676236  0.36240921  0.57592289  0.27
  2.          0.42963895  0.24052555  1.23567495  0.75270944  1.5
  0.59431459], constraints = [0.9998203692940363, 0.40623634199889064, 0.9998203692940363, 0.9038101466433194, 0.9038101466433194, 1.1952335568902357, 0.5018062968364619, 4.6550714593226425]
iteration = 626.0 , objective = [1.32570102], inputs = [-0.11878937  0.01       -0.45676236  0.36240921  0.57592289  0.27
  2.          0.42963895  0.24052555  1.23567495  0.75270944  1.5
  0.59431459], constraints = [0.9998203692890978, 0.37006731234786727, 0.9998203692890978, 0.9038101467371523, 0.9038101467371523, 1.1952335567687524, 0.5018062968367799, 4.655071459119816]
iteration = 627.0 , objective = [1.32570102], inputs = [-0.11878937  0.01       -0.45676236  0.36240921  0.57592289  0.27
  2.          0.42963895  0.24052555  1.23567495  0.75270944  1.5
  0.59431459], constraints = [0.9998203692924091, 0.419709668494037, 0.9998203692924091, 0.903810146674243, 0.903810146674243, 1.1952335568502022, 0.5018062968365667, 4.655071459255798]
iteration = 628.0 , objective = [1.32570102], inputs = [-0.11878937  0.01       -0.45676236  0.36240921  0.57592289  0.27
  2.          0.42963895  0.24052555  1.23567495  0.75270944  1.5
  0.59431459], constraints = [0.9998203692912484, 0.4180813932458303, 0.9998203692912484, 0.9038101466962961, 0.9038101466962961, 1.1952335568216492, 0.5018062968366415, 4.655071459208129]
iteration = 629.0 , objective = [1.32570102], inputs = [-0.11878937  0.01       -0.45676236  0.36240921  0.57592289  0.27
  2.          0.42963895  0.24052555  1.23567495  0.75270944  1.5
  0.59431459], constraints = [0.9998203692920755, 0.3773220326530543, 0.9998203692920755, 0.9038101466805876, 0.9038101466805876, 1.1952335568419898, 0.5018062968365883, 4.655071459242085]
iteration = 630.0 , objective = [1.32570102], inputs = [-0.11878937  0.01       -0.45676236  0.36240921  0.57592289  0.27
  2.          0.42963895  0.24052555  1.23567495  0.75270944  1.5
  0.59431459], constraints = [0.9998203692921935, 0.4177585544977388, 0.9998203692921935, 0.9038101466783405, 0.9038101466783405, 1.195233556844897, 0.5018062968365806, 4.655071459246942]
iteration = 631.0 , objective = [1.32570102], inputs = [-0.11878937  0.01       -0.45676236  0.36240921  0.57592289  0.27
  2.          0.42963895  0.24052555  1.23567495  0.75270944  1.5
  0.59431459], constraints = [0.99982036929238, 0.41855339418799364, 0.99982036929238, 0.9038101466747878, 0.9038101466747878, 1.195233556849494, 0.5018062968365686, 4.6550714592546205]
iteration = 632.0 , objective = [1.32570102], inputs = [-0.11878937  0.01       -0.45676236  0.36240921  0.57592289  0.27
  2.          0.42963895  0.24052555  1.23567495  0.75270944  1.5
  0.59431459], constraints = [0.9998203692924089, 0.40961852087418976, 0.9998203692924089, 0.903810146674247, 0.903810146674247, 1.1952335568501964, 0.5018062968365667, 4.65507145925579]
iteration = 633.0 , objective = [1.32570102], inputs = [-0.11878937  0.01       -0.45676236  0.36240921  0.57592289  0.27
  2.          0.42963895  0.24052555  1.23567495  0.75270944  1.5
  0.59431459], constraints = [0.9998203692924091, 0.40620682772156086, 0.9998203692924091, 0.9038101466742443, 0.9038101466742443, 1.1952335568502006, 0.5018062968365667, 4.655071459255796]
iteration = 634.0 , objective = [1.3309785], inputs = [-0.11888001  0.01       -0.45649326  0.36277222  0.57593123  0.27
  2.          0.42900058  0.23928263  1.23563554  0.75264906  1.49981054
  0.59419811], constraints = [1.0000661592795344, -0.26532217876656866, 1.0000661592795344, 0.9006227665774066, 0.9006227665774066, 1.2000119541020902, 0.501829424480819, 4.661998371596836]
iteration = 635.0 , objective = [1.32570102], inputs = [-0.11878937  0.01       -0.45676236  0.36240921  0.57592289  0.27
  2.          0.42963895  0.24052555  1.23567495  0.75270944  1.5
  0.59431459], constraints = [0.9998203692948368, 0.40116704733987363, 0.9998203692948368, 0.9038101466432197, 0.9038101466432197, 1.195233556896615, 0.5018062968367919, 4.655071459323148]
iteration = 636.0 , objective = [1.32570102], inputs = [-0.11878937  0.01       -0.45676236  0.36240921  0.57592289  0.27
  2.          0.42963895  0.24052555  1.23567495  0.75270944  1.5
  0.59431459], constraints = [0.9998203692924089, 0.41007148727955023, 0.9998203692924089, 0.9038101466742402, 0.9038101466742402, 1.1952335568502046, 0.5018062968365669, 4.6550714592558045]
iteration = 637.0 , objective = [1.32571291], inputs = [-0.11878937  0.01       -0.45676236  0.3624096   0.57592289  0.27
  2.          0.42963896  0.24052541  1.23567496  0.75270945  1.5
  0.59431459], constraints = [0.9998229509550605, 0.16045604025445317, 0.9998229509550605, 0.9038097629071935, 0.9038097629071935, 1.1952413193823443, 0.5018062991878862, 4.65507127277946]
iteration = 638.0 , objective = [1.32570892], inputs = [-0.11878937  0.01       -0.45676236  0.36240947  0.57592289  0.27
  2.          0.42963896  0.24052546  1.23567496  0.75270945  1.5
  0.59431459], constraints = [0.9998220840224248, 0.1870717298976861, 0.9998220840224248, 0.9038098917776659, 0.9038098917776659, 1.195238712689855, 0.5018062983983039, 4.655071335398937]
iteration = 639.0 , objective = [1.32570102], inputs = [-0.11878937  0.01       -0.45676236  0.36240921  0.57592289  0.27
  2.          0.42963895  0.24052555  1.23567495  0.75270944  1.5
  0.59431459], constraints = [0.9998203693205207, 0.39697345868598954, 0.9998203693205207, 0.9038101466700642, 0.9038101466700642, 1.1952335569347294, 0.5018062968365923, 4.655071459253768]
iteration = 640.0 , objective = [1.32570102], inputs = [-0.11878937  0.01       -0.45676236  0.36240921  0.57592289  0.27
  2.          0.42963895  0.24052555  1.23567495  0.75270944  1.5
  0.59431459], constraints = [0.9998203692924091, 0.419709668494037, 0.9998203692924091, 0.903810146674243, 0.903810146674243, 1.1952335568502022, 0.5018062968365667, 4.655071459255798]
