iteration = 450.0 , objective = [4.5267769], inputs = [0.01       0.01       0.01       0.5        0.5        0.5
 0.15       2.         1.         0.075      0.52359878 1.
 0.5        0.31415927], constraints = [1.2936648941558044, 1.0880422920474513, 1.2936648941558044, 0.4811030397324908, 0.4811030397324908, 1654.0092433440886, 2.0, 2.0, -0.21644847301561176, -0.21644847301561176]
iteration = 451.0 , objective = [4.52676338], inputs = [0.01000058 0.00999942 0.01000058 0.49999942 0.50000058 0.49999942
 0.15000058 1.99999942 1.00000058 0.07499942 0.52359935 0.99999942
 0.50000058 0.31415869], constraints = [1.2936637241134712, 1.0880504343391832, 1.2936637241134712, 0.48109796023457524, 0.48109796023457524, 1654.0696490394084, 1.9999965320837503, 1.999998265971513, -0.21645044967274613, -0.21645044967274613]
iteration = 452.0 , objective = [4.14866836], inputs = [0.0143793  0.08189587 0.01556248 0.48099029 0.50605921 0.50124143
 0.08780297 2.         0.99605164 0.09905577 0.58508006 1.00320068
 0.52589561 0.2447078 ], constraints = [1.050636783517488, 1.0169794585022038, 1.050636783517488, 0.9870986764331902, 0.9870986764331902, 950.9000348448213, 1.9076042174355397, 2.00792802343607, 0.12699901238888953, 0.12699901238888953]
iteration = 453.0 , objective = [3.80265614], inputs = [0.01769018 0.09828589 0.01556248 0.37211827 0.50605921 0.4962971
 0.19253542 2.         0.99244161 0.13558613 0.62706836 1.00927803
 0.53443328 0.20563643], constraints = [0.9175012647814046, 1.5149404931320183, 0.9175012647814046, 0.6554227510665851, 0.6554227510665851, 482.63523822438555, 1.8885014531465685, 2.0152319114011634, 0.20508812241519933, 0.20508812241519933]
iteration = 454.0 , objective = [3.95896678], inputs = [0.01532036 0.08655445 0.01556248 0.4500453  0.50605921 0.49983609
 0.11757136 2.         0.99502555 0.10943889 0.59701451 1.00492806
 0.52832229 0.23360244], constraints = [1.054387370107505, 1.1438054993067939, 1.054387370107505, 0.8373940187727074, 0.8373940187727074, 785.8781817503666, 1.902111782590942, 2.009998636596479, 0.14241532699703666, 0.14241532699703666]
iteration = 455.0 , objective = [4.10188219], inputs = [0.01191674 0.09059812 0.01556248 0.47751677 0.50605921 0.50124143
 0.09482607 2.         0.99605164 0.09905577 0.58508006 1.00320068
 0.52589561 0.2447078 ], constraints = [1.042758905664582, 1.0143341852557461, 1.042758905664582, 0.924654768031521, 0.924654768031521, 788.0683903793172, 1.9076042174355397, 2.00792802343607, 0.1405420947972514, 0.1405420947972514]
iteration = 456.0 , objective = [3.77037868], inputs = [-0.03589402  0.17565978  0.01565308  0.41663788  0.51410108  0.56846853
  0.20689365  2.          0.97985016  0.11141264  0.65149345  1.01443687
  0.55164002  0.1353407 ], constraints = [0.7413620662786666, 1.0453347848296646, 0.7413620662786666, 0.5152946949438156, 0.5152946949438156, 42.39894846480184, 1.8389471885897613, 2.041128405322329, 0.1650987710323873, 0.1650987710323873]
iteration = 457.0 , objective = [3.98320491], inputs = [-0.04605245  0.19900226  0.01531277  0.48105394  0.51809073  0.5873321
  0.26861609  2.          0.96559407  0.11799378  0.65081247  1.00812792
  0.56751413  0.11663454], constraints = [0.995128491735833, 1.0235824402444667, 0.995128491735833, 0.4284761772419989, 0.4284761772419989, 14.131846919684738, 1.776392646707314, 2.0712637523418937, 0.1705740670166585, 0.1705740670166585]
iteration = 458.0 , objective = [4.0646923], inputs = [-0.04775378  0.20901777  0.01460766  0.48280193  0.51993159  0.59274305
  0.3         2.          0.95106573  0.12204706  0.61539892  0.99161631
  0.58080617  0.13587826], constraints = [0.9960458284460385, 1.025573736082505, 0.9960458284460385, 0.3999644389711278, 0.3999644389711278, 5.628768524871723, 1.7073102269279878, 2.102904077255847, 0.1750209626075255, 0.1750209626075255]
iteration = 459.0 , objective = [4.15571803], inputs = [-0.04672527  0.22222103  0.01371167  0.48759656  0.52173497  0.59106263
  0.3         2.          0.93077612  0.1409188   0.57729623  0.97012283
  0.60141845  0.1536133 ], constraints = [0.9999068775990869, 1.0130495218461506, 0.9999068775990869, 0.45691705259487253, 0.45691705259487253, 2.554097940210825, 1.6130579988371259, 2.14874442583612, 0.17971288417347386, 0.17971288417347386]
iteration = 460.0 , objective = [4.2104121], inputs = [-0.03909788  0.23172594  0.01264018  0.48265872  0.52396568  0.5813823
  0.3         2.          0.9062536   0.16693649  0.55849554  0.94882369
  0.62871204  0.15232944], constraints = [0.9995746615201662, 1.0460909519139245, 0.9995746615201662, 0.5337023812511534, 0.5337023812511534, 1.5277718553927204, 1.5091546382897199, 2.2068877939737495, 0.17466182592977833, 0.17466182592977833]
iteration = 461.0 , objective = [4.20295617], inputs = [-0.02417581  0.23766105  0.01130994  0.46548482  0.52631002  0.56268782
  0.3         2.          0.87836059  0.19807521  0.54264092  0.92455666
  0.66428992  0.14704388], constraints = [0.998332699552439, 1.1483734271031771, 0.998332699552439, 0.6232091637852847, 0.6232091637852847, 1.2556726041108353, 1.391796918727848, 2.2769691959261515, 0.17281971231849683, 0.17281971231849683]
iteration = 462.0 , objective = [4.12103843], inputs = [0.0228019  0.25132468 0.00793959 0.41329593 0.53212931 0.50441077
 0.3        2.         0.80878627 0.27914902 0.51348419 0.86743658
 0.76462898 0.11886461], constraints = [0.9794799850238094, 1.5211899886739493, 0.9794799850238094, 0.8451105077238164, 0.8451105077238164, 1.2887595979253743, 1.1344542288352286, 2.472841194092325, 0.1572303783931056, 0.1572303783931056]
iteration = 463.0 , objective = [4.10378669], inputs = [0.03308589 0.2678566  0.00745772 0.41217073 0.53365107 0.4862872
 0.3        2.         0.78828016 0.29981902 0.51853432 0.851529
 0.79444905 0.10038635], constraints = [0.9995765079766135, 1.570230252805815, 0.9995765079766135, 0.899568727922135, 0.899568727922135, 1.2145020349795943, 1.0718484787830984, 2.5371690203325685, 0.16805636504462182, 0.16805636504462182]
iteration = 464.0 , objective = [4.08589769], inputs = [0.04305967 0.2998473  0.00772807 0.41578777 0.53419565 0.45833063
 0.3        2.         0.77116307 0.29944717 0.53039475 0.83720165
 0.83142338 0.07435294], constraints = [0.9997667666310585, 1.5453494003786052, 0.9997667666310585, 0.9000702448879806, 0.9000702448879806, 1.2158139220774815, 1.0069498590391943, 2.593485189439481, 0.16264222595093955, 0.16264222595093955]
iteration = 465.0 , objective = [4.25856509], inputs = [0.08290206 0.43027694 0.00836351 0.41750819 0.5360671  0.34104492
 0.3        2.         0.69891157 0.29689415 0.53985736 0.76411516
 0.9842966  0.00984879], constraints = [1.0152329217669434, 1.5712138213633686, 1.0152329217669434, 0.9014885418198327, 0.9014885418198327, 1.3126608895387633, 0.7763058045522669, 2.861592351059139, 0.03868421740743278, 0.03868421740743278]
iteration = 466.0 , objective = [4.09286258], inputs = [0.06680698 0.37758746 0.00810681 0.41681319 0.53531109 0.38842467
 0.3        2.         0.72809891 0.29792549 0.53603476 0.79363981
 0.92254061 0.03590644], constraints = [1.0053786575207915, 1.5557525018214597, 1.0053786575207915, 0.9005321535089092, 0.9005321535089092, 1.24757253802427, 0.8602762888884439, 2.746879542570001, 0.11596848556598448, 0.11596848556598448]
iteration = 467.0 , objective = [4.06295747], inputs = [9.77879737e-02 4.95940728e-01 9.38966491e-03 4.10522124e-01
 5.35277533e-01 3.00000000e-01 3.00000000e-01 2.00000000e+00
 6.67138007e-01 2.95001807e-01 5.38080053e-01 7.17915979e-01
 1.05925324e+00 1.95193732e-03], constraints = [1.0126788180750645, 1.6315361241653918, 1.0126788180750645, 0.901277316487559, 0.901277316487559, 1.2606687181548968, 0.6777566978265829, 2.9978804679264766, 0.08158840129772156, 0.08158840129772156]
iteration = 468.0 , objective = [3.93262317], inputs = [0.10314725 0.51018936 0.00993387 0.40480153 0.53453984 0.3
 0.3        2.         0.65547002 0.2937753  0.53541314 0.69736981
 1.0904591  0.00307459], constraints = [1.0005053073383796, 1.6648206842891224, 1.0005053073383796, 0.9000573675498804, 0.9000573675498804, 1.2103938147230102, 0.6395194547777462, 3.051245590341234, 0.172631224056978, 0.172631224056978]
iteration = 469.0 , objective = [3.93306657], inputs = [ 1.04052693e-01  5.10794392e-01  9.96899574e-03  4.05421186e-01
  5.34599230e-01  3.00000000e-01  3.00000000e-01  2.00000000e+00
  6.53084853e-01  2.93595628e-01  5.38655139e-01  6.94625377e-01
  1.09612970e+00 -2.89308895e-06], constraints = [0.9999760728145837, 1.6590932240150882, 0.9999760728145837, 0.900002512685317, 0.900002512685317, 1.2000865551853743, 0.6337072833524129, 3.06238920063786, 0.1725723840465379, 0.1725723840465379]
iteration = 470.0 , objective = [3.93097836], inputs = [ 0.1119176   0.51172079  0.01006937  0.40707391  0.53508059  0.3
  0.3         2.          0.63594818  0.29245208  0.55689722  0.67305165
  1.13931945 -0.01813295], constraints = [0.9997392185704357, 1.6483230030721054, 0.9997392185704357, 0.9001344501094225, 0.9001344501094225, 1.1974786376258213, 0.5907488462141463, 3.144910351905708, 0.17193669198570444, 0.17193669198570444]
iteration = 471.0 , objective = [3.92872236], inputs = [ 0.12207363  0.51111567  0.01009     0.40686926  0.53570329  0.3
  0.3         2.          0.61394453  0.29079389  0.57618799  0.64195398
  1.19623805 -0.03569757], constraints = [1.0002429610498862, 1.656133536425793, 1.0002429610498862, 0.9002424918489815, 0.9002424918489815, 1.191562868660903, 0.5366440021814768, 3.2576232929649485, 0.17212268682344523, 0.17212268682344523]
iteration = 472.0 , objective = [3.9244038], inputs = [ 0.12905979  0.50887813  0.01002049  0.4046305   0.53613005  0.3
  0.3         2.          0.59909691  0.28948373  0.58688563  0.61962519
  1.23631334 -0.04364149], constraints = [1.000274373531705, 1.6797211953467257, 1.000274373531705, 0.90012121772806, 0.90012121772806, 1.1978463294601454, 0.5011878210721668, 3.3383580880102817, 0.17264930066067383, 0.17264930066067383]
iteration = 473.0 , objective = [3.92302543], inputs = [ 0.12822505  0.50724816  0.0099342   0.40282771  0.53613125  0.3
  0.3         2.          0.59933067  0.28945658  0.58537715  0.61881348
  1.23762385 -0.03779286], constraints = [0.9999374672080715, 1.695399427645446, 0.9999374672080715, 0.9000000294876948, 0.9000000294876948, 1.2013053818967747, 0.5000012577678509, 3.3370559626058918, 0.17259673294029154, 0.17259673294029154]
iteration = 474.0 , objective = [3.92299852], inputs = [ 0.12718881  0.50641248  0.00988878  0.40189884  0.53611972  0.3
  0.3         2.          0.59961345  0.28948151  0.58521914  0.61932187
  1.23864373 -0.03327878], constraints = [0.9999811608572544, 1.7037802835455103, 0.9999811608572544, 0.9000000460445632, 0.9000000460445632, 1.2004293383245344, 0.5000000010356304, 3.3354822006035287, 0.17259549819962577, 0.17259549819962577]
iteration = 475.0 , objective = [3.92297956], inputs = [ 0.12650425  0.50612058  0.00987898  0.4015868   0.53611181  0.3
  0.3         2.          0.59950395  0.28947185  0.58637854  0.62025365
  1.2405073  -0.03097905], constraints = [0.9999977774622908, 1.706624044771682, 0.9999977774622908, 0.9000000068989533, 0.9000000068989533, 1.200037001589021, 0.5000000000015556, 3.3360914243952595, 0.17259588169398069, 0.17259588169398069]
iteration = 476.0 , objective = [3.92251005], inputs = [ 0.12262485  0.50490908  0.00986349  0.40035264  0.53606637  0.3
  0.3         2.          0.59828246  0.2893642   0.59569096  0.62691463
  1.25382927 -0.01923381], constraints = [0.9999643101677786, 1.7178555629538594, 0.9999643101677786, 0.9000008605177885, 0.9000008605177885, 1.2003521391658776, 0.5000000000000164, 3.3429026350110345, 0.17259279794590127, 0.17259279794590127]
iteration = 477.0 , objective = [3.92182557], inputs = [ 1.15960911e-01  5.03525804e-01  9.89015752e-03  3.99051559e-01
  5.35986866e-01  3.00000000e-01  3.00000000e-01  2.00000000e+00
  5.95488848e-01  2.89116102e-01  6.14967735e-01  6.39870406e-01
  1.27974081e+00 -8.63185865e-04], constraints = [0.9999402582042087, 1.7299009355536143, 0.9999402582042087, 0.9000045388415544, 0.9000045388415544, 1.2001994518003645, 0.5000000000000164, 3.358585146310099, 0.17258651759326432, 0.17258651759326432]
iteration = 478.0 , objective = [3.92011476], inputs = [0.09952589 0.50106108 0.01003274 0.39697727 0.53578689 0.3
 0.3        2.         0.58770653 0.28841413 0.66739089 0.67413002
 1.34826005 0.04191438], constraints = [0.999749230413406, 1.749266716582862, 0.999749230413406, 0.9000359871975419, 0.9000359871975419, 1.201586018185957, 0.5000000000000165, 3.4030589843822954, 0.17256014211180082, 0.17256014211180082]
iteration = 479.0 , objective = [3.91928728], inputs = [0.08939005 0.50054168 0.01019141 0.3968553  0.53565599 0.3
 0.3        2.         0.58240514 0.28790353 0.70368457 0.69690443
 1.39380887 0.06588538], constraints = [0.9999338197830718, 1.7509378993847975, 0.9999338197830718, 0.9000172612641467, 0.9000172612641467, 1.2026809075995089, 0.5000000000000165, 3.4340356506912557, 0.1725959226969725, 0.1725959226969725]
iteration = 480.0 , objective = [3.91925004], inputs = [0.08933785 0.50156922 0.01026539 0.39798689 0.53564439 0.3
 0.3        2.         0.58215146 0.28787232 0.70797833 0.69862445
 1.3972489  0.06350249], constraints = [0.9999691233437996, 1.7404897123469096, 0.9999691233437996, 0.9000000400690285, 0.9000000400690285, 1.2009087623690764, 0.5000000000000167, 3.435532030335902, 0.17258926850628437, 0.17258926850628437]
iteration = 481.0 , objective = [3.91931351], inputs = [0.09155253 0.50223836 0.01027176 0.3986371  0.53566224 0.3
 0.3        2.         0.58361207 0.28801302 0.70235751 0.69446156
 1.38892312 0.05689267], constraints = [0.9999926096908589, 1.7344238843560378, 0.9999926096908589, 0.9000013313509625, 0.9000013313509625, 1.2001197733506057, 0.5000000000000167, 3.426933926486032, 0.1725985194156939, 0.1725985194156939]
iteration = 482.0 , objective = [3.91932826], inputs = [0.0917885  0.50232918 0.01027385 0.39872732 0.53565777 0.3
 0.3        2.         0.58432312 0.28808049 0.70173794 0.69384193
 1.38768385 0.05615283], constraints = [0.9999997341220418, 1.733532685924485, 0.9999997341220418, 0.9000003137144954, 0.9000003137144954, 1.2000019174296916, 0.5000000000000167, 3.422763783463844, 0.17259618962673215, 0.17259618962673215]
iteration = 483.0 , objective = [3.91926901], inputs = [0.09256402 0.50284149 0.01029792 0.39924685 0.53558851 0.3
 0.3        2.         0.59124817 0.28874016 0.69989869 0.69051759
 1.38103519 0.05327632], constraints = [1.0000052698003343, 1.728046386498024, 1.0000052698003343, 0.9000293585365767, 0.9000293585365767, 1.200054147391119, 0.5000000000000167, 3.3826743125067287, 0.1726029393286712, 0.1726029393286712]
iteration = 484.0 , objective = [3.91921237], inputs = [0.09207457 0.50320645 0.01033603 0.39964062 0.53546442 0.3
 0.3        2.         0.6007898  0.28960597 0.70151374 0.68857785
 1.37715569 0.05369781], constraints = [1.000010527726559, 1.723391143977101, 1.000010527726559, 0.9000536960779373, 0.9000536960779373, 1.200011108707641, 0.5000000000000167, 3.3289513107921707, 0.1726042447362826, 0.1726042447362826]
iteration = 485.0 , objective = [3.91913462], inputs = [0.08956498 0.50350371 0.0104112  0.4000095  0.53521299 0.3
 0.3        2.         0.61742515 0.29104121 0.70883825 0.687997
 1.37599401 0.05903761], constraints = [1.0000249530737095, 1.7181158705642336, 1.0000249530737095, 0.9001541692980172, 0.9001541692980172, 1.1999637050250267, 0.5000000000000167, 3.239259067232941, 0.17260917228989844, 0.17260917228989844]
iteration = 486.0 , objective = [3.91910822], inputs = [0.08759525 0.50337521 0.01044416 0.39991816 0.53509996 0.3
 0.3        2.         0.62294171 0.29142359 0.71431553 0.68964
 1.37928    0.06397182], constraints = [0.9999990045344826, 1.7181599528695572, 0.9999990045344826, 0.9000159433773808, 0.9000159433773808, 1.2000068717989973, 0.5000000000000165, 3.210573261446427, 0.17259490933648974, 0.17259490933648974]
iteration = 487.0 , objective = [3.91910183], inputs = [0.08667363 0.50318479 0.01045121 0.39973653 0.53507209 0.3
 0.3        2.         0.62307364 0.2914276  0.71680223 0.69100023
 1.38200045 0.06652967], constraints = [0.9999986673116622, 1.719714767614404, 0.9999986673116622, 0.9000000089398638, 0.9000000089398638, 1.2000096711613608, 0.5000000000000165, 3.2098934309564857, 0.1725958936645514, 0.1725958936645514]
iteration = 488.0 , objective = [3.91910162], inputs = [0.08663744 0.5031594  0.01045256 0.39971068 0.53507287 0.3
 0.3        2.         0.62228998 0.29136646 0.71695996 0.69117
 1.38234    0.06664415], constraints = [0.9999997932188534, 1.7199986684868425, 0.9999997932188534, 0.9000003161544623, 0.9000003161544623, 1.2000000457986504, 0.5000000000000165, 3.2139357500496675, 0.17259608055350745, 0.17259608055350745]
iteration = 489.0 , objective = [3.91907993], inputs = [0.08614181 0.50292985 0.01048901 0.39947297 0.53501412 0.3
 0.3        2.         0.61545518 0.29083095 0.7188808  0.6918343
 1.38366861 0.06798015], constraints = [1.0000027621840946, 1.7222637379568095, 1.0000027621840946, 0.9000243751020958, 0.9000243751020958, 1.1999887527882778, 0.5000000000000165, 3.249627352158389, 0.1725975214446917, 0.1725975214446917]
iteration = 490.0 , objective = [3.91904438], inputs = [0.085115   0.50272684 0.01057541 0.39926438 0.53482651 0.3
 0.3        2.         0.60939925 0.29032984 0.72249068 0.69127339
 1.38254678 0.07033609], constraints = [1.0000037139609645, 1.7236063804031765, 1.0000037139609645, 0.9000197458447425, 0.9000197458447425, 1.200002146777454, 0.5000000000000165, 3.281920661198697, 0.1725985599985483, 0.1725985599985483]
iteration = 491.0 , objective = [3.91885793], inputs = [0.08086357 0.50227144 0.01094636 0.39880178 0.53396272 0.3
 0.3        2.         0.59584241 0.28918675 0.73698828 0.68629286
 1.37258573 0.07948962], constraints = [1.0000695779478155, 1.724565701618218, 1.0000695779478155, 0.9001031208029716, 0.9001031208029716, 1.200436963984435, 0.5000000000000165, 3.3565922388066083, 0.17265507664633772, 0.17265507664633772]
iteration = 492.0 , objective = [3.91776933], inputs = [0.06843796 0.50153135 0.0120434  0.39806281 0.53133367 0.3
 0.3        2.         0.57280517 0.28707716 0.77860573 0.66815248
 1.33630496 0.10526243], constraints = [1.0007135005102157, 1.720948954408601, 1.0007135005102157, 0.9003227009346436, 0.9003227009346436, 1.205748385504819, 0.5000000000000167, 3.4915886047802807, 0.1732538538857603, 0.1732538538857603]
iteration = 493.0 , objective = [3.90670202], inputs = [0.02663747 0.50014313 0.01556681 0.39671863 0.52282007 0.3
 0.3        2.         0.52547983 0.28216742 0.91639199 0.60806615
 1.21613229 0.18989382], constraints = [1.008932694880839, 1.7063893191905903, 1.008932694880839, 0.9015835526876017, 0.9015835526876017, 1.2793597028242158, 0.5000000000000167, 3.80604520289083, 0.18116083053134505, 0.18116083053134505]
iteration = 494.0 , objective = [3.91362925], inputs = [0.04284419 0.50068137 0.01420073 0.39723979 0.52612093 0.3
 0.3        2.         0.54382863 0.28407101 0.86297003 0.63136259
 1.26272518 0.15708086], constraints = [1.003489635490388, 1.7089100155609, 1.003489635490388, 0.9007008995923186, 0.9007008995923186, 1.2301466966351728, 0.5000000000000167, 3.6776290992505447, 0.17591228553190225, 0.17591228553190225]
iteration = 495.0 , objective = [3.90989624], inputs = [0.00563605 0.50027215 0.01682446 0.3969366  0.51977801 0.3
 0.3        2.         0.53258833 0.28247893 0.9824454  0.59279239
 1.18558479 0.23111594], constraints = [1.0050700299015964, 1.6838678545665016, 1.0050700299015964, 0.9000964143568837, 0.9000964143568837, 1.2459578340079691, 0.5000000000000165, 3.7552456242943895, 0.17750176283123115, 0.17750176283123115]
iteration = 496.0 , objective = [3.88071597], inputs = [-0.08431693  0.50022556  0.02227216  0.39724217  0.50651608  0.3
  0.3         2.          0.56288087  0.28619463  1.26726639  0.52412452
  1.04824904  0.4090167 ], constraints = [1.0254636407545794, 1.643905146969162, 1.0254636407545794, 0.9006937480395691, 0.9006937480395691, 1.4489544100263976, 0.5000000000000167, 3.55314972587437, 0.1974515537590537, 0.1974515537590537]
iteration = 497.0 , objective = [3.8982285], inputs = [-0.05210421  0.50024224  0.0203213   0.39713274  0.51126526  0.3
  0.3         2.          0.55203292  0.28486402  1.16527021  0.54871491
  1.09742983  0.34530933], constraints = [1.011815768306405, 1.6497549427500504, 1.011815768306405, 0.9003253556117894, 0.9003253556117894, 1.30983180787594, 0.5000000000000165, 3.622972333690375, 0.18409080189717428, 0.18409080189717428]
iteration = 498.0 , objective = [3.86774203], inputs = [-0.18214669  0.50146289  0.02691263  0.3990166   0.49526223  0.3
  0.3         2.          0.65514425  0.29631696  1.57079633  0.49046524
  0.98093048  0.60044718], constraints = [1.0339540674718997, 1.5817845044701528, 1.0339540674718997, 0.9065460294010739, 0.9065460294010739, 1.5343138203394207, 0.5000000000000167, 3.052762816918938, 0.2051971215206724, 0.2051971215206724]
iteration = 499.0 , objective = [3.89053416], inputs = [-0.12316752  0.50090928  0.02392322  0.3981622   0.50252021  0.3
  0.3         2.          0.60837937  0.29112262  1.38687493  0.51688367
  1.03376733  0.48473253], constraints = [1.014983244488599, 1.6008799817000468, 1.014983244488599, 0.9022465372679271, 0.9022465372679271, 1.339797067320006, 0.5000000000000167, 3.287422454486737, 0.18704967971081263, 0.18704967971081263]
iteration = 500.0 , objective = [3.90113208], inputs = [-0.18308112  0.50284585  0.02658739  0.40049142  0.49616191  0.3
  0.3         2.          0.67730418  0.29603968  1.57079633  0.50258599
  1.00517197  0.5991799 ], constraints = [1.0038004045673783, 1.5339900511538298, 1.0038004045673783, 0.9023543651920185, 0.9023543651920185, 1.2372908278901242, 0.5000000000000167, 2.952882987476573, 0.17626103679263883, 0.17626103679263883]
iteration = 501.0 , objective = [3.9036567], inputs = [-0.1849882   0.50396821  0.02672887  0.40140909  0.49584533  0.3
  0.3         2.          0.67743957  0.29511776  1.57079633  0.48788726
  0.97577452  0.59493876], constraints = [1.00083160753715, 1.5211246527587436, 1.00083160753715, 0.8999990424532747, 0.8999990424532747, 1.2096490769231423, 0.5000000000000167, 2.9522928731185005, 0.17345051897091257, 0.17345051897091257]
iteration = 502.0 , objective = [3.90252333], inputs = [-0.18646288  0.50422362  0.02690619  0.40135674  0.49548575  0.3
  0.3         2.          0.65650894  0.29389175  1.57079633  0.47234481
  0.94468963  0.59027112], constraints = [1.001068413187981, 1.5211102628592152, 1.001068413187981, 0.9001796166560103, 0.9001796166560103, 1.2108094023494216, 0.5000000000000167, 3.0464170102742054, 0.17364630174766843, 0.17364630174766843]
iteration = 503.0 , objective = [3.9033388], inputs = [-0.18702873  0.50378884  0.02703226  0.40069096  0.49529138  0.3
  0.3         2.          0.62568467  0.2918025   1.57079633  0.46502623
  0.93005245  0.58782331], constraints = [1.000317329387805, 1.5259342778651777, 1.000317329387805, 0.9004375394590614, 0.9004375394590614, 1.2023047174470043, 0.5000000000000168, 3.196498304589572, 0.17287450588426584, 0.17287450588426584]
iteration = 504.0 , objective = [3.9036173], inputs = [-0.18691627  0.50341417  0.02708301  0.40026119  0.49523037  0.3
  0.3         2.          0.60984716  0.29041099  1.57079633  0.46451916
  0.92903831  0.58751626], constraints = [1.0000206514434054, 1.5293610955314654, 1.0000206514434054, 0.9001305284767874, 0.9001305284767874, 1.1999460114805731, 0.5000000000000167, 3.279510250000976, 0.17260656298341787, 0.17260656298341787]
iteration = 505.0 , objective = [3.90358909], inputs = [-0.18665889  0.50320042  0.02709088  0.40005736  0.49523288  0.3
  0.3         2.          0.60453946  0.28991605  1.57079633  0.4658838
  0.9317676   0.58781663], constraints = [1.0000104411693165, 1.5312119807156417, 1.0000104411693165, 0.9000155492824035, 0.9000155492824035, 1.2000836581945244, 0.5000000000000167, 3.308303465611637, 0.17260584919898303, 0.17260584919898303]
iteration = 506.0 , objective = [3.90359375], inputs = [-0.18653166  0.50312893  0.02708525  0.40000061  0.49524754  0.3
  0.3         2.          0.60413983  0.28987561  1.57079633  0.46683972
  0.93367945  0.58809675], constraints = [1.0000040042068978, 1.5317440864523235, 1.0000040042068978, 0.9000000896362476, 0.9000000896362476, 1.2000437734660734, 0.5000000000000167, 3.310491851910078, 0.17260033965226224, 0.17260033965226224]
iteration = 507.0 , objective = [3.9035999], inputs = [-0.18652755  0.50313059  0.0270842   0.40000369  0.49524931  0.3
  0.3         2.          0.60433762  0.28989259  1.57079633  0.46689673
  0.93379345  0.58811603], constraints = [0.9999997596432925, 1.5317137665099307, 0.9999997596432925, 0.9000000220158655, 0.9000000220158655, 1.200000143586212, 0.5000000000000167, 3.309408397646828, 0.17259606524504761, 0.17259606524504761]
