iteration = 1204.0 , objective = [3.38701836], inputs = [0.01       0.01       0.01       0.5        0.5        0.5
 0.15       2.         1.         0.075      0.52359878 1.
 0.5        0.31415927], constraints = [1.2936648941558044, 1.0880422920474513, 1.2936648941558044, 0.4811030397324908, 0.4811030397324908, 1654.0092433440886, 2.0, 2.0, -0.21644847301561176, -0.21644847301561176]
iteration = 1205.0 , objective = [3.3869901], inputs = [0.01000058 0.00999942 0.01000058 0.49999942 0.50000058 0.49999942
 0.15000058 1.99999942 1.00000058 0.07499942 0.52359935 0.99999942
 0.50000058 0.31415869], constraints = [1.2936637241134712, 1.0880504343391832, 1.2936637241134712, 0.48109796023457524, 0.48109796023457524, 1654.0696490394084, 1.9999965320837503, 1.999998265971513, -0.21645044967274613, -0.21645044967274613]
iteration = 1206.0 , objective = [1.2928721], inputs = [0.03371798 0.05204606 0.01       0.36417911 0.5        0.49013121
 0.14394132 2.         0.99323622 0.14354251 0.57223636 1.00293266
 0.51646933 0.27113495], constraints = [0.8893865109595931, 1.5623550862988318, 0.8893865109595931, 0.8886865813748684, 0.8886865813748684, 817.2973184085286, 1.9419016800588391, 2.01361967816085, 0.2276187033519148, 0.2276187033519148]
iteration = 1207.0 , objective = [1.73142277], inputs = [-0.06300391  0.16678789  0.10114482  0.47288954  0.59756227  0.60044024
  0.09505452  1.99773547  0.99546429  0.09691516  0.55660411  0.99877304
  0.53405962  0.2295354 ], constraints = [0.6655999744401064, 1.2385790669372696, 0.6655999744401064, 0.9057586900835899, 0.9057586900835899, 44.498724601456416, 1.8701526976736924, 2.006837893647664, 0.07127363577174614, 0.07127363577174614]
iteration = 1208.0 , objective = [1.06384122], inputs = [-0.04163491  0.14561769  0.09130748  0.37812921  0.57535691  0.57713321
  0.1944974   2.          0.9904043   0.19758179  0.56087228  0.9982078
  0.53456847  0.23452668], constraints = [0.770361249651847, 2.171138221835476, 0.770361249651847, 0.9029593541380817, 0.9029593541380817, 19.16134098392238, 1.8673151430844908, 2.01937734803803, 0.18569181469910784, 0.18569181469910784]
iteration = 1209.0 , objective = [1.16953939], inputs = [-0.0479327   0.1518569   0.0942067   0.40605664  0.5819012   0.58400218
  0.16518995  1.99933261  0.99189556  0.16791368  0.55961438  0.99837439
  0.5344185   0.23305567], constraints = [0.7806763966933978, 1.925285986778391, 0.7806763966933978, 0.9034299964349569, 0.9034299964349569, 24.289246182550396, 1.8681508555192756, 2.015668468206292, 0.14969557272509076, 0.14969557272509076]
iteration = 1210.0 , objective = [1.01375962], inputs = [-0.04521955  0.14916898  0.09295769  0.39402523  0.57908185  0.58104296
  0.17781589  1.99962013  0.99125311  0.18069499  0.5601563   0.99830262
  0.53448311  0.2336894 ], constraints = [0.779745497250513, 2.0338160420257756, 0.779745497250513, 0.9032077900336019, 0.9032077900336019, 21.93074689668614, 1.8677907648960468, 2.017264921843226, 0.16506398708926528, 0.16506398708926528]
iteration = 1211.0 , objective = [0.93988646], inputs = [-0.04366025  0.14762419  0.09223985  0.38711054  0.57746152  0.57934224
  0.18507226  1.99978537  0.99088388  0.18804066  0.56046775  0.99826137
  0.53452024  0.23405361], constraints = [0.7767577110304947, 2.094383191302228, 0.7767577110304947, 0.9030940821066653, 0.9030940821066653, 20.68315445342264, 1.8675838531959061, 2.0181833715918476, 0.17399823498222816, 0.17399823498222816]
iteration = 1212.0 , objective = [0.9492933], inputs = [-0.04414457  0.148104    0.09246281  0.38925823  0.57796479  0.57987048
  0.18281845  1.99973404  0.99099856  0.18575911  0.56037101  0.99827418
  0.53450871  0.23394049], constraints = [0.7778706800142788, 2.0757089969097757, 0.7778706800142788, 0.9031284106750098, 0.9031284106750098, 21.063090208409896, 1.8676481164306837, 2.0178980298746145, 0.17121612204637804, 0.17121612204637804]
iteration = 1213.0 , objective = [0.93729316], inputs = [-0.04394681  0.14790809  0.09237177  0.38838129  0.5777593   0.57965479
  0.18373871  1.999755    0.99095174  0.1866907   0.56041051  0.99826895
  0.53451342  0.23398668], constraints = [0.7774360366715817, 2.083348808064009, 0.7774360366715817, 0.9031142896262848, 0.9031142896262848, 20.907154479601182, 1.8676218764494867, 2.0180145312154703, 0.17235135807894902, 0.17235135807894902]
iteration = 1214.0 , objective = [0.93005093], inputs = [-0.04382779  0.14779017  0.09231698  0.38785348  0.57763562  0.57952497
  0.18429261  1.99976761  0.99092355  0.18725142  0.56043428  0.9982658
  0.53451625  0.23401448], constraints = [0.7771612160128945, 2.0879371593096914, 0.7771612160128945, 0.9031058599069965, 0.9031058599069965, 20.813838292980993, 1.8676060830740933, 2.01808465758654, 0.17303513706328089, 0.17303513706328089]
iteration = 1215.0 , objective = [0.93406777], inputs = [-0.04375718  0.14772022  0.09228448  0.38754037  0.57756225  0.57944796
  0.18462119  1.9997751   0.99090683  0.18758404  0.56044839  0.99826394
  0.53451793  0.23403097], constraints = [0.7769935602168955, 2.0906555636385407, 0.7769935602168955, 0.9031008838441774, 0.9031008838441774, 20.758670027798395, 1.867596714464788, 2.0181262586932243, 0.17344093675044175, 0.17344093675044175]
iteration = 1216.0 , objective = [0.93116919], inputs = [-0.04380554  0.14776813  0.09230674  0.38775482  0.5776125   0.57950071
  0.18439614  1.99976997  0.99091828  0.18735623  0.56043873  0.99826522
  0.53451678  0.23401968], constraints = [0.7771087674277618, 2.0887939826795905, 0.7771087674277618, 0.9031042900266327, 0.9031042900266327, 20.796440900976215, 1.8676031310884265, 2.0180977656352317, 0.17316298698734742, 0.17316298698734742]
iteration = 1217.0 , objective = [0.92998034], inputs = [-0.04382663  0.14778902  0.09231645  0.38784834  0.57763441  0.57952371
  0.18429801  1.99976774  0.99092328  0.18725688  0.56043451  0.99826577
  0.53451628  0.23401475], constraints = [0.7771584919915286, 2.0879818054703265, 0.7771584919915286, 0.9031057780726715, 0.9031057780726715, 20.812931554595078, 1.867605929277465, 2.01808534050369, 0.1730417976276489, 0.1730417976276489]
iteration = 1218.0 , objective = [4.32342505], inputs = [-0.09709009  0.25084414  0.10114482  0.62243656  0.59756227  0.60044024
  0.09131308  1.99773547  0.99546429  0.09245467  0.55660411  0.99877304
  0.53405962  0.2295354 ], constraints = [0.9082021730368973, 1.008588238938976, 0.9082021730368973, 0.9003738340373166, 0.9003738340373166, 12.614381276373324, 1.8701526976736924, 2.006837893647664, 0.1578044365954268, 0.1578044365954268]
iteration = 1219.0 , objective = [1.09518498], inputs = [-0.02130993  0.14738391  0.0298705   0.35165155  0.51431566  0.53541509
  0.3         2.          0.95117382  0.3         0.57116194  0.99024192
  0.5606771   0.21853553], constraints = [0.9155508118744061, 2.0254209213533616, 0.9155508118744061, 0.891789722760884, 0.891789722760884, 9.361483499889605, 1.766153678086595, 2.1026651085013537, 0.12684192983732728, 0.12684192983732728]
iteration = 1220.0 , objective = [1.8548101], inputs = [-0.03916669  0.18341763  0.03142878  0.38292971  0.51863603  0.5405873
  0.3         2.          0.92707349  0.3         0.52697054  0.9747283
  0.56220591  0.25160149], constraints = [0.9887160207474579, 1.8708178004902702, 0.9887160207474579, 0.8925198877806135, 0.8925198877806135, 3.6949562904765134, 1.7337567706556056, 2.1573262691324597, 0.17541668398502053, 0.17541668398502053]
iteration = 1221.0 , objective = [1.32328421], inputs = [-0.02730913  0.15948988  0.03039402  0.36215983  0.51576714  0.53715276
  0.3         2.          0.94307702  0.3         0.55631529  0.98502993
  0.56119072  0.22964445], constraints = [0.9427604996641641, 1.9751040796050476, 0.9427604996641641, 0.8920204286066787, 0.8920204286066787, 6.9434559037397685, 1.7552498488559698, 2.120717569524629, 0.14252874169160784, 0.14252874169160784]
iteration = 1222.0 , objective = [1.78645902], inputs = [-0.02284569  0.18662062  0.02667504  0.37392511  0.51261825  0.52969668
  0.3         2.          0.8330728   0.3         0.41054239  0.93356709
  0.61393859  0.32451958], constraints = [1.02816270655759, 1.9451621094486518, 1.02816270655759, 0.8968672802982613, 0.8968672802982613, 5.09887458811118, 1.5206196520955142, 2.4007505638741686, 0.237669404519268, 0.237669404519268]
iteration = 1223.0 , objective = [2.04718084], inputs = [-0.02951751  0.20522606  0.03082862  0.38278013  0.51903387  0.5252886
  0.3         2.          0.77123404  0.29973531  0.43676171  0.9319368
  0.60096991  0.29289351], constraints = [0.9955852571079823, 1.8950878904118864, 0.9955852571079823, 0.9007939821060401, 0.9007939821060401, 2.3204682482865358, 1.5507212513547044, 2.593246516052706, 0.17477107619619653, 0.17477107619619653]
iteration = 1224.0 , objective = [2.27460322], inputs = [-0.0255793   0.22963932  0.03470362  0.39098771  0.52461388  0.51148185
  0.3         2.          0.68827338  0.29652357  0.43829689  0.91746825
  0.61656029  0.27010059], constraints = [0.9990958488744278, 1.898598034044814, 0.9990958488744278, 0.9019977691464713, 0.9019977691464713, 1.4264947288325511, 1.488043035710559, 2.9058221049754227, 0.17102724635648442, 0.17102724635648442]
iteration = 1225.0 , objective = [2.32731648], inputs = [-0.02028779  0.24701468  0.03795377  0.39339018  0.52846618  0.49663753
  0.3         2.          0.64371319  0.29327073  0.44458499  0.9087268
  0.62716931  0.25113268], constraints = [0.9997935360332185, 1.9338443722403393, 0.9997935360332185, 0.9008023885319008, 0.9008023885319008, 1.2195389987647878, 1.4489337731157326, 3.106973760224125, 0.16973144648888475, 0.16973144648888475]
iteration = 1226.0 , objective = [2.28810763], inputs = [-0.00939553  0.27030272  0.04232466  0.39266687  0.53304251  0.47178699
  0.3         2.          0.6018883   0.29002446  0.45494623  0.90031781
  0.64230063  0.22196814], constraints = [0.999854128746321, 2.014211069430741, 0.999854128746321, 0.9008717695355662, 0.9008717695355662, 1.2133725216986808, 1.4017078193748504, 3.32287570738444, 0.16450802904129452, 0.16450802904129452]
iteration = 1227.0 , objective = [2.38380228], inputs = [0.03544498 0.37539392 0.06360997 0.39007311 0.55525207 0.36812894
 0.3        2.         0.42989138 0.2747064  0.48192679 0.86041701
 0.71293182 0.11333253], constraints = [1.0005356528961573, 2.422949163047869, 1.0005356528961573, 0.9226356772055718, 0.9226356772055718, 1.4044099287386689, 1.2068713755731033, 4.652337952644378, 0.05469849628445681, 0.05469849628445681]
iteration = 1228.0 , objective = [2.25355313], inputs = [0.01521322 0.32797742 0.05400617 0.3912434  0.54523125 0.4148988
 0.3        2.         0.50749532 0.28161782 0.46975333 0.87842
 0.68106347 0.16234824], constraints = [1.0001120847538791, 2.2322907553286853, 1.0001120847538791, 0.906328440254244, 0.906328440254244, 1.263133945462969, 1.2897770082553273, 3.9409230634871997, 0.12980778787963776, 0.12980778787963776]
iteration = 1229.0 , objective = [2.21219299], inputs = [0.02834328 0.37032992 0.0668053  0.39274005 0.55871048 0.38562609
 0.3        2.         0.43874563 0.26945317 0.47068439 0.85452573
 0.71418523 0.13615255], constraints = [1.001172099456392, 2.4501927146585216, 1.001172099456392, 0.904724328610929, 0.904724328610929, 1.2135284108722812, 1.1965043390927168, 4.558449910382148, 0.15879425043400422, 0.15879425043400422]
iteration = 1230.0 , objective = [2.12419766], inputs = [0.0463188  0.42818234 0.08322187 0.38950646 0.57560596 0.34219657
 0.3        2.         0.3803672  0.2560414  0.44974916 0.80985882
 0.77575882 0.12648051], constraints = [1.0067740939381087, 2.8052991951447455, 1.0067740939381087, 0.9046730808747049, 0.9046730808747049, 1.259499389995586, 1.0439569617959767, 5.258076971840079, 0.15263412319393643, 0.15263412319393643]
iteration = 1231.0 , objective = [1.87397215], inputs = [0.05669628 0.49003688 0.10058326 0.37768109 0.59340692 0.3
 0.3        2.         0.36731249 0.25077213 0.39890296 0.72372243
 0.87368532 0.17590044], constraints = [1.0154972452925484, 3.3133828308761104, 1.0154972452925484, 0.9002789147491367, 0.9002789147491367, 1.6662136704509052, 0.8283559516238813, 5.444955131284599, 0.1598950204652523, 0.1598950204652523]
iteration = 1232.0 , objective = [1.95301831], inputs = [0.05321724 0.46930022 0.09476288 0.38164554 0.58743917 0.31414635
 0.3        2.         0.37168906 0.25253865 0.41594909 0.75259955
 0.84085558 0.15933247], constraints = [1.009431590690693, 3.132730724936155, 1.009431590690693, 0.901688916707962, 0.901688916707962, 1.4114778750807517, 0.8950402137856736, 5.380841693007802, 0.16032740415629343, 0.16032740415629343]
iteration = 1233.0 , objective = [1.95786214], inputs = [0.05205844 0.50011234 0.10546186 0.38265079 0.59891673 0.3
 0.3        2.         0.34748089 0.24521852 0.41983245 0.71694171
 0.87271538 0.16792125], constraints = [1.0002364500944347, 3.330056908369569, 1.0002364500944347, 0.9010510337595681, 0.9010510337595681, 1.2186358172961038, 0.8215068983923087, 5.755712228150235, 0.168717015037981, 0.168717015037981]
iteration = 1234.0 , objective = [1.95296523], inputs = [0.05335921 0.50066964 0.10517887 0.38302733 0.59875708 0.3
 0.3        2.         0.35766126 0.24796323 0.42680206 0.7143852
 0.87962205 0.16294607], constraints = [0.9999511964028669, 3.320583690761599, 0.9999511964028669, 0.9001992330489148, 0.9001992330489148, 1.200219805593348, 0.8121501704490125, 5.591883163154269, 0.17251228021926657, 0.17251228021926657]
iteration = 1235.0 , objective = [1.9115236], inputs = [0.06044906 0.4967338  0.0993782  0.38207358 0.59357541 0.3
 0.3        2.         0.43415659 0.27042652 0.46525142 0.68904289
 0.93303352 0.14616112], constraints = [0.9985374980608122, 3.2234086831994335, 0.9985374980608122, 0.9095447945897494, 0.9095447945897494, 1.1783539346106362, 0.7384974683108445, 4.606632822138663, 0.1694572283691515, 0.1694572283691515]
iteration = 1236.0 , objective = [1.8979868], inputs = [0.06810018 0.49625475 0.09894887 0.38288151 0.59409492 0.3
 0.3        2.         0.48521214 0.2770234  0.49385434 0.65179552
 0.99933356 0.13557247], constraints = [0.9993127855800338, 3.210298879412337, 0.9993127855800338, 0.903078767843449, 0.903078767843449, 1.1848058992785235, 0.6522301958696903, 4.121908400835859, 0.17037322885201783, 0.17037322885201783]
iteration = 1237.0 , objective = [1.87411078], inputs = [0.08179108 0.49457013 0.09900854 0.382399   0.59586144 0.3
 0.3        2.         0.55247706 0.28638552 0.54209313 0.58016192
 1.12274879 0.12213339], constraints = [0.9993095946926944, 3.2313502990282705, 0.9993095946926944, 0.9040595617967331, 0.9040595617967331, 1.1818941235082527, 0.5167335072743063, 3.620059824103871, 0.1673276214651412, 0.1673276214651412]
iteration = 1238.0 , objective = [1.85761006], inputs = [0.08572817 0.49465754 0.10066282 0.38232894 0.59787014 0.3
 0.3        2.         0.5423796  0.28365258 0.55164586 0.57314621
 1.14553001 0.11477847], constraints = [1.000014542464, 3.270306947204, 1.000014542464, 0.9000706633577179, 0.9000706633577179, 1.2004030517176658, 0.5003327801342724, 3.687454322201887, 0.17250635046632315, 0.17250635046632315]
iteration = 1239.0 , objective = [1.81392481], inputs = [0.09257489 0.48877661 0.10496591 0.37978862 0.60277683 0.3
 0.3        2.         0.41907319 0.26908231 0.57989063 0.59290999
 1.18579317 0.09544089], constraints = [1.00142325650445, 3.4196405132484555, 1.00142325650445, 0.914202053692491, 0.914202053692491, 1.220554260980879, 0.5000112994251561, 4.772436107202415, 0.17293949737003994, 0.17293949737003994]
iteration = 1240.0 , objective = [1.82301145], inputs = [0.08682672 0.49089963 0.1053395  0.38039483 0.6030321  0.3
 0.3        2.         0.43983078 0.26803424 0.57252977 0.59076119
 1.18152248 0.11215856], constraints = [0.9999518994428456, 3.4068617678678077, 0.9999518994428456, 0.9005589784227204, 0.9005589784227204, 1.2095017119067726, 0.4999999591574415, 4.547203346080962, 0.17247180532749418, 0.17247180532749418]
iteration = 1241.0 , objective = [1.81993537], inputs = [0.08114193 0.49087768 0.10655088 0.37969929 0.60433099 0.3
 0.3        2.         0.42192409 0.26429087 0.57784397 0.59843572
 1.19687144 0.12887725], constraints = [1.0000558823989114, 3.44363726282415, 1.0000558823989114, 0.9004094044072288, 0.9004094044072288, 1.2025931306835353, 0.4999999994762253, 4.740189156109935, 0.17264208788926355, 0.17264208788926355]
iteration = 1242.0 , objective = [1.80629781], inputs = [0.06977797 0.49005809 0.10892904 0.37846047 0.60705383 0.3
 0.3        2.         0.39355051 0.25803043 0.60128453 0.62332134
 1.24664268 0.1608408 ], constraints = [1.0001937945946628, 3.516033014888819, 1.0001937945946628, 0.9011424358695024, 0.9011424358695024, 1.2043770689847104, 0.4999999999790886, 5.08193979411697, 0.17284211903686936, 0.17284211903686936]
iteration = 1243.0 , objective = [1.78008719], inputs = [0.04725835 0.48831113 0.11275686 0.37689164 0.61175136 0.3
 0.3        2.         0.36399487 0.25027777 0.663208   0.68279511
 1.36559021 0.22108413], constraints = [1.0004865731698858, 3.63036038021506, 1.0004865731698858, 0.9014240746486631, 0.9014240746486631, 1.2109833026611903, 0.4999999999981786, 5.4945829601333855, 0.173578160319234, 0.173578160319234]
iteration = 1244.0 , objective = [1.7483913], inputs = [0.0256102  0.48579839 0.11495049 0.37580806 0.61492648 0.3
 0.3        2.         0.36149578 0.2490092  0.73924365 0.75
 1.5        0.27609785], constraints = [1.000437996790113, 3.7038993043365753, 1.000437996790113, 0.9000105185542356, 0.9000105185542356, 1.2098870640877197, 0.4999999999998368, 5.532567992970845, 0.1736781643761898, 0.1736781643761898]
iteration = 1245.0 , objective = [1.72936975], inputs = [0.01783013 0.48414695 0.11107191 0.37560502 0.61064363 0.3
 0.3        2.         0.40024442 0.26021083 0.75119544 0.78814311
 1.5        0.28837972], constraints = [1.0006155644536316, 3.6193077554186233, 1.0006155644536316, 0.902556124972673, 0.902556124972673, 1.209628346868385, 0.5254287429449342, 4.996946616868223, 0.1731162508031919, 0.1731162508031919]
iteration = 1246.0 , objective = [1.72744604], inputs = [0.00941357 0.48389655 0.10951597 0.37636358 0.60877612 0.3
 0.3        2.         0.42185784 0.26438308 0.76246741 0.82324863
 1.5        0.30149089], constraints = [1.0003470459192163, 3.568573519348819, 1.0003470459192163, 0.9006814683234241, 0.9006814683234241, 1.2091676528219826, 0.548832416791302, 4.740933609930309, 0.17294275490624764, 0.17294275490624764]
iteration = 1247.0 , objective = [1.73107125], inputs = [0.00839022 0.48418248 0.10948499 0.37650194 0.60870966 0.3
 0.3        2.         0.4242991  0.26464146 0.76357693 0.82337274
 1.5        0.30376493], constraints = [0.9999998848206278, 3.5645018136322797, 0.9999998848206278, 0.9000080838065792, 0.9000080838065792, 1.20007952767244, 0.5489151572891972, 4.713655951434816, 0.17259620794706837, 0.17259620794706837]
iteration = 1248.0 , objective = [1.73002891], inputs = [5.28584542e-04 4.84243980e-01 1.08948635e-01 3.76337663e-01
 6.07844308e-01 3.00000000e-01 3.00000000e-01 2.00000000e+00
 4.29865738e-01 2.65821118e-01 7.70175338e-01 8.38023352e-01
 1.50000000e+00 3.21662222e-01], constraints = [1.00007177538387, 3.551121923569817, 1.00007177538387, 0.9000410949046884, 0.9000410949046884, 1.2012073162329133, 0.5586822344409378, 4.652615507691699, 0.17268439581548967, 0.17268439581548967]
iteration = 1249.0 , objective = [1.72860347], inputs = [-0.01051832  0.48423334  0.1084789   0.37620441  0.60683669  0.3
  0.3         2.          0.43419221  0.26669944  0.78297633  0.85758938
  1.5         0.34607084], constraints = [1.0001879953029738, 3.5361130894989583, 1.0001879953029738, 0.9000242236752889, 0.9000242236752889, 1.202514070845826, 0.5717262562837734, 4.606254957080322, 0.17284851622724787, 0.17284851622724787]
iteration = 1250.0 , objective = [1.71667948], inputs = [-0.05376211  0.48387639  0.10721966  0.37575188  0.60321717  0.3
  0.3         2.          0.4446162   0.26879938  0.84339058  0.92635565
  1.5         0.44059949], constraints = [1.0031147628465074, 3.4905348224045225, 1.0031147628465074, 0.9001362701630568, 0.9001362701630568, 1.2402688444870906, 0.6175704326163224, 4.498261637524537, 0.17694695367865224, 0.17694695367865224]
iteration = 1251.0 , objective = [1.70366893], inputs = [-0.11162452  0.48302674  0.10641609  0.37542504  0.59855135  0.3
  0.3         2.          0.45676605  0.27108125  0.95570341  0.97679791
  1.5         0.56528501], constraints = [1.0043551564073874, 3.4305434945174063, 1.0043551564073874, 0.9001756111632827, 0.9001756111632827, 1.2582264471739926, 0.6511986076996715, 4.378609120245701, 0.1789804637127556, 0.1789804637127556]
iteration = 1252.0 , objective = [1.69418816], inputs = [-0.1867325   0.48116399  0.10748854  0.37464446  0.59343053  0.3
  0.3         2.          0.45174152  0.27010301  1.14308808  0.98040943
  1.5         0.72943293], constraints = [1.0004136643849866, 3.378186344489499, 1.0004136643849866, 0.9000290574377826, 0.9000290574377826, 1.2189521609043072, 0.65360628991239, 4.427310536058649, 0.17330134416500734, 0.17330134416500734]
iteration = 1253.0 , objective = [1.69523889], inputs = [-0.22570891  0.48043126  0.1091545   0.3745129   0.59189873  0.3
  0.3         2.          0.42982407  0.26602499  1.2423657   0.98327313
  1.5         0.81351134], constraints = [1.0002774513944284, 3.37531919811453, 1.0002774513944284, 0.9005838547118123, 0.9005838547118123, 1.2061713327288146, 0.6555154199378791, 4.65306651275296, 0.17292462625818625, 0.17292462625818625]
iteration = 1254.0 , objective = [1.69599922], inputs = [-0.24994802  0.48038954  0.11029886  0.37429959  0.58995171  0.3
  0.3         2.          0.41470412  0.26266976  1.30546537  0.95681638
  1.46007651  0.864089  ], constraints = [1.0008089436229732, 3.3646809660444177, 1.0008089436229732, 0.9003048256238024, 0.9003048256238024, 1.2078573376025579, 0.6553193438844085, 4.822715543732443, 0.17330874308151809, 0.17330874308151809]
iteration = 1255.0 , objective = [1.69306414], inputs = [-0.28459121  0.48011831  0.11175608  0.37420325  0.58659664  0.3
  0.3         2.          0.39844986  0.25892949  1.40487972  0.91202939
  1.39317274  0.93263456], constraints = [1.0023918043813966, 3.339048119167937, 1.0023918043813966, 0.9003803018203562, 0.9003803018203562, 1.2230773643262054, 0.6546420009017934, 5.019452117965235, 0.17479452290136438, 0.17479452290136438]
iteration = 1256.0 , objective = [1.68989754], inputs = [-0.33625309  0.47988761  0.11343979  0.37421225  0.58043263  0.3
  0.3         2.          0.39096762  0.25697541  1.57079633  0.82738546
  1.28248085  1.03105118], constraints = [1.0056661173710635, 3.28181837424916, 1.0056661173710635, 0.9000857485803171, 0.9000857485803171, 1.2572046846474318, 0.6451444936839639, 5.11551317596136, 0.17702161555043058, 0.17702161555043058]
iteration = 1257.0 , objective = [1.68584105], inputs = [-0.33024671  0.47962168  0.11323013  0.37449879  0.58058255  0.3
  0.3         2.          0.39859484  0.25885127  1.57079633  0.82847624
  1.2889699   1.01443169], constraints = [1.000031777440033, 3.267819105339666, 1.000031777440033, 0.9000904356888897, 0.9000904356888897, 1.2067012514972915, 0.6427428900444498, 5.017626400913793, 0.17261770991621314, 0.17261770991621314]
iteration = 1258.0 , objective = [1.68734877], inputs = [-0.33095968  0.47982509  0.11204714  0.37447114  0.5795237   0.3
  0.3         2.          0.41674311  0.26319207  1.57079633  0.83313687
  1.2981163   1.01810382], constraints = [1.0000943592316158, 3.2463251386158376, 1.0000943592316158, 0.9004846550554222, 0.9004846550554222, 1.200713565680577, 0.6418044886697315, 4.799119578494519, 0.17267358469561106, 0.17267358469561106]
iteration = 1259.0 , objective = [1.68791957], inputs = [-0.32972915  0.47988355  0.11211877  0.37455008  0.57956213  0.3
  0.3         2.          0.41758745  0.26318872  1.57079633  0.83057561
  1.29688167  1.0152132 ], constraints = [0.9999979547813014, 3.245893083996633, 0.9999979547813014, 0.9000009794301648, 0.9000009794301648, 1.1999817234943642, 0.6404405510288843, 4.789416018996433, 0.1725930619587814, 0.1725930619587814]
iteration = 1260.0 , objective = [1.68729479], inputs = [-0.30203298  0.47966176  0.11285811  0.37476471  0.57961221  0.3
  0.3         2.          0.42795514  0.26546537  1.57079633  0.77807807
  1.28034177  0.9550216 ], constraints = [0.9992002623884809, 3.247966431396357, 0.9992002623884809, 0.9001460840889889, 0.9001460840889889, 1.1902395853011218, 0.6077112268503811, 4.673387066863997, 0.17114036672382685, 0.17114036672382685]
iteration = 1261.0 , objective = [1.68722483], inputs = [-0.25864072  0.4793986   0.11482208  0.3748804   0.58068471  0.3
  0.3         2.          0.43550257  0.26698327  1.57079633  0.70429185
  1.2694097   0.86438579], constraints = [0.9985155022652185, 3.2736000584866574, 0.9985155022652185, 0.9000740456313425, 0.9000740456313425, 1.1804525571876963, 0.5548183913570618, 4.592395356444503, 0.1695717368291637, 0.1695717368291637]
iteration = 1262.0 , objective = [1.68310221], inputs = [-0.21253202  0.47910836  0.11779145  0.37474065  0.58301329  0.3
  0.3         2.          0.43253177  0.26635696  1.57079633  0.63794015
  1.27524097  0.7709784 ], constraints = [0.9995493729972565, 3.329438709373469, 0.9995493729972565, 0.9000112273561138, 0.9000112273561138, 1.1917220404318838, 0.5002506668367995, 4.623937849932861, 0.17076345015852668, 0.17076345015852668]
iteration = 1263.0 , objective = [1.67786786], inputs = [-0.21127488  0.47882226  0.11905122  0.37451493  0.58466865  0.3
  0.3         2.          0.41453955  0.26268166  1.57079633  0.64677345
  1.29353772  0.77063298], constraints = [1.0002035233198194, 3.3645366157983836, 1.0002035233198194, 0.9004290319051462, 0.9004290319051462, 1.2019836996948436, 0.5000035456169728, 4.824630163511841, 0.1728017942731188, 0.1728017942731188]
iteration = 1264.0 , objective = [1.67854928], inputs = [-0.2118412   0.47891559  0.11905925  0.37451138  0.58464034  0.3
  0.3         2.          0.41505426  0.26262864  1.57079633  0.64624835
  1.29249672  0.77204335], constraints = [1.0000002895798095, 3.363742581049852, 1.0000002895798095, 0.9000003568796795, 0.9000003568796795, 1.2000909936505166, 0.4999999971442734, 4.818647044081283, 0.17259578718953342, 0.17259578718953342]
iteration = 1265.0 , objective = [1.6785846], inputs = [-0.21198223  0.47892604  0.11905184  0.37449745  0.58462762  0.3
  0.3         2.          0.41513167  0.26264571  1.57079633  0.64624381
  1.29248763  0.77245708], constraints = [0.9999997355613565, 3.363721039306346, 0.9999997355613565, 0.9000000083892901, 0.9000000083892901, 1.2000055078185188, 0.5000000000000201, 4.817748489337569, 0.17259601578935316, 0.17259601578935316]
iteration = 1266.0 , objective = [1.67858719], inputs = [-0.21198676  0.4789251   0.11905615  0.37449632  0.58463432  0.3
  0.3         2.          0.41507378  0.26263284  1.57079633  0.64630358
  1.29260715  0.77248731], constraints = [0.9999997478955686, 3.363854733685683, 0.9999997478955686, 0.9000000046912086, 0.9000000046912086, 1.2000000896971206, 0.5000000000000201, 4.818420527727556, 0.17259605595056238, 0.17259605595056238]
iteration = 1267.0 , objective = [1.67858721], inputs = [-0.21198658  0.47892503  0.11905545  0.37449631  0.58463418  0.3
  0.3         2.          0.41508759  0.26263591  1.57079633  0.64631724
  1.29263449  0.77249053], constraints = [0.9999997414610062, 3.3638472823417227, 0.9999997414610062, 0.9000000002670787, 0.9000000002670787, 1.2000000045278028, 0.5000000000000201, 4.818260174961833, 0.17259604870441603, 0.17259604870441603]
