 ---------------------------------------------------------------
 Surface and Strip Forces by surface

  Forces referred to Sref, Cref, Bref about Xref, Yref, Zref
 Standard axis orientation,  X fwd, Z down         

  Surface # 1     main_wing                               
     # Chordwise =  5   # Spanwise = 60     First strip =  1
     Surface area =  531.821899       Ave. chord =    8.117932
     CLsurf  =   0.54930     Clsurf  =   0.03221
     CYsurf  =   0.08649     Cmsurf  =   0.85143
     CDsurf  =   0.02236     Cnsurf  =   0.02152
     CDisurf =   0.02236     CDvsurf =   0.00000

  Forces referred to Ssurf, Cave about hinge axis thru LE
     CLsurf  =   0.58838     CDsurf  =   0.02377
     Deflect =

 Strip Forces referred to Strip Area, Chord
    j      Yle    Chord     Area     c cl      ai      cl_norm  cl       cd       cdv    cm_c/4    cm_LE  C.P.x/c
     1 -33.8694   3.4668   0.1562   0.1789   0.0420   0.0647   0.0501   0.0130   0.0000   0.0005  -0.0109    0.241
     2 -33.7795   3.4884   0.4712   0.5333   0.0393   0.1948   0.1509   0.0245   0.0000   0.0009  -0.0327    0.244
     3 -33.5999   3.5316   0.7937   0.8779   0.0339   0.3187   0.2468   0.0315   0.0000   0.0005  -0.0541    0.248
     4 -33.3310   3.5963   1.1284   1.2097   0.0285   0.4326   0.3351   0.0361   0.0000  -0.0004  -0.0742    0.251
     5 -32.9737   3.6822   1.4800   1.5272   0.0235   0.5348   0.4143   0.0386   0.0000  -0.0013  -0.0922    0.253
     6 -32.5289   3.7892   1.8529   1.8306   0.0199   0.6241   0.4834   0.0400   0.0000  -0.0021  -0.1080    0.254
     7 -31.9979   3.9169   2.2511   2.1215   0.0187   0.7008   0.5429   0.0395   0.0000  -0.0027  -0.1213    0.255
     8 -31.3820   4.0650   2.6784   2.4023   0.0208   0.7657   0.5932   0.0385   0.0000  -0.0032  -0.1326    0.255
     9 -30.6830   4.2331   3.1377   2.6761   0.0265   0.8201   0.6353   0.0368   0.0000  -0.0035  -0.1419    0.255
    10 -29.9028   4.4207   3.6318   2.9455   0.0349   0.8651   0.6702   0.0354   0.0000  -0.0037  -0.1496    0.256
    11 -29.0436   4.6274   4.1628   3.2125   0.0442   0.9022   0.6989   0.0334   0.0000  -0.0039  -0.1559    0.256
    12 -28.1076   4.8525   4.7322   3.4816   0.0525   0.9330   0.7227   0.0321   0.0000  -0.0041  -0.1611    0.256
    13 -27.0975   5.0954   5.3406   3.7538   0.0589   0.9587   0.7427   0.0296   0.0000  -0.0042  -0.1655    0.256
    14 -26.0160   5.3555   5.9884   4.0360   0.0634   0.9813   0.7601   0.0279   0.0000  -0.0045  -0.1694    0.256
    15 -24.8660   5.6320   6.6749   4.3179   0.0663   0.9983   0.7734   0.0281   0.0000  -0.0047  -0.1725    0.256
    16 -23.6509   5.9243   7.3989   4.6122   0.0682   1.0142   0.7857   0.0266   0.0000  -0.0050  -0.1754    0.256
    17 -22.3737   6.2314   8.1583   4.9173   0.0696   1.0282   0.7965   0.0263   0.0000  -0.0054  -0.1781    0.257
    18 -21.0382   6.5526   8.9505   5.2385   0.0711   1.0420   0.8072   0.0248   0.0000  -0.0059  -0.1808    0.257
    19 -19.6479   6.8870   9.7721   5.5741   0.0732   1.0550   0.8173   0.0248   0.0000  -0.0066  -0.1836    0.258
    20 -18.2066   7.2336  10.6191   5.9329   0.0755   1.0694   0.8284   0.0242   0.0000  -0.0076  -0.1868    0.259
    21 -16.7183   7.5915  11.4867   6.3052   0.0771   1.0824   0.8385   0.0266   0.0000  -0.0093  -0.1906    0.261
    22 -15.2178   8.0270  11.9769   6.7396   0.0798   1.1403   0.8479   0.0252   0.0000  -0.0111  -0.1921    0.263
    23 -13.7104   8.5416  13.0453   7.2278   0.0890   1.1492   0.8545   0.0254   0.0000  -0.0122  -0.1945    0.264
    24 -12.1700   9.0674  14.1297   7.7750   0.1018   1.1644   0.8659   0.0260   0.0000  -0.0141  -0.1987    0.266
    25 -10.6007   9.6031  15.2212   8.3698   0.1279   1.1836   0.8801   0.0264   0.0000  -0.0156  -0.2030    0.268
    26  -9.0069  10.1472  16.3110   8.8204   0.1295   1.1812   0.8784   0.0229   0.0000  -0.0042  -0.1924    0.255
    27  -7.3929  10.6981  17.3891   9.1437   0.1108   1.1633   0.8650   0.0148   0.0000   0.0148  -0.1724    0.233
    28  -5.7632  11.2544  18.4457   9.5734   0.1143   1.1597   0.8623   0.0065   0.0000   0.0332  -0.1552    0.212
    29  -4.1222  11.8146  19.4706   9.9560   0.1528   1.1576   0.8608  -0.0307   0.0000   0.0678  -0.1226    0.171
    30  -2.4745  12.3771  20.4537   9.0623   0.1322   1.0921   0.8121  -0.3944   0.0000   0.2577   0.0702   -0.067
    31  -0.8244  12.9404  21.3846  13.9460   0.1453   1.4224   1.0577   0.2074   0.0000   0.1352  -0.1139    0.122
    32   0.9182  12.9083  23.7257  -2.6106   0.1280  -0.2180  -0.1845  -0.1191   0.0000   0.0368   0.0766    0.449
    33   2.7484  12.2836  22.4535   3.2496   0.1231   0.2517   0.2130   0.3171   0.0000  -0.1221  -0.1668    0.823
    34   4.4877  11.7153  19.4048   1.6797   0.1176   0.1621   0.1414   0.0237   0.0000  -0.0546  -0.0814    0.636
    35   6.1324  11.2044  18.3531   2.0855   0.1131   0.2101   0.1833   0.0323   0.0000  -0.0364  -0.0743    0.448
    36   7.7566  10.6999  17.2824   2.5185   0.1090   0.2660   0.2321   0.0390   0.0000  -0.0284  -0.0780    0.372
    37   9.3557  10.2031  16.2020   2.8477   0.1052   0.3162   0.2759   0.0428   0.0000  -0.0223  -0.0822    0.331
    38  10.9254   9.7155  15.1207   3.1645   0.1014   0.3700   0.3229   0.0447   0.0000  -0.0171  -0.0878    0.303
    39  12.4615   9.2384  14.0466   3.4652   0.0978   0.4274   0.3730   0.0449   0.0000  -0.0126  -0.0947    0.284
    40  13.9597   8.7730  12.9878   3.7039   0.0943   0.4824   0.4209   0.0442   0.0000  -0.0092  -0.1020    0.272
    41  15.4158   8.3206  11.9513   3.8693   0.0910   0.5324   0.4646   0.0431   0.0000  -0.0067  -0.1094    0.265
    42  16.8260   7.8826  10.9433   3.9649   0.0879   0.5769   0.5034   0.0418   0.0000  -0.0051  -0.1163    0.260
    43  18.1863   7.4600   9.9701   4.0027   0.0850   0.6162   0.5377   0.0403   0.0000  -0.0040  -0.1228    0.257
    44  19.4930   7.0541   9.0360   3.9958   0.0823   0.6513   0.5683   0.0387   0.0000  -0.0033  -0.1288    0.256
    45  20.7425   6.6660   8.1454   3.9538   0.0793   0.6827   0.5957   0.0372   0.0000  -0.0030  -0.1344    0.255
    46  22.2285   6.2664  10.9447   3.8730   0.0780   0.7341   0.6214   0.0346   0.0000  -0.0024  -0.1378    0.254
    47  23.9231   5.8588   9.6545   3.7541   0.0797   0.7624   0.6454   0.0294   0.0000  -0.0005  -0.1410    0.251
    48  25.2257   5.5456   5.3842   3.6102   0.0827   0.7754   0.6564   0.0260   0.0000   0.0015  -0.1415    0.248
    49  26.1614   5.3206   4.8063   3.4748   0.0860   0.7781   0.6586   0.0254   0.0000   0.0037  -0.1399    0.244
    50  27.0284   5.1121   4.2600   3.3180   0.0904   0.7739   0.6551   0.0223   0.0000   0.0063  -0.1367    0.240
    51  27.8244   4.9206   3.7446   3.1415   0.0958   0.7616   0.6447   0.0199   0.0000   0.0097  -0.1313    0.235
    52  28.5471   4.7468   3.2592   2.9379   0.1019   0.7389   0.6255   0.0166   0.0000   0.0137  -0.1235    0.228
    53  29.1945   4.5911   2.8021   2.7051   0.1085   0.7039   0.5958   0.0136   0.0000   0.0184  -0.1128    0.219
    54  29.7650   4.4539   2.3712   2.4388   0.1151   0.6548   0.5543   0.0095   0.0000   0.0231  -0.0994    0.208
    55  30.2570   4.3356   1.9639   2.1391   0.1213   0.5905   0.4999   0.0059   0.0000   0.0271  -0.0839    0.196
    56  30.6690   4.2365   1.5773   1.8051   0.1267   0.5106   0.4322   0.0021   0.0000   0.0294  -0.0670    0.182
    57  30.9999   4.1569   1.2082   1.4397   0.1312   0.4158   0.3520  -0.0021   0.0000   0.0289  -0.0500    0.168
    58  31.2490   4.0971   0.8529   1.0489   0.1346   0.3083   0.2610  -0.0060   0.0000   0.0247  -0.0340    0.155
    59  31.4154   4.0570   0.5077   0.6377   0.1368   0.1909   0.1616  -0.0117   0.0000   0.0166  -0.0196    0.147
    60  31.4987   4.0370   0.1685   0.2139   0.1378   0.0663   0.0561  -0.0135   0.0000   0.0058  -0.0064    0.146

  Surface # 2     main_wing (YDUP)                        
     # Chordwise =  5   # Spanwise = 60     First strip = 61
     Surface area =  531.821899       Ave. chord =    8.117932
     CLsurf  =   0.54930     Clsurf  =  -0.03221
     CYsurf  =  -0.08649     Cmsurf  =   0.85143
     CDsurf  =   0.02236     Cnsurf  =  -0.02152
     CDisurf =   0.02236     CDvsurf =   0.00000

  Forces referred to Ssurf, Cave about hinge axis thru LE
     CLsurf  =   0.58838     CDsurf  =   0.02377
     Deflect =

 Strip Forces referred to Strip Area, Chord
    j      Yle    Chord     Area     c cl      ai      cl_norm  cl       cd       cdv    cm_c/4    cm_LE  C.P.x/c
    61  33.8694   3.4668   0.1562   0.1789   0.0420   0.0647   0.0501   0.0130   0.0000   0.0005   0.0109    0.241
    62  33.7795   3.4884   0.4712   0.5333   0.0393   0.1948   0.1509   0.0245   0.0000   0.0009   0.0327    0.244
    63  33.5999   3.5316   0.7937   0.8779   0.0339   0.3187   0.2468   0.0315   0.0000   0.0005   0.0541    0.248
    64  33.3310   3.5963   1.1284   1.2097   0.0285   0.4326   0.3351   0.0361   0.0000  -0.0004   0.0742    0.251
    65  32.9737   3.6822   1.4800   1.5272   0.0235   0.5348   0.4143   0.0386   0.0000  -0.0013   0.0922    0.253
    66  32.5289   3.7892   1.8529   1.8306   0.0199   0.6241   0.4834   0.0400   0.0000  -0.0021   0.1080    0.254
    67  31.9979   3.9169   2.2511   2.1215   0.0187   0.7008   0.5429   0.0395   0.0000  -0.0027   0.1213    0.255
    68  31.3820   4.0650   2.6784   2.4023   0.0208   0.7657   0.5932   0.0385   0.0000  -0.0032   0.1326    0.255
    69  30.6830   4.2331   3.1377   2.6761   0.0265   0.8201   0.6353   0.0368   0.0000  -0.0035   0.1419    0.255
    70  29.9028   4.4207   3.6318   2.9455   0.0349   0.8651   0.6702   0.0354   0.0000  -0.0037   0.1496    0.256
    71  29.0436   4.6274   4.1628   3.2125   0.0442   0.9022   0.6989   0.0334   0.0000  -0.0039   0.1559    0.256
    72  28.1076   4.8525   4.7322   3.4816   0.0525   0.9330   0.7227   0.0321   0.0000  -0.0041   0.1611    0.256
    73  27.0975   5.0954   5.3406   3.7538   0.0589   0.9587   0.7427   0.0296   0.0000  -0.0042   0.1655    0.256
    74  26.0160   5.3555   5.9884   4.0360   0.0634   0.9813   0.7601   0.0279   0.0000  -0.0045   0.1694    0.256
    75  24.8660   5.6320   6.6749   4.3179   0.0663   0.9983   0.7734   0.0281   0.0000  -0.0047   0.1725    0.256
    76  23.6509   5.9243   7.3989   4.6122   0.0682   1.0142   0.7857   0.0266   0.0000  -0.0050   0.1754    0.256
    77  22.3737   6.2314   8.1583   4.9173   0.0696   1.0282   0.7965   0.0263   0.0000  -0.0054   0.1781    0.257
    78  21.0382   6.5526   8.9505   5.2385   0.0711   1.0420   0.8072   0.0248   0.0000  -0.0059   0.1808    0.257
    79  19.6479   6.8870   9.7721   5.5741   0.0732   1.0550   0.8173   0.0248   0.0000  -0.0066   0.1836    0.258
    80  18.2066   7.2336  10.6191   5.9329   0.0755   1.0694   0.8284   0.0242   0.0000  -0.0076   0.1868    0.259
    81  16.7183   7.5915  11.4867   6.3052   0.0771   1.0824   0.8385   0.0266   0.0000  -0.0093   0.1906    0.261
    82  15.2178   8.0270  11.9769   6.7396   0.0798   1.1403   0.8479   0.0252   0.0000  -0.0111   0.1921    0.263
    83  13.7104   8.5416  13.0453   7.2278   0.0890   1.1492   0.8545   0.0254   0.0000  -0.0122   0.1945    0.264
    84  12.1700   9.0674  14.1297   7.7750   0.1018   1.1644   0.8659   0.0260   0.0000  -0.0141   0.1987    0.266
    85  10.6007   9.6031  15.2212   8.3698   0.1279   1.1836   0.8801   0.0264   0.0000  -0.0156   0.2030    0.268
    86   9.0069  10.1472  16.3110   8.8204   0.1295   1.1812   0.8784   0.0229   0.0000  -0.0042   0.1924    0.255
    87   7.3929  10.6981  17.3891   9.1437   0.1108   1.1633   0.8650   0.0148   0.0000   0.0148   0.1724    0.233
    88   5.7632  11.2544  18.4457   9.5734   0.1143   1.1597   0.8623   0.0065   0.0000   0.0332   0.1552    0.212
    89   4.1222  11.8146  19.4706   9.9560   0.1528   1.1576   0.8608  -0.0307   0.0000   0.0678   0.1226    0.171
    90   2.4745  12.3771  20.4537   9.0623   0.1322   1.0921   0.8121  -0.3944   0.0000   0.2577  -0.0702   -0.067
    91   0.8244  12.9404  21.3846  13.9460   0.1453   1.4224   1.0577   0.2074   0.0000   0.1352   0.1139    0.122
    92  -0.9182  12.9083  23.7257  -2.6107   0.1280  -0.2180  -0.1845  -0.1191   0.0000   0.0368  -0.0766    0.449
    93  -2.7484  12.2836  22.4535   3.2496   0.1231   0.2517   0.2130   0.3171   0.0000  -0.1221   0.1668    0.823
    94  -4.4877  11.7153  19.4048   1.6797   0.1176   0.1621   0.1414   0.0237   0.0000  -0.0546   0.0814    0.636
    95  -6.1324  11.2044  18.3531   2.0855   0.1131   0.2101   0.1833   0.0323   0.0000  -0.0364   0.0743    0.448
    96  -7.7566  10.6999  17.2824   2.5185   0.1090   0.2660   0.2321   0.0390   0.0000  -0.0284   0.0780    0.372
    97  -9.3557  10.2031  16.2020   2.8477   0.1052   0.3162   0.2759   0.0428   0.0000  -0.0223   0.0822    0.331
    98 -10.9254   9.7155  15.1207   3.1645   0.1014   0.3700   0.3229   0.0447   0.0000  -0.0171   0.0878    0.303
    99 -12.4615   9.2384  14.0466   3.4652   0.0978   0.4274   0.3730   0.0449   0.0000  -0.0126   0.0947    0.284
   100 -13.9597   8.7730  12.9878   3.7039   0.0943   0.4824   0.4209   0.0442   0.0000  -0.0092   0.1020    0.272
   101 -15.4158   8.3206  11.9513   3.8692   0.0910   0.5324   0.4646   0.0431   0.0000  -0.0067   0.1094    0.265
   102 -16.8260   7.8826  10.9433   3.9649   0.0879   0.5769   0.5034   0.0418   0.0000  -0.0051   0.1163    0.260
   103 -18.1863   7.4600   9.9701   4.0027   0.0850   0.6162   0.5377   0.0403   0.0000  -0.0040   0.1228    0.257
   104 -19.4930   7.0541   9.0360   3.9958   0.0823   0.6513   0.5683   0.0387   0.0000  -0.0033   0.1288    0.256
   105 -20.7425   6.6660   8.1454   3.9538   0.0793   0.6827   0.5957   0.0372   0.0000  -0.0030   0.1344    0.255
   106 -22.2285   6.2664  10.9447   3.8730   0.0780   0.7341   0.6214   0.0346   0.0000  -0.0024   0.1378    0.254
   107 -23.9231   5.8588   9.6545   3.7541   0.0797   0.7624   0.6454   0.0294   0.0000  -0.0005   0.1410    0.251
   108 -25.2257   5.5456   5.3842   3.6102   0.0827   0.7754   0.6564   0.0260   0.0000   0.0015   0.1415    0.248
   109 -26.1614   5.3206   4.8063   3.4748   0.0860   0.7780   0.6586   0.0254   0.0000   0.0037   0.1399    0.244
   110 -27.0284   5.1121   4.2600   3.3180   0.0904   0.7739   0.6551   0.0223   0.0000   0.0063   0.1367    0.240
   111 -27.8244   4.9206   3.7446   3.1415   0.0958   0.7616   0.6447   0.0199   0.0000   0.0097   0.1313    0.235
   112 -28.5471   4.7468   3.2592   2.9379   0.1019   0.7389   0.6255   0.0166   0.0000   0.0137   0.1235    0.228
   113 -29.1945   4.5911   2.8021   2.7051   0.1085   0.7039   0.5958   0.0136   0.0000   0.0184   0.1128    0.219
   114 -29.7650   4.4539   2.3712   2.4388   0.1151   0.6548   0.5543   0.0095   0.0000   0.0231   0.0994    0.208
   115 -30.2570   4.3356   1.9639   2.1391   0.1213   0.5905   0.4999   0.0059   0.0000   0.0271   0.0839    0.196
   116 -30.6690   4.2365   1.5773   1.8051   0.1267   0.5106   0.4322   0.0021   0.0000   0.0294   0.0670    0.182
   117 -30.9999   4.1569   1.2082   1.4397   0.1312   0.4158   0.3520  -0.0021   0.0000   0.0289   0.0500    0.168
   118 -31.2490   4.0971   0.8529   1.0489   0.1346   0.3083   0.2610  -0.0060   0.0000   0.0247   0.0340    0.155
   119 -31.4154   4.0570   0.5077   0.6377   0.1368   0.1909   0.1616  -0.0117   0.0000   0.0166   0.0196    0.147
   120 -31.4987   4.0370   0.1685   0.2139   0.1378   0.0663   0.0561  -0.0135   0.0000   0.0058   0.0064    0.146

  Surface # 3     horizontal_stabilizer                   
     # Chordwise =  5   # Spanwise = 60     First strip =121
     Surface area =   43.732090       Ave. chord =    4.269336
     CLsurf  =   0.03254     Clsurf  =  -0.00217
     CYsurf  =  -0.00025     Cmsurf  =  -0.12246
     CDsurf  =   0.00322     Cnsurf  =  -0.00015
     CDisurf =   0.00322     CDvsurf =   0.00000

  Forces referred to Ssurf, Cave about hinge axis thru LE
     CLsurf  =   0.42060     CDsurf  =   0.04168
     Deflect =

 Strip Forces referred to Strip Area, Chord
    j      Yle    Chord     Area     c cl      ai      cl_norm  cl       cd       cdv    cm_c/4    cm_LE  C.P.x/c
   121   0.0017   6.4035   0.0424   2.1720   0.1087  -0.0712  -0.0556   2.2689   0.0000  -0.0183  -0.0868   -0.080
   122   0.0149   6.3980   0.1269   2.2294   0.1089   0.3896   0.3047   0.2784   0.0000  -0.0159  -0.0868    0.302
   123   0.0413   6.3870   0.2107   2.2333   0.1094   0.4268   0.3337   0.1213   0.0000  -0.0158  -0.0869    0.297
   124   0.0808   6.3705   0.2934   2.2291   0.1100   0.4367   0.3414   0.0788   0.0000  -0.0158  -0.0870    0.296
   125   0.1334   6.3486   0.3745   2.2316   0.1106   0.4425   0.3460   0.0619   0.0000  -0.0154  -0.0870    0.295
   126   0.1988   6.3213   0.4537   2.2292   0.1113   0.4459   0.3486   0.0539   0.0000  -0.0150  -0.0869    0.293
   127   0.2769   6.2888   0.5305   2.2358   0.1120   0.4503   0.3521   0.0507   0.0000  -0.0144  -0.0869    0.291
   128   0.3674   6.2510   0.6045   2.2349   0.1126   0.4536   0.3546   0.0478   0.0000  -0.0137  -0.0867    0.288
   129   0.4702   6.2082   0.6754   2.2334   0.1132   0.4567   0.3571   0.0465   0.0000  -0.0129  -0.0866    0.286
   130   0.5850   6.1604   0.7429   2.2307   0.1138   0.4600   0.3597   0.0453   0.0000  -0.0120  -0.0863    0.283
   131   0.7113   6.1077   0.8065   2.2345   0.1143   0.4651   0.3636   0.0446   0.0000  -0.0109  -0.0862    0.280
   132   0.8490   6.0503   0.8661   2.2357   0.1147   0.4697   0.3672   0.0453   0.0000  -0.0099  -0.0862    0.277
   133   1.0027   5.9862   0.9844   2.2304   0.1152   0.4737   0.3704   0.0451   0.0000  -0.0089  -0.0859    0.274
   134   1.1727   5.9153   1.0378   2.2293   0.1156   0.4793   0.3748   0.0450   0.0000  -0.0079  -0.0860    0.271
   135   1.3535   5.8400   1.0860   2.2257   0.1159   0.4852   0.3793   0.0435   0.0000  -0.0070  -0.0861    0.268
   136   1.5445   5.7604   1.1288   2.2236   0.1162   0.4915   0.3843   0.0436   0.0000  -0.0060  -0.0863    0.266
   137   1.7453   5.6767   1.1661   2.2173   0.1164   0.4984   0.3897   0.0394   0.0000  -0.0052  -0.0866    0.263
   138   1.9552   5.5892   1.1979   2.2118   0.1165   0.5047   0.3946   0.0410   0.0000  -0.0044  -0.0870    0.261
   139   2.1737   5.4981   1.2240   2.2020   0.1166   0.5108   0.3994   0.0414   0.0000  -0.0038  -0.0875    0.259
   140   2.4003   5.4037   1.2446   2.1912   0.1167   0.5180   0.4050   0.0385   0.0000  -0.0031  -0.0880    0.258
   141   2.6343   5.3061   1.2597   2.1818   0.1167   0.5253   0.4107   0.0386   0.0000  -0.0023  -0.0885    0.256
   142   2.8750   5.2058   1.2693   2.1700   0.1166   0.5321   0.4160   0.0412   0.0000  -0.0018  -0.0893    0.254
   143   3.1217   5.1030   1.2736   2.1512   0.1165   0.5385   0.4210   0.0399   0.0000  -0.0014  -0.0899    0.253
   144   3.3739   4.9978   1.2727   2.1333   0.1164   0.5456   0.4266   0.0389   0.0000  -0.0009  -0.0906    0.252
   145   3.6309   4.8907   1.2668   2.1138   0.1163   0.5527   0.4321   0.0383   0.0000  -0.0006  -0.0914    0.251
   146   3.8918   4.7820   1.2561   2.0895   0.1161   0.5581   0.4364   0.0414   0.0000  -0.0001  -0.0921    0.250
   147   4.1560   4.6718   1.2409   2.0710   0.1160   0.5675   0.4437   0.0365   0.0000   0.0001  -0.0932    0.250
   148   4.4228   4.5606   1.2215   2.0427   0.1158   0.5729   0.4479   0.0390   0.0000   0.0005  -0.0939    0.249
   149   4.6915   4.4486   1.1980   2.0218   0.1157   0.5819   0.4549   0.0372   0.0000   0.0009  -0.0949    0.248
   150   4.9613   4.3362   1.1710   1.9877   0.1155   0.5872   0.4591   0.0360   0.0000   0.0012  -0.0955    0.247
   151   5.2314   4.2236   1.1406   1.9550   0.1155   0.5925   0.4632   0.0385   0.0000   0.0015  -0.0961    0.247
   152   5.5012   4.1111   1.1072   1.9201   0.1154   0.5979   0.4675   0.0383   0.0000   0.0018  -0.0968    0.246
   153   5.7698   3.9992   1.0711   1.8778   0.1155   0.6013   0.4701   0.0377   0.0000   0.0021  -0.0971    0.246
   154   6.0367   3.8879   1.0327   1.8457   0.1156   0.6074   0.4749   0.0403   0.0000   0.0026  -0.0977    0.244
   155   6.3009   3.7778   0.9923   1.8101   0.1158   0.6132   0.4794   0.0405   0.0000   0.0031  -0.0983    0.244
   156   6.5618   3.6690   0.9503   1.7616   0.1161   0.6152   0.4810   0.0368   0.0000   0.0034  -0.0982    0.243
   157   6.8188   3.5619   0.9070   1.7188   0.1166   0.6185   0.4836   0.0362   0.0000   0.0041  -0.0981    0.242
   158   7.0710   3.4568   0.8627   1.6532   0.1172   0.6132   0.4795   0.0349   0.0000   0.0068  -0.0949    0.236
   159   7.3177   3.3540   0.8178   1.6286   0.1180   0.6227   0.4869   0.0352   0.0000   0.0054  -0.0976    0.239
   160   7.5584   3.2536   0.7724   1.5756   0.1190   0.6211   0.4856   0.0346   0.0000   0.0061  -0.0968    0.238
   161   7.7924   3.1561   0.7270   1.5263   0.1201   0.6203   0.4850   0.0346   0.0000   0.0071  -0.0958    0.235
   162   8.0189   3.0617   0.6816   1.4717   0.1215   0.6171   0.4825   0.0318   0.0000   0.0081  -0.0943    0.233
   163   8.2375   2.9706   0.6366   1.4187   0.1230   0.6122   0.4786   0.0358   0.0000   0.0095  -0.0925    0.230
   164   8.4474   2.8831   0.5922   1.3546   0.1247   0.6031   0.4716   0.0312   0.0000   0.0105  -0.0900    0.228
   165   8.6482   2.7994   0.5486   1.2962   0.1266   0.5947   0.4650   0.0295   0.0000   0.0123  -0.0871    0.224
   166   8.8392   2.7198   0.5057   1.2913   0.1286   0.6091   0.4762   0.0334   0.0000   0.0044  -0.0962    0.241
   167   9.0200   2.6444   0.4639   1.1627   0.1308   0.5650   0.4418   0.0267   0.0000   0.0158  -0.0793    0.214
   168   9.1900   2.5736   0.4232   1.0931   0.1330   0.5457   0.4266   0.0264   0.0000   0.0175  -0.0746    0.209
   169   9.3488   2.5074   0.3837   1.0207   0.1351   0.5241   0.4098   0.0201   0.0000   0.0195  -0.0693    0.202
   170   9.4948   2.4465   0.3399   0.9147   0.1373   0.4816   0.3766   0.0174   0.0000   0.0259  -0.0569    0.181
   171   9.6277   2.3911   0.3034   0.8670   0.1393   0.4666   0.3648   0.0191   0.0000   0.0223  -0.0576    0.189
   172   9.7485   2.3408   0.2680   0.7850   0.1412   0.4321   0.3378   0.0153   0.0000   0.0234  -0.0509    0.181
   173   9.8566   2.2957   0.2336   0.7006   0.1430   0.3937   0.3078   0.0119   0.0000   0.0238  -0.0442    0.173
   174   9.9519   2.2560   0.2003   0.6598   0.1445   0.3767   0.2945   0.0141   0.0000   0.0143  -0.0495    0.201
   175  10.0341   2.2217   0.1678   0.5238   0.1459   0.3047   0.2383   0.0066   0.0000   0.0222  -0.0310    0.157
   176  10.1029   2.1930   0.1361   0.4308   0.1472   0.2545   0.1990   0.0028   0.0000   0.0198  -0.0247    0.151
   177  10.1582   2.1700   0.1052   0.3374   0.1481   0.2020   0.1579  -0.0002   0.0000   0.0166  -0.0187    0.145
   178  10.1998   2.1526   0.0747   0.2428   0.1488   0.1476   0.1154  -0.0048   0.0000   0.0126  -0.0131    0.141
   179  10.2276   2.1410   0.0447   0.1459   0.1493   0.0907   0.0709  -0.0096   0.0000   0.0078  -0.0078    0.140
   180  10.2416   2.1352   0.0149   0.0487   0.1494   0.0317   0.0248  -0.0092   0.0000   0.0026  -0.0026    0.143

  Surface # 4     horizontal_stabilizer (YDUP)            
     # Chordwise =  5   # Spanwise = 60     First strip =181
     Surface area =   43.732090       Ave. chord =    4.269336
     CLsurf  =   0.03254     Clsurf  =   0.00217
     CYsurf  =   0.00025     Cmsurf  =  -0.12246
     CDsurf  =   0.00322     Cnsurf  =   0.00015
     CDisurf =   0.00322     CDvsurf =   0.00000

  Forces referred to Ssurf, Cave about hinge axis thru LE
     CLsurf  =   0.42060     CDsurf  =   0.04168
     Deflect =

 Strip Forces referred to Strip Area, Chord
    j      Yle    Chord     Area     c cl      ai      cl_norm  cl       cd       cdv    cm_c/4    cm_LE  C.P.x/c
   181  -0.0017   6.4035   0.0424   2.1720   0.1087  -0.0712  -0.0556   2.2689   0.0000  -0.0183   0.0868   -0.080
   182  -0.0149   6.3980   0.1269   2.2294   0.1089   0.3896   0.3047   0.2784   0.0000  -0.0159   0.0868    0.302
   183  -0.0413   6.3870   0.2107   2.2333   0.1094   0.4268   0.3337   0.1213   0.0000  -0.0158   0.0869    0.297
   184  -0.0808   6.3705   0.2934   2.2291   0.1100   0.4367   0.3414   0.0788   0.0000  -0.0158   0.0870    0.296
   185  -0.1334   6.3486   0.3745   2.2316   0.1106   0.4425   0.3460   0.0619   0.0000  -0.0154   0.0870    0.295
   186  -0.1988   6.3213   0.4537   2.2292   0.1113   0.4459   0.3486   0.0538   0.0000  -0.0150   0.0869    0.293
   187  -0.2769   6.2888   0.5305   2.2358   0.1120   0.4503   0.3521   0.0507   0.0000  -0.0144   0.0869    0.291
   188  -0.3674   6.2510   0.6045   2.2349   0.1126   0.4536   0.3546   0.0478   0.0000  -0.0137   0.0867    0.288
   189  -0.4702   6.2082   0.6754   2.2334   0.1132   0.4567   0.3571   0.0465   0.0000  -0.0129   0.0866    0.286
   190  -0.5850   6.1604   0.7429   2.2307   0.1138   0.4600   0.3597   0.0453   0.0000  -0.0120   0.0863    0.283
   191  -0.7113   6.1077   0.8065   2.2345   0.1143   0.4651   0.3636   0.0446   0.0000  -0.0109   0.0862    0.280
   192  -0.8490   6.0503   0.8661   2.2357   0.1147   0.4697   0.3672   0.0453   0.0000  -0.0099   0.0862    0.277
   193  -1.0027   5.9862   0.9844   2.2304   0.1152   0.4737   0.3704   0.0451   0.0000  -0.0089   0.0859    0.274
   194  -1.1727   5.9153   1.0378   2.2293   0.1156   0.4793   0.3748   0.0450   0.0000  -0.0079   0.0860    0.271
   195  -1.3535   5.8400   1.0860   2.2257   0.1159   0.4852   0.3793   0.0435   0.0000  -0.0070   0.0861    0.268
   196  -1.5445   5.7604   1.1288   2.2236   0.1162   0.4915   0.3843   0.0436   0.0000  -0.0060   0.0863    0.266
   197  -1.7453   5.6767   1.1661   2.2173   0.1164   0.4984   0.3897   0.0394   0.0000  -0.0052   0.0866    0.263
   198  -1.9552   5.5892   1.1979   2.2117   0.1165   0.5047   0.3946   0.0410   0.0000  -0.0044   0.0870    0.261
   199  -2.1737   5.4981   1.2240   2.2020   0.1166   0.5108   0.3994   0.0414   0.0000  -0.0038   0.0875    0.259
   200  -2.4003   5.4037   1.2446   2.1912   0.1167   0.5180   0.4050   0.0385   0.0000  -0.0031   0.0880    0.258
   201  -2.6343   5.3061   1.2597   2.1818   0.1167   0.5253   0.4107   0.0386   0.0000  -0.0023   0.0885    0.256
   202  -2.8750   5.2058   1.2693   2.1700   0.1166   0.5321   0.4160   0.0412   0.0000  -0.0018   0.0893    0.254
   203  -3.1217   5.1030   1.2736   2.1512   0.1165   0.5385   0.4210   0.0399   0.0000  -0.0014   0.0899    0.253
   204  -3.3739   4.9978   1.2727   2.1333   0.1164   0.5456   0.4266   0.0389   0.0000  -0.0009   0.0906    0.252
   205  -3.6309   4.8907   1.2668   2.1138   0.1163   0.5527   0.4321   0.0383   0.0000  -0.0006   0.0914    0.251
   206  -3.8918   4.7820   1.2561   2.0894   0.1161   0.5581   0.4364   0.0414   0.0000  -0.0001   0.0921    0.250
   207  -4.1560   4.6718   1.2409   2.0710   0.1160   0.5675   0.4437   0.0365   0.0000   0.0001   0.0932    0.250
   208  -4.4228   4.5606   1.2215   2.0427   0.1158   0.5729   0.4479   0.0390   0.0000   0.0005   0.0939    0.249
   209  -4.6915   4.4486   1.1980   2.0218   0.1157   0.5819   0.4549   0.0372   0.0000   0.0009   0.0949    0.248
   210  -4.9613   4.3362   1.1710   1.9877   0.1155   0.5872   0.4591   0.0360   0.0000   0.0012   0.0955    0.247
   211  -5.2314   4.2236   1.1406   1.9550   0.1155   0.5925   0.4632   0.0385   0.0000   0.0015   0.0961    0.247
   212  -5.5012   4.1111   1.1072   1.9201   0.1154   0.5979   0.4675   0.0383   0.0000   0.0018   0.0968    0.246
   213  -5.7698   3.9992   1.0711   1.8778   0.1155   0.6013   0.4701   0.0377   0.0000   0.0021   0.0971    0.246
   214  -6.0367   3.8879   1.0327   1.8457   0.1156   0.6074   0.4749   0.0403   0.0000   0.0026   0.0977    0.244
   215  -6.3009   3.7778   0.9923   1.8101   0.1158   0.6132   0.4794   0.0405   0.0000   0.0031   0.0983    0.244
   216  -6.5618   3.6690   0.9503   1.7616   0.1161   0.6152   0.4810   0.0368   0.0000   0.0034   0.0982    0.243
   217  -6.8188   3.5619   0.9070   1.7188   0.1166   0.6185   0.4836   0.0362   0.0000   0.0041   0.0981    0.242
   218  -7.0710   3.4568   0.8627   1.6532   0.1172   0.6132   0.4795   0.0349   0.0000   0.0068   0.0949    0.236
   219  -7.3177   3.3540   0.8178   1.6286   0.1180   0.6227   0.4869   0.0352   0.0000   0.0054   0.0976    0.239
   220  -7.5584   3.2536   0.7724   1.5756   0.1190   0.6211   0.4856   0.0346   0.0000   0.0061   0.0968    0.238
   221  -7.7924   3.1561   0.7270   1.5263   0.1201   0.6203   0.4850   0.0346   0.0000   0.0071   0.0958    0.235
   222  -8.0189   3.0617   0.6816   1.4717   0.1215   0.6171   0.4825   0.0318   0.0000   0.0081   0.0943    0.233
   223  -8.2375   2.9706   0.6366   1.4187   0.1230   0.6122   0.4786   0.0358   0.0000   0.0095   0.0925    0.230
   224  -8.4474   2.8831   0.5922   1.3546   0.1247   0.6031   0.4716   0.0312   0.0000   0.0105   0.0900    0.228
   225  -8.6482   2.7994   0.5486   1.2962   0.1266   0.5947   0.4650   0.0295   0.0000   0.0123   0.0871    0.224
   226  -8.8392   2.7198   0.5057   1.2913   0.1286   0.6091   0.4762   0.0334   0.0000   0.0044   0.0962    0.241
   227  -9.0200   2.6444   0.4639   1.1627   0.1308   0.5650   0.4418   0.0267   0.0000   0.0158   0.0793    0.214
   228  -9.1900   2.5736   0.4232   1.0931   0.1330   0.5457   0.4266   0.0264   0.0000   0.0175   0.0746    0.209
   229  -9.3488   2.5074   0.3837   1.0207   0.1351   0.5241   0.4098   0.0201   0.0000   0.0195   0.0693    0.202
   230  -9.4948   2.4465   0.3399   0.9146   0.1373   0.4816   0.3766   0.0174   0.0000   0.0259   0.0569    0.181
   231  -9.6277   2.3911   0.3034   0.8670   0.1393   0.4666   0.3648   0.0191   0.0000   0.0223   0.0576    0.189
   232  -9.7485   2.3408   0.2680   0.7850   0.1412   0.4321   0.3378   0.0153   0.0000   0.0234   0.0509    0.181
   233  -9.8566   2.2957   0.2336   0.7006   0.1430   0.3937   0.3078   0.0119   0.0000   0.0238   0.0442    0.173
   234  -9.9519   2.2560   0.2003   0.6598   0.1445   0.3767   0.2945   0.0141   0.0000   0.0143   0.0495    0.201
   235 -10.0341   2.2217   0.1678   0.5238   0.1459   0.3047   0.2382   0.0066   0.0000   0.0222   0.0310    0.157
   236 -10.1029   2.1930   0.1361   0.4308   0.1472   0.2545   0.1990   0.0028   0.0000   0.0198   0.0247    0.151
   237 -10.1582   2.1700   0.1052   0.3374   0.1481   0.2020   0.1579  -0.0002   0.0000   0.0166   0.0187    0.145
   238 -10.1998   2.1526   0.0747   0.2428   0.1488   0.1476   0.1154  -0.0048   0.0000   0.0126   0.0131    0.141
   239 -10.2276   2.1410   0.0447   0.1459   0.1493   0.0907   0.0709  -0.0096   0.0000   0.0078   0.0078    0.140
   240 -10.2416   2.1352   0.0149   0.0487   0.1494   0.0317   0.0248  -0.0092   0.0000   0.0026   0.0026    0.143

  Surface # 5     vertical_stabilizer                     
     # Chordwise =  5   # Spanwise = 60     First strip =241
     Surface area =  102.378899       Ave. chord =    8.848652
     CLsurf  =  -0.00000     Clsurf  =  -0.00000
     CYsurf  =  -0.00000     Cmsurf  =   0.00000
     CDsurf  =   0.00000     Cnsurf  =   0.00000
     CDisurf =   0.00000     CDvsurf =   0.00000

  Forces referred to Ssurf, Cave about hinge axis thru LE
     CLsurf  =   0.00000     CDsurf  =   0.00000
     Deflect =

 Strip Forces referred to Strip Area, Chord
    j      Yle    Chord     Area     c cl      ai      cl_norm  cl       cd       cdv    cm_c/4    cm_LE  C.P.x/c
   241   0.0000   9.4977   0.3694  -0.0000  -0.0000  -0.0000  -0.0000   0.0000   0.0000  -0.0000   0.0000    0.165
   242   0.0000   9.4916   0.5095  -0.0000  -0.0000  -0.0000  -0.0000   0.0000   0.0000  -0.0000   0.0000   -0.122
   243   0.0000   9.4835   0.6485  -0.0000  -0.0000  -0.0000  -0.0000   0.0000   0.0000  -0.0000   0.0000   -0.143
   244   0.0000   9.4735   0.7860  -0.0000  -0.0000  -0.0000  -0.0000   0.0000   0.0000  -0.0000  -0.0000   -0.913
   245   0.0000   9.4616   0.9215  -0.0000  -0.0000  -0.0000  -0.0000  -0.0000   0.0000  -0.0000  -0.0000   -0.701
   246   0.0000   9.4478   1.0544  -0.0000   0.0000  -0.0000  -0.0000   0.0000   0.0000  -0.0000  -0.0000   -0.744
   247   0.0000   9.4321   1.1845  -0.0000   0.0000  -0.0000  -0.0000   0.0000   0.0000  -0.0000  -0.0000   -0.503
   248   0.0000   9.4149   1.2715  -0.0000   0.0000  -0.0000  -0.0000  -0.0000   0.0000  -0.0000  -0.0000   -0.719
   249   0.0000   9.3962   1.3909  -0.0000   0.0000  -0.0000  -0.0000  -0.0000   0.0000  -0.0000  -0.0000   -0.859
   250   0.0000   9.3758   1.5062  -0.0000   0.0000  -0.0000  -0.0000   0.0000   0.0000  -0.0000  -0.0000
   251   0.0000   9.3538   1.6173  -0.0000   0.0000  -0.0000  -0.0000  -0.0000   0.0000  -0.0000  -0.0000   -0.517
   252   0.0000   9.3301   1.7236  -0.0000   0.0000  -0.0000  -0.0000  -0.0000   0.0000  -0.0000  -0.0000   -0.575
   253   0.0000   9.3050   1.8249  -0.0000   0.0000  -0.0000  -0.0000  -0.0000   0.0000  -0.0000  -0.0000   -0.448
   254   0.0000   9.2783   1.9209  -0.0000   0.0000  -0.0000  -0.0000   0.0000   0.0000  -0.0000  -0.0000   -0.366
   255   0.0000   9.2503   2.0113  -0.0000   0.0000  -0.0000  -0.0000   0.0000   0.0000  -0.0000  -0.0000   -0.390
   256   0.0000   9.2209   2.0959  -0.0000   0.0000  -0.0000  -0.0000   0.0000   0.0000  -0.0000  -0.0000   -0.671
   257   0.0000   9.1902   2.1743  -0.0000   0.0000  -0.0000  -0.0000  -0.0000   0.0000  -0.0000  -0.0000   -0.695
   258   0.0000   9.1584   2.2465  -0.0000   0.0000  -0.0000  -0.0000  -0.0000   0.0000  -0.0000  -0.0000
   259   0.0000   9.1254   2.3123  -0.0000   0.0000  -0.0000  -0.0000  -0.0000   0.0000  -0.0000  -0.0000
   260   0.0000   9.0915   2.3714  -0.0000   0.0000  -0.0000  -0.0000   0.0000   0.0000  -0.0000  -0.0000
   261   0.0000   9.0566   2.4238   0.0000   0.0000   0.0000   0.0000  -0.0000   0.0000  -0.0000  -0.0000
   262   0.0000   9.0208   2.4694   0.0000   0.0000   0.0000   0.0000   0.0000   0.0000  -0.0000  -0.0000
   263   0.0000   8.9842   2.5080   0.0000   0.0000   0.0000   0.0000   0.0000   0.0000  -0.0000  -0.0000    1.963
   264   0.0000   8.9470   2.5397   0.0000   0.0000   0.0000   0.0000   0.0000   0.0000  -0.0000  -0.0000    1.961
   265   0.0000   8.9093   2.5643   0.0000   0.0000   0.0000   0.0000   0.0000   0.0000  -0.0000  -0.0000    1.252
   266   0.0000   8.8710   2.5820   0.0000   0.0000   0.0000   0.0000  -0.0000   0.0000  -0.0000  -0.0000    1.008
   267   0.0000   8.8324   2.5928   0.0000   0.0000   0.0000   0.0000   0.0000   0.0000  -0.0000  -0.0000    0.819
   268   0.0000   8.7935   2.5966   0.0000  -0.0000   0.0000   0.0000   0.0000   0.0000  -0.0000  -0.0000    0.805
   269   0.0000   8.7544   2.5935   0.0000   0.0000   0.0000   0.0000  -0.0000   0.0000  -0.0000  -0.0000    0.737
   270   0.0000   8.7152   2.5837   0.0000  -0.0000   0.0000   0.0000   0.0000   0.0000  -0.0000  -0.0000    0.659
   271   0.0000   8.6761   2.5672   0.0000  -0.0000   0.0000   0.0000   0.0000   0.0000  -0.0000  -0.0000    0.603
   272   0.0000   8.6371   2.5441   0.0000  -0.0000   0.0000   0.0000   0.0000   0.0000  -0.0000  -0.0000    0.551
   273   0.0000   8.5983   2.5147   0.0000  -0.0000   0.0000   0.0000   0.0000   0.0000  -0.0000  -0.0000    0.515
   274   0.0000   8.5598   2.4789   0.0000  -0.0000   0.0000   0.0000  -0.0000   0.0000  -0.0000  -0.0000    0.488
   275   0.0000   8.5218   2.4372   0.0000  -0.0000   0.0000   0.0000   0.0000   0.0000  -0.0000  -0.0000    0.460
   276   0.0000   8.4843   2.3895   0.0000   0.0000   0.0000   0.0000   0.0000   0.0000  -0.0000  -0.0000    0.433
   277   0.0000   8.4474   2.3361   0.0000  -0.0000   0.0000   0.0000   0.0000   0.0000  -0.0000  -0.0000    0.411
   278   0.0000   8.4112   2.2772   0.0000  -0.0000   0.0000   0.0000  -0.0000   0.0000  -0.0000  -0.0000    0.380
   279   0.0000   8.3759   2.2130   0.0000  -0.0000   0.0000   0.0000   0.0000   0.0000  -0.0000  -0.0000    0.360
   280   0.0000   8.3415   2.1438   0.0000  -0.0000   0.0000   0.0000  -0.0000   0.0000  -0.0000  -0.0000    0.341
   281   0.0000   8.3161   1.0586   0.0000  -0.0000   0.0000   0.0000  -0.0000   0.0000  -0.0000  -0.0000    0.330
   282   0.0000   8.3408   2.0186   0.0000  -0.0000   0.0000   0.0000  -0.0000   0.0000  -0.0000  -0.0000    0.374
   283   0.0000   8.4051   1.9566   0.0000  -0.0000   0.0000   0.0000  -0.0000   0.0000  -0.0000  -0.0000    0.367
   284   0.0000   8.4668   1.8878   0.0000  -0.0000   0.0000   0.0000  -0.0000   0.0000  -0.0000  -0.0000    0.362
   285   0.0000   8.5257   1.8121   0.0000  -0.0000   0.0000   0.0000  -0.0000   0.0000  -0.0000  -0.0000    0.361
   286   0.0000   8.5817   1.7299   0.0000  -0.0000   0.0000   0.0000   0.0000   0.0000  -0.0000  -0.0000    0.366
   287   0.0000   8.6348   1.6413   0.0000  -0.0000   0.0000   0.0000   0.0000   0.0000  -0.0000  -0.0000    0.365
   288   0.0000   8.6846   1.5465   0.0000  -0.0000   0.0000   0.0000   0.0000   0.0000  -0.0000  -0.0000    0.360
   289   0.0000   8.7311   1.4459   0.0000  -0.0000   0.0000   0.0000   0.0000   0.0000  -0.0000  -0.0000    0.375
   290   0.0000   8.7742   1.3399   0.0000  -0.0000   0.0000   0.0000  -0.0000   0.0000  -0.0000  -0.0000    0.368
   291   0.0000   8.8137   1.2286   0.0000  -0.0000   0.0000   0.0000   0.0000   0.0000  -0.0000  -0.0000    0.371
   292   0.0000   8.8496   1.1127   0.0000  -0.0000   0.0000   0.0000  -0.0000   0.0000  -0.0000  -0.0000    0.381
   293   0.0000   8.8817   0.9923   0.0000   0.0000   0.0000   0.0000  -0.0000   0.0000  -0.0000  -0.0000    0.382
   294   0.0000   8.9100   0.8681   0.0000   0.0000   0.0000   0.0000   0.0000   0.0000  -0.0000  -0.0000    0.393
   295   0.0000   8.9344   0.7405   0.0000   0.0000   0.0000   0.0000  -0.0000   0.0000  -0.0000  -0.0000    0.409
   296   0.0000   8.9548   0.6099   0.0000   0.0000   0.0000   0.0000  -0.0000   0.0000  -0.0000  -0.0000    0.409
   297   0.0000   8.9713   0.4769   0.0000   0.0000   0.0000   0.0000  -0.0000   0.0000  -0.0000  -0.0000    0.425
   298   0.0000   8.9836   0.3420   0.0000   0.0000   0.0000   0.0000  -0.0000   0.0000  -0.0000  -0.0000    0.435
   299   0.0000   8.9919   0.2058   0.0000   0.0000   0.0000   0.0000   0.0000   0.0000  -0.0000  -0.0000    0.440
   300   0.0000   8.9960   0.0687   0.0000   0.0000   0.0000   0.0000  -0.0000   0.0000  -0.0000  -0.0000    0.443
 ---------------------------------------------------------------
