 ---------------------------------------------------------------
 Surface and Strip Forces by surface

  Forces referred to Sref, Cref, Bref about Xref, Yref, Zref
 Standard axis orientation,  X fwd, Z down         

  Surface # 1     main_wing                               
     # Chordwise =  5   # Spanwise = 60     First strip =  1
     Surface area =  531.821899       Ave. chord =    8.117932
     CLsurf  =  -0.11095     Clsurf  =  -0.00594
     CYsurf  =  -0.00464     Cmsurf  =  -0.17659
     CDsurf  =   0.00091     Cnsurf  =  -0.00090
     CDisurf =   0.00091     CDvsurf =   0.00000

  Forces referred to Ssurf, Cave about hinge axis thru LE
     CLsurf  =  -0.11803     CDsurf  =   0.00097
     Deflect =

 Strip Forces referred to Strip Area, Chord
    j      Yle    Chord     Area     c cl      ai      cl_norm  cl       cd       cdv    cm_c/4    cm_LE  C.P.x/c
     1 -33.8694   3.4668   0.1562  -0.0361  -0.0084  -0.0137  -0.0104   0.0005   0.0000  -0.0002   0.0022    0.234
     2 -33.7795   3.4884   0.4712  -0.1076  -0.0079  -0.0407  -0.0308   0.0010   0.0000  -0.0004   0.0065    0.237
     3 -33.5999   3.5316   0.7937  -0.1772  -0.0068  -0.0663  -0.0502   0.0013   0.0000  -0.0005   0.0108    0.241
     4 -33.3310   3.5963   1.1284  -0.2441  -0.0057  -0.0897  -0.0679   0.0015   0.0000  -0.0004   0.0148    0.244
     5 -32.9737   3.6822   1.4800  -0.3082  -0.0047  -0.1106  -0.0837   0.0016   0.0000  -0.0003   0.0184    0.246
     6 -32.5289   3.7892   1.8529  -0.3694  -0.0040  -0.1288  -0.0975   0.0016   0.0000  -0.0003   0.0216    0.247
     7 -31.9979   3.9169   2.2511  -0.4281  -0.0038  -0.1444  -0.1093   0.0016   0.0000  -0.0002   0.0243    0.248
     8 -31.3820   4.0650   2.6784  -0.4848  -0.0042  -0.1576  -0.1193   0.0016   0.0000  -0.0002   0.0265    0.248
     9 -30.6830   4.2331   3.1377  -0.5400  -0.0053  -0.1686  -0.1276   0.0015   0.0000  -0.0002   0.0284    0.248
    10 -29.9028   4.4207   3.6318  -0.5943  -0.0070  -0.1776  -0.1345   0.0014   0.0000  -0.0002   0.0299    0.248
    11 -29.0436   4.6274   4.1628  -0.6483  -0.0089  -0.1851  -0.1401   0.0014   0.0000  -0.0002   0.0312    0.248
    12 -28.1076   4.8525   4.7322  -0.7025  -0.0106  -0.1913  -0.1448   0.0013   0.0000  -0.0002   0.0322    0.248
    13 -27.0975   5.0954   5.3406  -0.7574  -0.0118  -0.1964  -0.1487   0.0012   0.0000  -0.0002   0.0331    0.249
    14 -26.0160   5.3555   5.9884  -0.8132  -0.0127  -0.2007  -0.1519   0.0011   0.0000  -0.0002   0.0338    0.249
    15 -24.8660   5.6320   6.6749  -0.8709  -0.0133  -0.2043  -0.1547   0.0011   0.0000  -0.0002   0.0345    0.249
    16 -23.6509   5.9243   7.3989  -0.9302  -0.0137  -0.2075  -0.1571   0.0011   0.0000  -0.0001   0.0350    0.249
    17 -22.3737   6.2314   8.1583  -0.9918  -0.0140  -0.2103  -0.1592   0.0011   0.0000  -0.0001   0.0356    0.250
    18 -21.0382   6.5526   8.9505  -1.0559  -0.0143  -0.2130  -0.1612   0.0010   0.0000   0.0000   0.0361    0.250
    19 -19.6479   6.8870   9.7721  -1.1232  -0.0147  -0.2155  -0.1632   0.0010   0.0000   0.0002   0.0366    0.251
    20 -18.2066   7.2336  10.6191  -1.1942  -0.0152  -0.2182  -0.1652   0.0010   0.0000   0.0003   0.0373    0.252
    21 -16.7183   7.5915  11.4867  -1.2709  -0.0155  -0.2212  -0.1675   0.0011   0.0000   0.0006   0.0381    0.254
    22 -15.2178   8.0270  11.9769  -1.3546  -0.0160  -0.2330  -0.1688   0.0010   0.0000   0.0008   0.0381    0.255
    23 -13.7104   8.5416  13.0453  -1.4520  -0.0179  -0.2347  -0.1701   0.0010   0.0000   0.0010   0.0385    0.256
    24 -12.1700   9.0674  14.1297  -1.5607  -0.0205  -0.2377  -0.1722   0.0010   0.0000   0.0013   0.0393    0.258
    25 -10.6007   9.6031  15.2212  -1.6781  -0.0257  -0.2413  -0.1748   0.0010   0.0000   0.0015   0.0401    0.259
    26  -9.0069  10.1472  16.3110  -1.7653  -0.0260  -0.2402  -0.1740   0.0009   0.0000  -0.0009   0.0378    0.245
    27  -7.3929  10.6981  17.3891  -1.8253  -0.0223  -0.2356  -0.1707   0.0005   0.0000  -0.0049   0.0335    0.222
    28  -5.7632  11.2544  18.4457  -1.9069  -0.0230  -0.2340  -0.1695   0.0002   0.0000  -0.0087   0.0298    0.199
    29  -4.1222  11.8146  19.4706  -2.0379  -0.0307  -0.2383  -0.1726  -0.0012   0.0000  -0.0142   0.0257    0.168
    30  -2.4745  12.3771  20.4537  -2.1720  -0.0266  -0.2431  -0.1761  -0.0150   0.0000  -0.0452  -0.0010   -0.007
    31  -0.8244  12.9404  21.3846  -2.7681  -0.0292  -0.2950  -0.2138   0.0083   0.0000  -0.0277   0.0229    0.120
    32   0.9182  12.9083  23.7257   0.5160  -0.0257   0.0479   0.0398  -0.0048   0.0000  -0.0086  -0.0164    0.465
    33   2.7484  12.2836  22.4535  -0.0548  -0.0247  -0.0049  -0.0041   0.0112   0.0000   0.0283   0.0260
    34   4.4877  11.7153  19.4048  -0.3014  -0.0236  -0.0299  -0.0257   0.0008   0.0000   0.0126   0.0172    0.739
    35   6.1324  11.2044  18.3531  -0.4489  -0.0227  -0.0466  -0.0400   0.0014   0.0000   0.0074   0.0158    0.436
    36   7.7566  10.6999  17.2824  -0.5396  -0.0219  -0.0586  -0.0504   0.0017   0.0000   0.0057   0.0165    0.362
    37   9.3557  10.2031  16.2020  -0.6080  -0.0211  -0.0693  -0.0596   0.0018   0.0000   0.0044   0.0174    0.324
    38  10.9254   9.7155  15.1207  -0.6760  -0.0204  -0.0809  -0.0696   0.0019   0.0000   0.0033   0.0187    0.297
    39  12.4615   9.2384  14.0466  -0.7391  -0.0196  -0.0930  -0.0800   0.0020   0.0000   0.0023   0.0202    0.279
    40  13.9597   8.7730  12.9878  -0.7875  -0.0190  -0.1044  -0.0897   0.0019   0.0000   0.0016   0.0217    0.268
    41  15.4158   8.3206  11.9513  -0.8198  -0.0183  -0.1146  -0.0985   0.0019   0.0000   0.0011   0.0232    0.261
    42  16.8260   7.8826  10.9433  -0.8376  -0.0177  -0.1236  -0.1063   0.0018   0.0000   0.0007   0.0247    0.257
    43  18.1863   7.4600   9.9701  -0.8439  -0.0171  -0.1315  -0.1131   0.0018   0.0000   0.0005   0.0260    0.254
    44  19.4930   7.0541   9.0360  -0.8414  -0.0165  -0.1387  -0.1193   0.0017   0.0000   0.0003   0.0273    0.253
    45  20.7425   6.6660   8.1454  -0.8318  -0.0159  -0.1451  -0.1248   0.0017   0.0000   0.0002   0.0284    0.252
    46  22.2285   6.2664  10.9447  -0.8162  -0.0157  -0.1565  -0.1303   0.0016   0.0000   0.0000   0.0292    0.250
    47  23.9231   5.8588   9.6545  -0.7907  -0.0160  -0.1622  -0.1350   0.0014   0.0000  -0.0004   0.0298    0.247
    48  25.2257   5.5456   5.3842  -0.7618  -0.0166  -0.1651  -0.1374   0.0012   0.0000  -0.0009   0.0300    0.244
    49  26.1614   5.3206   4.8063  -0.7330  -0.0173  -0.1655  -0.1378   0.0012   0.0000  -0.0013   0.0297    0.240
    50  27.0284   5.1121   4.2600  -0.7007  -0.0182  -0.1647  -0.1371   0.0011   0.0000  -0.0019   0.0290    0.236
    51  27.8244   4.9206   3.7446  -0.6637  -0.0192  -0.1621  -0.1349   0.0010   0.0000  -0.0026   0.0279    0.231
    52  28.5471   4.7468   3.2592  -0.6213  -0.0205  -0.1573  -0.1309   0.0009   0.0000  -0.0034   0.0263    0.224
    53  29.1945   4.5911   2.8021  -0.5725  -0.0218  -0.1499  -0.1247   0.0007   0.0000  -0.0044   0.0240    0.215
    54  29.7650   4.4539   2.3712  -0.5167  -0.0231  -0.1394  -0.1161   0.0006   0.0000  -0.0053   0.0212    0.204
    55  30.2570   4.3356   1.9639  -0.4534  -0.0244  -0.1257  -0.1046   0.0004   0.0000  -0.0062   0.0179    0.191
    56  30.6690   4.2365   1.5773  -0.3828  -0.0255  -0.1086  -0.0904   0.0002   0.0000  -0.0066   0.0143    0.177
    57  30.9999   4.1569   1.2082  -0.3056  -0.0264  -0.0884  -0.0736   0.0000   0.0000  -0.0064   0.0107    0.163
    58  31.2490   4.0971   0.8529  -0.2226  -0.0270  -0.0653  -0.0544  -0.0002   0.0000  -0.0055   0.0073    0.150
    59  31.4154   4.0570   0.5077  -0.1354  -0.0275  -0.0401  -0.0334  -0.0004   0.0000  -0.0037   0.0042    0.141
    60  31.4987   4.0370   0.1685  -0.0454  -0.0277  -0.0135  -0.0113  -0.0005   0.0000  -0.0013   0.0014    0.136

  Surface # 2     main_wing (YDUP)                        
     # Chordwise =  5   # Spanwise = 60     First strip = 61
     Surface area =  531.821899       Ave. chord =    8.117932
     CLsurf  =  -0.11095     Clsurf  =   0.00594
     CYsurf  =   0.00464     Cmsurf  =  -0.17659
     CDsurf  =   0.00091     Cnsurf  =   0.00090
     CDisurf =   0.00091     CDvsurf =   0.00000

  Forces referred to Ssurf, Cave about hinge axis thru LE
     CLsurf  =  -0.11803     CDsurf  =   0.00097
     Deflect =

 Strip Forces referred to Strip Area, Chord
    j      Yle    Chord     Area     c cl      ai      cl_norm  cl       cd       cdv    cm_c/4    cm_LE  C.P.x/c
    61  33.8694   3.4668   0.1562  -0.0361  -0.0084  -0.0137  -0.0104   0.0005   0.0000  -0.0002  -0.0022    0.234
    62  33.7795   3.4884   0.4712  -0.1076  -0.0079  -0.0407  -0.0308   0.0010   0.0000  -0.0004  -0.0065    0.237
    63  33.5999   3.5316   0.7937  -0.1772  -0.0068  -0.0663  -0.0502   0.0013   0.0000  -0.0005  -0.0108    0.241
    64  33.3310   3.5963   1.1284  -0.2441  -0.0057  -0.0897  -0.0679   0.0015   0.0000  -0.0004  -0.0148    0.244
    65  32.9737   3.6822   1.4800  -0.3082  -0.0047  -0.1106  -0.0837   0.0016   0.0000  -0.0003  -0.0184    0.246
    66  32.5289   3.7892   1.8529  -0.3694  -0.0040  -0.1288  -0.0975   0.0016   0.0000  -0.0003  -0.0216    0.247
    67  31.9979   3.9169   2.2511  -0.4281  -0.0038  -0.1444  -0.1093   0.0016   0.0000  -0.0002  -0.0243    0.248
    68  31.3820   4.0650   2.6784  -0.4848  -0.0042  -0.1576  -0.1193   0.0016   0.0000  -0.0002  -0.0265    0.248
    69  30.6830   4.2331   3.1377  -0.5400  -0.0053  -0.1686  -0.1276   0.0015   0.0000  -0.0002  -0.0284    0.248
    70  29.9028   4.4207   3.6318  -0.5943  -0.0070  -0.1776  -0.1345   0.0014   0.0000  -0.0002  -0.0299    0.248
    71  29.0436   4.6274   4.1628  -0.6483  -0.0089  -0.1851  -0.1401   0.0014   0.0000  -0.0002  -0.0312    0.248
    72  28.1076   4.8525   4.7322  -0.7025  -0.0106  -0.1913  -0.1448   0.0013   0.0000  -0.0002  -0.0322    0.248
    73  27.0975   5.0954   5.3406  -0.7574  -0.0118  -0.1964  -0.1487   0.0012   0.0000  -0.0002  -0.0331    0.249
    74  26.0160   5.3555   5.9884  -0.8132  -0.0127  -0.2007  -0.1519   0.0011   0.0000  -0.0002  -0.0338    0.249
    75  24.8660   5.6320   6.6749  -0.8709  -0.0133  -0.2043  -0.1547   0.0011   0.0000  -0.0002  -0.0345    0.249
    76  23.6509   5.9243   7.3989  -0.9302  -0.0137  -0.2075  -0.1571   0.0011   0.0000  -0.0001  -0.0350    0.249
    77  22.3737   6.2314   8.1583  -0.9918  -0.0140  -0.2103  -0.1592   0.0011   0.0000  -0.0001  -0.0356    0.250
    78  21.0382   6.5526   8.9505  -1.0559  -0.0143  -0.2130  -0.1612   0.0010   0.0000   0.0000  -0.0361    0.250
    79  19.6479   6.8870   9.7721  -1.1232  -0.0147  -0.2155  -0.1631   0.0010   0.0000   0.0002  -0.0366    0.251
    80  18.2066   7.2336  10.6191  -1.1942  -0.0152  -0.2182  -0.1652   0.0010   0.0000   0.0003  -0.0373    0.252
    81  16.7183   7.5915  11.4867  -1.2709  -0.0155  -0.2212  -0.1675   0.0011   0.0000   0.0006  -0.0381    0.254
    82  15.2178   8.0270  11.9769  -1.3546  -0.0160  -0.2330  -0.1688   0.0010   0.0000   0.0008  -0.0381    0.255
    83  13.7104   8.5416  13.0453  -1.4520  -0.0179  -0.2347  -0.1701   0.0010   0.0000   0.0010  -0.0385    0.256
    84  12.1700   9.0674  14.1297  -1.5607  -0.0205  -0.2377  -0.1722   0.0010   0.0000   0.0013  -0.0393    0.258
    85  10.6007   9.6031  15.2212  -1.6781  -0.0257  -0.2413  -0.1748   0.0010   0.0000   0.0015  -0.0401    0.259
    86   9.0069  10.1472  16.3110  -1.7653  -0.0260  -0.2402  -0.1740   0.0009   0.0000  -0.0009  -0.0378    0.245
    87   7.3929  10.6981  17.3891  -1.8253  -0.0223  -0.2356  -0.1707   0.0005   0.0000  -0.0049  -0.0335    0.222
    88   5.7632  11.2544  18.4457  -1.9069  -0.0230  -0.2340  -0.1695   0.0002   0.0000  -0.0087  -0.0298    0.199
    89   4.1222  11.8146  19.4706  -2.0379  -0.0307  -0.2383  -0.1726  -0.0012   0.0000  -0.0142  -0.0257    0.168
    90   2.4745  12.3771  20.4537  -2.1720  -0.0266  -0.2431  -0.1761  -0.0150   0.0000  -0.0452   0.0010   -0.007
    91   0.8244  12.9404  21.3846  -2.7681  -0.0292  -0.2950  -0.2138   0.0083   0.0000  -0.0277  -0.0229    0.120
    92  -0.9182  12.9083  23.7257   0.5160  -0.0257   0.0479   0.0398  -0.0048   0.0000  -0.0086   0.0164    0.465
    93  -2.7484  12.2836  22.4535  -0.0548  -0.0247  -0.0049  -0.0041   0.0112   0.0000   0.0283  -0.0260
    94  -4.4877  11.7153  19.4048  -0.3014  -0.0236  -0.0299  -0.0257   0.0008   0.0000   0.0126  -0.0172    0.739
    95  -6.1324  11.2044  18.3531  -0.4489  -0.0227  -0.0466  -0.0400   0.0014   0.0000   0.0074  -0.0158    0.436
    96  -7.7566  10.6999  17.2824  -0.5396  -0.0219  -0.0586  -0.0504   0.0017   0.0000   0.0057  -0.0165    0.362
    97  -9.3557  10.2031  16.2020  -0.6080  -0.0211  -0.0693  -0.0596   0.0018   0.0000   0.0044  -0.0174    0.324
    98 -10.9254   9.7155  15.1207  -0.6760  -0.0204  -0.0809  -0.0696   0.0019   0.0000   0.0033  -0.0187    0.297
    99 -12.4615   9.2384  14.0466  -0.7391  -0.0196  -0.0930  -0.0800   0.0020   0.0000   0.0023  -0.0202    0.279
   100 -13.9597   8.7730  12.9878  -0.7875  -0.0190  -0.1044  -0.0897   0.0019   0.0000   0.0016  -0.0217    0.268
   101 -15.4158   8.3206  11.9513  -0.8198  -0.0183  -0.1146  -0.0985   0.0019   0.0000   0.0011  -0.0232    0.261
   102 -16.8260   7.8826  10.9433  -0.8376  -0.0177  -0.1236  -0.1063   0.0018   0.0000   0.0007  -0.0247    0.257
   103 -18.1863   7.4600   9.9701  -0.8439  -0.0171  -0.1315  -0.1131   0.0018   0.0000   0.0005  -0.0260    0.254
   104 -19.4930   7.0541   9.0360  -0.8414  -0.0165  -0.1387  -0.1193   0.0017   0.0000   0.0003  -0.0273    0.253
   105 -20.7425   6.6660   8.1454  -0.8318  -0.0159  -0.1451  -0.1248   0.0017   0.0000   0.0002  -0.0284    0.252
   106 -22.2285   6.2664  10.9447  -0.8162  -0.0157  -0.1565  -0.1303   0.0016   0.0000   0.0000  -0.0292    0.250
   107 -23.9231   5.8588   9.6545  -0.7907  -0.0160  -0.1622  -0.1350   0.0014   0.0000  -0.0004  -0.0298    0.247
   108 -25.2257   5.5456   5.3842  -0.7618  -0.0166  -0.1651  -0.1374   0.0012   0.0000  -0.0009  -0.0300    0.244
   109 -26.1614   5.3206   4.8063  -0.7330  -0.0173  -0.1655  -0.1378   0.0012   0.0000  -0.0013  -0.0297    0.240
   110 -27.0284   5.1121   4.2600  -0.7007  -0.0182  -0.1647  -0.1371   0.0011   0.0000  -0.0019  -0.0290    0.236
   111 -27.8244   4.9206   3.7446  -0.6637  -0.0192  -0.1621  -0.1349   0.0010   0.0000  -0.0026  -0.0279    0.231
   112 -28.5471   4.7468   3.2592  -0.6213  -0.0205  -0.1573  -0.1309   0.0009   0.0000  -0.0034  -0.0263    0.224
   113 -29.1945   4.5911   2.8021  -0.5725  -0.0218  -0.1499  -0.1247   0.0007   0.0000  -0.0044  -0.0240    0.215
   114 -29.7650   4.4539   2.3712  -0.5167  -0.0231  -0.1394  -0.1161   0.0006   0.0000  -0.0053  -0.0212    0.204
   115 -30.2570   4.3356   1.9639  -0.4534  -0.0244  -0.1257  -0.1046   0.0004   0.0000  -0.0062  -0.0179    0.191
   116 -30.6690   4.2365   1.5773  -0.3828  -0.0255  -0.1086  -0.0904   0.0002   0.0000  -0.0066  -0.0143    0.177
   117 -30.9999   4.1569   1.2082  -0.3056  -0.0264  -0.0884  -0.0736   0.0000   0.0000  -0.0064  -0.0107    0.163
   118 -31.2490   4.0971   0.8529  -0.2226  -0.0270  -0.0653  -0.0544  -0.0002   0.0000  -0.0055  -0.0073    0.150
   119 -31.4154   4.0570   0.5077  -0.1354  -0.0275  -0.0401  -0.0334  -0.0004   0.0000  -0.0037  -0.0042    0.141
   120 -31.4987   4.0370   0.1685  -0.0454  -0.0277  -0.0135  -0.0113  -0.0005   0.0000  -0.0013  -0.0014    0.136

  Surface # 3     horizontal_stabilizer                   
     # Chordwise =  5   # Spanwise = 60     First strip =121
     Surface area =   43.732090       Ave. chord =    4.269336
     CLsurf  =  -0.00660     Clsurf  =   0.00043
     CYsurf  =  -0.00001     Cmsurf  =   0.02395
     CDsurf  =   0.00013     Cnsurf  =  -0.00001
     CDisurf =   0.00013     CDvsurf =   0.00000

  Forces referred to Ssurf, Cave about hinge axis thru LE
     CLsurf  =  -0.08531     CDsurf  =   0.00169
     Deflect =

 Strip Forces referred to Strip Area, Chord
    j      Yle    Chord     Area     c cl      ai      cl_norm  cl       cd       cdv    cm_c/4    cm_LE  C.P.x/c
   121   0.0017   6.4035   0.0424  -0.4559  -0.0218  -0.0877  -0.0680   0.0931   0.0000   0.0032   0.0176    0.296
   122   0.0149   6.3980   0.1269  -0.4536  -0.0219  -0.0909  -0.0705   0.0114   0.0000   0.0032   0.0177    0.296
   123   0.0413   6.3870   0.2107  -0.4535  -0.0220  -0.0914  -0.0709   0.0050   0.0000   0.0032   0.0177    0.296
   124   0.0808   6.3705   0.2934  -0.4537  -0.0221  -0.0918  -0.0711   0.0032   0.0000   0.0032   0.0177    0.295
   125   0.1334   6.3486   0.3745  -0.4536  -0.0222  -0.0921  -0.0714   0.0025   0.0000   0.0032   0.0177    0.294
   126   0.1988   6.3213   0.4537  -0.4538  -0.0224  -0.0926  -0.0718   0.0022   0.0000   0.0031   0.0177    0.293
   127   0.2769   6.2888   0.5305  -0.4537  -0.0225  -0.0930  -0.0721   0.0021   0.0000   0.0029   0.0177    0.291
   128   0.3674   6.2510   0.6045  -0.4538  -0.0226  -0.0936  -0.0726   0.0019   0.0000   0.0028   0.0176    0.289
   129   0.4702   6.2082   0.6754  -0.4540  -0.0228  -0.0943  -0.0731   0.0019   0.0000   0.0026   0.0176    0.286
   130   0.5850   6.1604   0.7429  -0.4541  -0.0229  -0.0950  -0.0737   0.0019   0.0000   0.0024   0.0176    0.283
   131   0.7113   6.1077   0.8065  -0.4539  -0.0230  -0.0958  -0.0743   0.0018   0.0000   0.0022   0.0175    0.280
   132   0.8490   6.0503   0.8661  -0.4536  -0.0231  -0.0967  -0.0750   0.0018   0.0000   0.0020   0.0175    0.277
   133   1.0027   5.9862   0.9844  -0.4535  -0.0231  -0.0977  -0.0757   0.0018   0.0000   0.0018   0.0175    0.274
   134   1.1727   5.9153   1.0378  -0.4530  -0.0232  -0.0988  -0.0766   0.0018   0.0000   0.0016   0.0175    0.271
   135   1.3535   5.8400   1.0860  -0.4524  -0.0233  -0.0999  -0.0775   0.0018   0.0000   0.0014   0.0175    0.268
   136   1.5445   5.7604   1.1288  -0.4515  -0.0233  -0.1011  -0.0784   0.0018   0.0000   0.0012   0.0175    0.266
   137   1.7453   5.6767   1.1661  -0.4504  -0.0234  -0.1023  -0.0793   0.0016   0.0000   0.0011   0.0176    0.263
   138   1.9552   5.5892   1.1979  -0.4489  -0.0234  -0.1036  -0.0803   0.0017   0.0000   0.0009   0.0177    0.261
   139   2.1737   5.4981   1.2240  -0.4472  -0.0234  -0.1049  -0.0813   0.0017   0.0000   0.0008   0.0178    0.259
   140   2.4003   5.4037   1.2446  -0.4451  -0.0235  -0.1062  -0.0824   0.0016   0.0000   0.0006   0.0179    0.258
   141   2.6343   5.3061   1.2597  -0.4426  -0.0235  -0.1076  -0.0834   0.0016   0.0000   0.0005   0.0180    0.256
   142   2.8750   5.2058   1.2693  -0.4397  -0.0234  -0.1089  -0.0845   0.0017   0.0000   0.0004   0.0181    0.255
   143   3.1217   5.1030   1.2736  -0.4366  -0.0234  -0.1103  -0.0855   0.0016   0.0000   0.0003   0.0183    0.254
   144   3.3739   4.9978   1.2727  -0.4329  -0.0234  -0.1117  -0.0866   0.0016   0.0000   0.0002   0.0184    0.252
   145   3.6309   4.8907   1.2668  -0.4289  -0.0234  -0.1131  -0.0877   0.0016   0.0000   0.0001   0.0186    0.251
   146   3.8918   4.7820   1.2561  -0.4245  -0.0233  -0.1145  -0.0888   0.0017   0.0000   0.0001   0.0187    0.251
   147   4.1560   4.6718   1.2409  -0.4193  -0.0233  -0.1158  -0.0898   0.0015   0.0000  -0.0000   0.0189    0.250
   148   4.4228   4.5606   1.2215  -0.4141  -0.0233  -0.1171  -0.0908   0.0016   0.0000  -0.0001   0.0190    0.249
   149   4.6915   4.4486   1.1980  -0.4080  -0.0232  -0.1183  -0.0917   0.0015   0.0000  -0.0001   0.0192    0.248
   150   4.9613   4.3362   1.1710  -0.4020  -0.0232  -0.1196  -0.0927   0.0014   0.0000  -0.0002   0.0193    0.248
   151   5.2314   4.2236   1.1406  -0.3954  -0.0232  -0.1207  -0.0936   0.0016   0.0000  -0.0003   0.0195    0.247
   152   5.5012   4.1111   1.1072  -0.3884  -0.0232  -0.1219  -0.0945   0.0015   0.0000  -0.0003   0.0196    0.246
   153   5.7698   3.9992   1.0711  -0.3813  -0.0232  -0.1230  -0.0953   0.0015   0.0000  -0.0004   0.0197    0.246
   154   6.0367   3.8879   1.0327  -0.3732  -0.0232  -0.1238  -0.0960   0.0016   0.0000  -0.0005   0.0198    0.245
   155   6.3009   3.7778   0.9923  -0.3648  -0.0233  -0.1246  -0.0966   0.0016   0.0000  -0.0006   0.0198    0.244
   156   6.5618   3.6690   0.9503  -0.3565  -0.0233  -0.1253  -0.0972   0.0015   0.0000  -0.0007   0.0199    0.243
   157   6.8188   3.5619   0.9070  -0.3476  -0.0234  -0.1259  -0.0976   0.0015   0.0000  -0.0008   0.0199    0.242
   158   7.0710   3.4568   0.8627  -0.3390  -0.0236  -0.1265  -0.0981   0.0015   0.0000  -0.0008   0.0200    0.242
   159   7.3177   3.3540   0.8178  -0.3284  -0.0237  -0.1263  -0.0979   0.0014   0.0000  -0.0010   0.0197    0.239
   160   7.5584   3.2536   0.7724  -0.3184  -0.0239  -0.1262  -0.0979   0.0014   0.0000  -0.0012   0.0196    0.238
   161   7.7924   3.1561   0.7270  -0.3078  -0.0241  -0.1258  -0.0975   0.0014   0.0000  -0.0014   0.0194    0.236
   162   8.0189   3.0617   0.6816  -0.2969  -0.0244  -0.1251  -0.0970   0.0013   0.0000  -0.0016   0.0191    0.233
   163   8.2375   2.9706   0.6366  -0.2853  -0.0247  -0.1239  -0.0961   0.0014   0.0000  -0.0018   0.0187    0.231
   164   8.4474   2.8831   0.5922  -0.2737  -0.0251  -0.1224  -0.0949   0.0012   0.0000  -0.0021   0.0182    0.227
   165   8.6482   2.7994   0.5486  -0.2611  -0.0254  -0.1203  -0.0933   0.0012   0.0000  -0.0024   0.0176    0.224
   166   8.8392   2.7198   0.5057  -0.2458  -0.0259  -0.1166  -0.0904   0.0011   0.0000  -0.0032   0.0164    0.215
   167   9.0200   2.6444   0.4639  -0.2347  -0.0263  -0.1145  -0.0888   0.0011   0.0000  -0.0031   0.0160    0.215
   168   9.1900   2.5736   0.4232  -0.2205  -0.0267  -0.1105  -0.0857   0.0011   0.0000  -0.0035   0.0151    0.209
   169   9.3488   2.5074   0.3837  -0.2057  -0.0272  -0.1058  -0.0820   0.0008   0.0000  -0.0039   0.0140    0.203
   170   9.4948   2.4465   0.3399  -0.1915  -0.0276  -0.1010  -0.0783   0.0008   0.0000  -0.0040   0.0131    0.199
   171   9.6277   2.3911   0.3034  -0.1744  -0.0280  -0.0941  -0.0729   0.0007   0.0000  -0.0045   0.0116    0.189
   172   9.7485   2.3408   0.2680  -0.1579  -0.0284  -0.0870  -0.0675   0.0006   0.0000  -0.0047   0.0103    0.181
   173   9.8566   2.2957   0.2336  -0.1408  -0.0287  -0.0792  -0.0614   0.0005   0.0000  -0.0047   0.0089    0.173
   174   9.9519   2.2560   0.2003  -0.1214  -0.0291  -0.0694  -0.0538   0.0004   0.0000  -0.0050   0.0071    0.156
   175  10.0341   2.2217   0.1678  -0.1052  -0.0293  -0.0611  -0.0474   0.0002   0.0000  -0.0044   0.0062    0.157
   176  10.1029   2.1930   0.1361  -0.0867  -0.0296  -0.0510  -0.0396   0.0001   0.0000  -0.0040   0.0050    0.149
   177  10.1582   2.1700   0.1052  -0.0678  -0.0298  -0.0403  -0.0313  -0.0000   0.0000  -0.0033   0.0038    0.143
   178  10.1998   2.1526   0.0747  -0.0486  -0.0299  -0.0292  -0.0226  -0.0002   0.0000  -0.0025   0.0026    0.139
   179  10.2276   2.1410   0.0447  -0.0293  -0.0300  -0.0177  -0.0137  -0.0004   0.0000  -0.0016   0.0016    0.136
   180  10.2416   2.1352   0.0149  -0.0098  -0.0300  -0.0059  -0.0046  -0.0004   0.0000  -0.0005   0.0005    0.135

  Surface # 4     horizontal_stabilizer (YDUP)            
     # Chordwise =  5   # Spanwise = 60     First strip =181
     Surface area =   43.732090       Ave. chord =    4.269336
     CLsurf  =  -0.00660     Clsurf  =  -0.00043
     CYsurf  =   0.00001     Cmsurf  =   0.02395
     CDsurf  =   0.00013     Cnsurf  =   0.00001
     CDisurf =   0.00013     CDvsurf =   0.00000

  Forces referred to Ssurf, Cave about hinge axis thru LE
     CLsurf  =  -0.08531     CDsurf  =   0.00169
     Deflect =

 Strip Forces referred to Strip Area, Chord
    j      Yle    Chord     Area     c cl      ai      cl_norm  cl       cd       cdv    cm_c/4    cm_LE  C.P.x/c
   181  -0.0017   6.4035   0.0424  -0.4559  -0.0218  -0.0877  -0.0680   0.0931   0.0000   0.0032  -0.0176    0.296
   182  -0.0149   6.3980   0.1269  -0.4536  -0.0219  -0.0909  -0.0705   0.0114   0.0000   0.0032  -0.0177    0.296
   183  -0.0413   6.3870   0.2107  -0.4535  -0.0220  -0.0914  -0.0709   0.0050   0.0000   0.0032  -0.0177    0.296
   184  -0.0808   6.3705   0.2934  -0.4537  -0.0221  -0.0918  -0.0711   0.0032   0.0000   0.0032  -0.0177    0.295
   185  -0.1334   6.3486   0.3745  -0.4536  -0.0222  -0.0921  -0.0714   0.0025   0.0000   0.0032  -0.0177    0.294
   186  -0.1988   6.3213   0.4537  -0.4538  -0.0224  -0.0926  -0.0718   0.0022   0.0000   0.0031  -0.0177    0.293
   187  -0.2769   6.2888   0.5305  -0.4537  -0.0225  -0.0930  -0.0721   0.0021   0.0000   0.0029  -0.0177    0.291
   188  -0.3674   6.2510   0.6045  -0.4538  -0.0226  -0.0936  -0.0726   0.0019   0.0000   0.0028  -0.0176    0.289
   189  -0.4702   6.2082   0.6754  -0.4540  -0.0228  -0.0943  -0.0731   0.0019   0.0000   0.0026  -0.0176    0.286
   190  -0.5850   6.1604   0.7429  -0.4541  -0.0229  -0.0950  -0.0737   0.0019   0.0000   0.0024  -0.0176    0.283
   191  -0.7113   6.1077   0.8065  -0.4539  -0.0230  -0.0958  -0.0743   0.0018   0.0000   0.0022  -0.0175    0.280
   192  -0.8490   6.0503   0.8661  -0.4536  -0.0231  -0.0967  -0.0750   0.0018   0.0000   0.0020  -0.0175    0.277
   193  -1.0027   5.9862   0.9844  -0.4535  -0.0231  -0.0977  -0.0757   0.0018   0.0000   0.0018  -0.0175    0.274
   194  -1.1727   5.9153   1.0378  -0.4530  -0.0232  -0.0988  -0.0766   0.0018   0.0000   0.0016  -0.0175    0.271
   195  -1.3535   5.8400   1.0860  -0.4524  -0.0233  -0.0999  -0.0775   0.0018   0.0000   0.0014  -0.0175    0.268
   196  -1.5445   5.7604   1.1288  -0.4515  -0.0233  -0.1011  -0.0784   0.0018   0.0000   0.0012  -0.0175    0.266
   197  -1.7453   5.6767   1.1661  -0.4504  -0.0234  -0.1023  -0.0793   0.0016   0.0000   0.0011  -0.0176    0.263
   198  -1.9552   5.5892   1.1979  -0.4489  -0.0234  -0.1036  -0.0803   0.0017   0.0000   0.0009  -0.0177    0.261
   199  -2.1737   5.4981   1.2240  -0.4472  -0.0234  -0.1049  -0.0813   0.0017   0.0000   0.0008  -0.0178    0.259
   200  -2.4003   5.4037   1.2446  -0.4451  -0.0235  -0.1062  -0.0824   0.0016   0.0000   0.0006  -0.0179    0.258
   201  -2.6343   5.3061   1.2597  -0.4426  -0.0235  -0.1076  -0.0834   0.0016   0.0000   0.0005  -0.0180    0.256
   202  -2.8750   5.2058   1.2693  -0.4397  -0.0234  -0.1089  -0.0845   0.0017   0.0000   0.0004  -0.0181    0.255
   203  -3.1217   5.1030   1.2736  -0.4366  -0.0234  -0.1103  -0.0855   0.0016   0.0000   0.0003  -0.0183    0.254
   204  -3.3739   4.9978   1.2727  -0.4329  -0.0234  -0.1117  -0.0866   0.0016   0.0000   0.0002  -0.0184    0.252
   205  -3.6309   4.8907   1.2668  -0.4289  -0.0234  -0.1131  -0.0877   0.0016   0.0000   0.0001  -0.0186    0.251
   206  -3.8918   4.7820   1.2561  -0.4245  -0.0233  -0.1145  -0.0888   0.0017   0.0000   0.0001  -0.0187    0.251
   207  -4.1560   4.6718   1.2409  -0.4193  -0.0233  -0.1158  -0.0898   0.0015   0.0000  -0.0000  -0.0189    0.250
   208  -4.4228   4.5606   1.2215  -0.4141  -0.0233  -0.1171  -0.0908   0.0016   0.0000  -0.0001  -0.0190    0.249
   209  -4.6915   4.4486   1.1980  -0.4080  -0.0232  -0.1183  -0.0917   0.0015   0.0000  -0.0001  -0.0192    0.248
   210  -4.9613   4.3362   1.1710  -0.4020  -0.0232  -0.1196  -0.0927   0.0014   0.0000  -0.0002  -0.0193    0.248
   211  -5.2314   4.2236   1.1406  -0.3954  -0.0232  -0.1207  -0.0936   0.0016   0.0000  -0.0003  -0.0195    0.247
   212  -5.5012   4.1111   1.1072  -0.3884  -0.0232  -0.1219  -0.0945   0.0015   0.0000  -0.0003  -0.0196    0.246
   213  -5.7698   3.9992   1.0711  -0.3813  -0.0232  -0.1230  -0.0953   0.0015   0.0000  -0.0004  -0.0197    0.246
   214  -6.0367   3.8879   1.0327  -0.3732  -0.0232  -0.1238  -0.0960   0.0016   0.0000  -0.0005  -0.0198    0.245
   215  -6.3009   3.7778   0.9923  -0.3648  -0.0233  -0.1246  -0.0966   0.0016   0.0000  -0.0006  -0.0198    0.244
   216  -6.5618   3.6690   0.9503  -0.3565  -0.0233  -0.1253  -0.0972   0.0015   0.0000  -0.0007  -0.0199    0.243
   217  -6.8188   3.5619   0.9070  -0.3476  -0.0234  -0.1259  -0.0976   0.0015   0.0000  -0.0008  -0.0199    0.242
   218  -7.0710   3.4568   0.8627  -0.3390  -0.0236  -0.1265  -0.0981   0.0015   0.0000  -0.0008  -0.0200    0.242
   219  -7.3177   3.3540   0.8178  -0.3284  -0.0237  -0.1263  -0.0979   0.0014   0.0000  -0.0010  -0.0197    0.239
   220  -7.5584   3.2536   0.7724  -0.3184  -0.0239  -0.1262  -0.0979   0.0014   0.0000  -0.0012  -0.0196    0.238
   221  -7.7924   3.1561   0.7270  -0.3078  -0.0241  -0.1258  -0.0975   0.0014   0.0000  -0.0014  -0.0194    0.236
   222  -8.0189   3.0617   0.6816  -0.2969  -0.0244  -0.1251  -0.0970   0.0013   0.0000  -0.0016  -0.0191    0.233
   223  -8.2375   2.9706   0.6366  -0.2853  -0.0247  -0.1239  -0.0961   0.0014   0.0000  -0.0018  -0.0187    0.231
   224  -8.4474   2.8831   0.5922  -0.2736  -0.0251  -0.1224  -0.0949   0.0012   0.0000  -0.0021  -0.0182    0.227
   225  -8.6482   2.7994   0.5486  -0.2611  -0.0254  -0.1203  -0.0933   0.0012   0.0000  -0.0024  -0.0176    0.224
   226  -8.8392   2.7198   0.5057  -0.2458  -0.0259  -0.1166  -0.0904   0.0011   0.0000  -0.0032  -0.0164    0.215
   227  -9.0200   2.6444   0.4639  -0.2347  -0.0263  -0.1145  -0.0888   0.0011   0.0000  -0.0031  -0.0160    0.215
   228  -9.1900   2.5736   0.4232  -0.2205  -0.0267  -0.1105  -0.0857   0.0011   0.0000  -0.0035  -0.0151    0.209
   229  -9.3488   2.5074   0.3837  -0.2057  -0.0272  -0.1058  -0.0820   0.0008   0.0000  -0.0039  -0.0140    0.203
   230  -9.4948   2.4465   0.3399  -0.1915  -0.0276  -0.1010  -0.0783   0.0008   0.0000  -0.0040  -0.0131    0.199
   231  -9.6277   2.3911   0.3034  -0.1744  -0.0280  -0.0941  -0.0729   0.0007   0.0000  -0.0045  -0.0116    0.189
   232  -9.7485   2.3408   0.2680  -0.1579  -0.0284  -0.0870  -0.0675   0.0006   0.0000  -0.0047  -0.0103    0.181
   233  -9.8566   2.2957   0.2336  -0.1408  -0.0287  -0.0792  -0.0614   0.0005   0.0000  -0.0047  -0.0089    0.173
   234  -9.9519   2.2560   0.2003  -0.1214  -0.0291  -0.0694  -0.0538   0.0004   0.0000  -0.0050  -0.0071    0.156
   235 -10.0341   2.2217   0.1678  -0.1052  -0.0293  -0.0611  -0.0474   0.0002   0.0000  -0.0044  -0.0062    0.157
   236 -10.1029   2.1930   0.1361  -0.0867  -0.0296  -0.0510  -0.0396   0.0001   0.0000  -0.0040  -0.0050    0.149
   237 -10.1582   2.1700   0.1052  -0.0678  -0.0298  -0.0403  -0.0313  -0.0000   0.0000  -0.0033  -0.0038    0.143
   238 -10.1998   2.1526   0.0747  -0.0486  -0.0299  -0.0292  -0.0226  -0.0002   0.0000  -0.0025  -0.0026    0.139
   239 -10.2276   2.1410   0.0447  -0.0293  -0.0300  -0.0177  -0.0137  -0.0004   0.0000  -0.0016  -0.0016    0.136
   240 -10.2416   2.1352   0.0149  -0.0098  -0.0300  -0.0059  -0.0046  -0.0004   0.0000  -0.0005  -0.0005    0.135

  Surface # 5     vertical_stabilizer                     
     # Chordwise =  5   # Spanwise = 60     First strip =241
     Surface area =  102.378899       Ave. chord =    8.848652
     CLsurf  =  -0.00000     Clsurf  =   0.00000
     CYsurf  =   0.00000     Cmsurf  =   0.00000
     CDsurf  =   0.00000     Cnsurf  =  -0.00000
     CDisurf =   0.00000     CDvsurf =   0.00000

  Forces referred to Ssurf, Cave about hinge axis thru LE
     CLsurf  =  -0.00000     CDsurf  =   0.00000
     Deflect =

 Strip Forces referred to Strip Area, Chord
    j      Yle    Chord     Area     c cl      ai      cl_norm  cl       cd       cdv    cm_c/4    cm_LE  C.P.x/c
   241   0.0000   9.4977   0.3694   0.0000   0.0000   0.0000   0.0000   0.0000   0.0000  -0.0000  -0.0000    0.269
   242   0.0000   9.4916   0.5095   0.0000   0.0000   0.0000   0.0000   0.0000   0.0000   0.0000   0.0000    0.016
   243   0.0000   9.4835   0.6485   0.0000   0.0000   0.0000   0.0000   0.0000   0.0000   0.0000   0.0000   -0.003
   244   0.0000   9.4735   0.7860   0.0000   0.0000   0.0000   0.0000   0.0000   0.0000   0.0000   0.0000   -0.684
   245   0.0000   9.4616   0.9215   0.0000   0.0000   0.0000   0.0000   0.0000   0.0000   0.0000   0.0000   -0.496
   246   0.0000   9.4478   1.0544   0.0000  -0.0000   0.0000   0.0000   0.0000   0.0000   0.0000   0.0000   -0.535
   247   0.0000   9.4321   1.1845   0.0000  -0.0000   0.0000   0.0000   0.0000   0.0000   0.0000   0.0000   -0.322
   248   0.0000   9.4149   1.2715   0.0000  -0.0000   0.0000   0.0000   0.0000   0.0000   0.0000   0.0000   -0.513
   249   0.0000   9.3962   1.3909   0.0000  -0.0000   0.0000   0.0000   0.0000   0.0000   0.0000   0.0000   -0.638
   250   0.0000   9.3758   1.5062   0.0000  -0.0000   0.0000   0.0000  -0.0000   0.0000   0.0000   0.0000   -0.829
   251   0.0000   9.3538   1.6173   0.0000  -0.0000   0.0000   0.0000  -0.0000   0.0000   0.0000   0.0000   -0.334
   252   0.0000   9.3301   1.7236   0.0000  -0.0000   0.0000   0.0000  -0.0000   0.0000   0.0000   0.0000   -0.386
   253   0.0000   9.3050   1.8249   0.0000  -0.0000   0.0000   0.0000  -0.0000   0.0000   0.0000   0.0000   -0.274
   254   0.0000   9.2783   1.9209   0.0000  -0.0000   0.0000   0.0000  -0.0000   0.0000   0.0000   0.0000   -0.201
   255   0.0000   9.2503   2.0113   0.0000  -0.0000   0.0000   0.0000   0.0000   0.0000   0.0000   0.0000   -0.223
   256   0.0000   9.2209   2.0959   0.0000  -0.0000   0.0000   0.0000  -0.0000   0.0000   0.0000   0.0000   -0.474
   257   0.0000   9.1902   2.1743   0.0000  -0.0000   0.0000   0.0000   0.0000   0.0000   0.0000   0.0000   -0.496
   258   0.0000   9.1584   2.2465   0.0000  -0.0000   0.0000   0.0000  -0.0000   0.0000   0.0000   0.0000   -0.951
   259   0.0000   9.1254   2.3123   0.0000  -0.0000   0.0000   0.0000  -0.0000   0.0000   0.0000   0.0000
   260   0.0000   9.0915   2.3714   0.0000  -0.0000   0.0000   0.0000   0.0000   0.0000   0.0000   0.0000
   261   0.0000   9.0566   2.4238  -0.0000  -0.0000  -0.0000  -0.0000   0.0000   0.0000   0.0000   0.0000
   262   0.0000   9.0208   2.4694  -0.0000  -0.0000  -0.0000  -0.0000   0.0000   0.0000   0.0000   0.0000
   263   0.0000   8.9842   2.5080  -0.0000  -0.0000  -0.0000  -0.0000   0.0000   0.0000   0.0000   0.0000    1.822
   264   0.0000   8.9470   2.5397  -0.0000  -0.0000  -0.0000  -0.0000  -0.0000   0.0000   0.0000   0.0000    1.820
   265   0.0000   8.9093   2.5643  -0.0000  -0.0000  -0.0000  -0.0000   0.0000   0.0000   0.0000   0.0000    1.214
   266   0.0000   8.8710   2.5820  -0.0000  -0.0000  -0.0000  -0.0000   0.0000   0.0000   0.0000   0.0000    1.003
   267   0.0000   8.8324   2.5928  -0.0000  -0.0000  -0.0000  -0.0000  -0.0000   0.0000   0.0000   0.0000    0.839
   268   0.0000   8.7935   2.5966  -0.0000   0.0000  -0.0000  -0.0000   0.0000   0.0000   0.0000   0.0000    0.827
   269   0.0000   8.7544   2.5935  -0.0000   0.0000  -0.0000  -0.0000  -0.0000   0.0000   0.0000   0.0000    0.768
   270   0.0000   8.7152   2.5837  -0.0000  -0.0000  -0.0000  -0.0000   0.0000   0.0000   0.0000   0.0000    0.699
   271   0.0000   8.6761   2.5672  -0.0000   0.0000  -0.0000  -0.0000   0.0000   0.0000   0.0000   0.0000    0.650
   272   0.0000   8.6371   2.5441  -0.0000  -0.0000  -0.0000  -0.0000   0.0000   0.0000   0.0000   0.0000    0.604
   273   0.0000   8.5983   2.5147  -0.0000   0.0000  -0.0000  -0.0000   0.0000   0.0000   0.0000   0.0000    0.572
   274   0.0000   8.5598   2.4789  -0.0000  -0.0000  -0.0000  -0.0000   0.0000   0.0000   0.0000   0.0000    0.548
   275   0.0000   8.5218   2.4372  -0.0000   0.0000  -0.0000  -0.0000   0.0000   0.0000   0.0000   0.0000    0.523
   276   0.0000   8.4843   2.3895  -0.0000   0.0000  -0.0000  -0.0000   0.0000   0.0000   0.0000   0.0000    0.499
   277   0.0000   8.4474   2.3361  -0.0000   0.0000  -0.0000  -0.0000  -0.0000   0.0000   0.0000   0.0000    0.479
   278   0.0000   8.4112   2.2772  -0.0000   0.0000  -0.0000  -0.0000   0.0000   0.0000   0.0000   0.0000    0.451
   279   0.0000   8.3759   2.2130  -0.0000   0.0000  -0.0000  -0.0000   0.0000   0.0000   0.0000   0.0000    0.434
   280   0.0000   8.3415   2.1438  -0.0000   0.0000  -0.0000  -0.0000   0.0000   0.0000   0.0000   0.0000    0.416
   281   0.0000   8.3161   1.0586  -0.0000   0.0000  -0.0000  -0.0000  -0.0000   0.0000   0.0000   0.0000    0.407
   282   0.0000   8.3408   2.0186  -0.0000   0.0000  -0.0000  -0.0000  -0.0000   0.0000   0.0000   0.0000    0.396
   283   0.0000   8.4051   1.9566  -0.0000   0.0000  -0.0000  -0.0000   0.0000   0.0000   0.0000   0.0000    0.390
   284   0.0000   8.4668   1.8878  -0.0000   0.0000  -0.0000  -0.0000   0.0000   0.0000   0.0000   0.0000    0.385
   285   0.0000   8.5257   1.8121  -0.0000   0.0000  -0.0000  -0.0000   0.0000   0.0000   0.0000   0.0000    0.384
   286   0.0000   8.5817   1.7299  -0.0000   0.0000  -0.0000  -0.0000  -0.0000   0.0000   0.0000   0.0000    0.388
   287   0.0000   8.6348   1.6413  -0.0000   0.0000  -0.0000  -0.0000   0.0000   0.0000   0.0000   0.0000    0.387
   288   0.0000   8.6846   1.5465  -0.0000   0.0000  -0.0000  -0.0000  -0.0000   0.0000   0.0000   0.0000    0.383
   289   0.0000   8.7311   1.4459  -0.0000   0.0000  -0.0000  -0.0000  -0.0000   0.0000   0.0000   0.0000    0.397
   290   0.0000   8.7742   1.3399  -0.0000   0.0000  -0.0000  -0.0000  -0.0000   0.0000   0.0000   0.0000    0.391
   291   0.0000   8.8137   1.2286  -0.0000   0.0000  -0.0000  -0.0000  -0.0000   0.0000   0.0000   0.0000    0.395
   292   0.0000   8.8496   1.1127  -0.0000   0.0000  -0.0000  -0.0000  -0.0000   0.0000   0.0000   0.0000    0.404
   293   0.0000   8.8817   0.9923  -0.0000   0.0000  -0.0000  -0.0000  -0.0000   0.0000   0.0000   0.0000    0.406
   294   0.0000   8.9100   0.8681  -0.0000  -0.0000  -0.0000  -0.0000  -0.0000   0.0000   0.0000   0.0000    0.417
   295   0.0000   8.9344   0.7405  -0.0000  -0.0000  -0.0000  -0.0000  -0.0000   0.0000   0.0000   0.0000    0.433
   296   0.0000   8.9548   0.6099  -0.0000  -0.0000  -0.0000  -0.0000  -0.0000   0.0000   0.0000   0.0000    0.433
   297   0.0000   8.9713   0.4769  -0.0000  -0.0000  -0.0000  -0.0000  -0.0000   0.0000   0.0000   0.0000    0.448
   298   0.0000   8.9836   0.3420  -0.0000  -0.0000  -0.0000  -0.0000  -0.0000   0.0000   0.0000   0.0000    0.458
   299   0.0000   8.9919   0.2058  -0.0000  -0.0000  -0.0000  -0.0000  -0.0000   0.0000   0.0000   0.0000    0.463
   300   0.0000   8.9960   0.0687  -0.0000  -0.0000  -0.0000  -0.0000  -0.0000   0.0000   0.0000   0.0000    0.465
 ---------------------------------------------------------------
