 ---------------------------------------------------------------
 Surface and Strip Forces by surface

  Forces referred to Sref, Cref, Bref about Xref, Yref, Zref
 Standard axis orientation,  X fwd, Z down         

  Surface # 1     main_wing                               
     # Chordwise =  5   # Spanwise = 60     First strip =  1
     Surface area =  531.821899       Ave. chord =    8.117932
     CLsurf  =   0.27697     Clsurf  =   0.01569
     CYsurf  =   0.03030     Cmsurf  =   0.43536
     CDsurf  =   0.00568     Cnsurf  =   0.00727
     CDisurf =   0.00568     CDvsurf =   0.00000

  Forces referred to Ssurf, Cave about hinge axis thru LE
     CLsurf  =   0.29583     CDsurf  =   0.00604
     Deflect =

 Strip Forces referred to Strip Area, Chord
    j      Yle    Chord     Area     c cl      ai      cl_norm  cl       cd       cdv    cm_c/4    cm_LE  C.P.x/c
     1 -33.8694   3.4668   0.1562   0.0904   0.0211   0.0339   0.0259   0.0033   0.0000   0.0003  -0.0055    0.238
     2 -33.7795   3.4884   0.4712   0.2696   0.0197   0.1007   0.0770   0.0062   0.0000   0.0007  -0.0165    0.241
     3 -33.5999   3.5316   0.7937   0.4438   0.0170   0.1640   0.1254   0.0080   0.0000   0.0006  -0.0272    0.245
     4 -33.3310   3.5963   1.1284   0.6115   0.0143   0.2221   0.1699   0.0092   0.0000   0.0003  -0.0373    0.248
     5 -32.9737   3.6822   1.4800   0.7720   0.0118   0.2740   0.2096   0.0098   0.0000  -0.0000  -0.0464    0.250
     6 -32.5289   3.7892   1.8529   0.9253   0.0100   0.3193   0.2442   0.0102   0.0000  -0.0003  -0.0544    0.251
     7 -31.9979   3.9169   2.2511   1.0724   0.0094   0.3582   0.2739   0.0100   0.0000  -0.0006  -0.0611    0.252
     8 -31.3820   4.0650   2.6784   1.2143   0.0104   0.3909   0.2990   0.0098   0.0000  -0.0007  -0.0667    0.252
     9 -30.6830   4.2331   3.1377   1.3526   0.0133   0.4183   0.3199   0.0093   0.0000  -0.0008  -0.0714    0.253
    10 -29.9028   4.4207   3.6318   1.4887   0.0175   0.4409   0.3372   0.0090   0.0000  -0.0009  -0.0753    0.253
    11 -29.0436   4.6274   4.1628   1.6238   0.0222   0.4596   0.3515   0.0085   0.0000  -0.0009  -0.0785    0.253
    12 -28.1076   4.8525   4.7322   1.7597   0.0264   0.4750   0.3633   0.0081   0.0000  -0.0010  -0.0811    0.253
    13 -27.0975   5.0954   5.3406   1.8973   0.0296   0.4878   0.3731   0.0075   0.0000  -0.0010  -0.0833    0.253
    14 -26.0160   5.3555   5.9884   2.0387   0.0318   0.4988   0.3815   0.0071   0.0000  -0.0011  -0.0853    0.253
    15 -24.8660   5.6320   6.6749   2.1820   0.0333   0.5076   0.3883   0.0071   0.0000  -0.0012  -0.0868    0.253
    16 -23.6509   5.9243   7.3989   2.3307   0.0342   0.5155   0.3943   0.0067   0.0000  -0.0014  -0.0883    0.253
    17 -22.3737   6.2314   8.1583   2.4849   0.0349   0.5226   0.3997   0.0066   0.0000  -0.0015  -0.0896    0.254
    18 -21.0382   6.5526   8.9505   2.6465   0.0357   0.5293   0.4049   0.0063   0.0000  -0.0018  -0.0910    0.254
    19 -19.6479   6.8870   9.7721   2.8157   0.0368   0.5358   0.4098   0.0063   0.0000  -0.0021  -0.0924    0.255
    20 -18.2066   7.2336  10.6191   2.9956   0.0379   0.5428   0.4152   0.0061   0.0000  -0.0026  -0.0940    0.256
    21 -16.7183   7.5915  11.4867   3.1854   0.0387   0.5499   0.4206   0.0067   0.0000  -0.0034  -0.0959    0.258
    22 -15.2178   8.0270  11.9769   3.4009   0.0400   0.5795   0.4247   0.0063   0.0000  -0.0041  -0.0964    0.260
    23 -13.7104   8.5416  13.0453   3.6464   0.0447   0.5839   0.4280   0.0064   0.0000  -0.0046  -0.0976    0.261
    24 -12.1700   9.0674  14.1297   3.9213   0.0511   0.5915   0.4335   0.0065   0.0000  -0.0055  -0.0996    0.263
    25 -10.6007   9.6031  15.2212   4.2191   0.0642   0.6009   0.4404   0.0066   0.0000  -0.0062  -0.1017    0.264
    26  -9.0069  10.1472  16.3110   4.4430   0.0650   0.5990   0.4390   0.0057   0.0000  -0.0003  -0.0961    0.251
    27  -7.3929  10.6981  17.3891   4.6009   0.0556   0.5886   0.4314   0.0036   0.0000   0.0094  -0.0858    0.228
    28  -5.7632  11.2544  18.4457   4.8127   0.0574   0.5855   0.4291   0.0015   0.0000   0.0189  -0.0769    0.206
    29  -4.1222  11.8146  19.4706   5.0624   0.0767   0.5877   0.4308  -0.0076   0.0000   0.0348  -0.0630    0.169
    30  -2.4745  12.3771  20.4537   4.9399   0.0664   0.5582   0.4091  -0.0976   0.0000   0.1231   0.0217   -0.051
    31  -0.8244  12.9404  21.3846   7.0007   0.0729   0.7347   0.5385   0.0524   0.0000   0.0688  -0.0575    0.122
    32   0.9182  12.9083  23.7257  -1.3082   0.0643  -0.1182  -0.0991  -0.0302   0.0000   0.0198   0.0397    0.449
    33   2.7484  12.2836  22.4535   1.0134   0.0618   0.0908   0.0762   0.0761   0.0000  -0.0656  -0.0763    1.111
    34   4.4877  11.7153  19.4048   0.8097   0.0590   0.0795   0.0689   0.0057   0.0000  -0.0292  -0.0419    0.674
    35   6.1324  11.2044  18.3531   1.0835   0.0568   0.1112   0.0963   0.0084   0.0000  -0.0185  -0.0384    0.442
    36   7.7566  10.6999  17.2824   1.3059   0.0547   0.1404   0.1216   0.0101   0.0000  -0.0143  -0.0402    0.367
    37   9.3557  10.2031  16.2020   1.4743   0.0528   0.1664   0.1441   0.0111   0.0000  -0.0112  -0.0424    0.327
    38  10.9254   9.7155  15.1207   1.6387   0.0509   0.1943   0.1683   0.0117   0.0000  -0.0085  -0.0454    0.300
    39  12.4615   9.2384  14.0466   1.7933   0.0491   0.2238   0.1938   0.0118   0.0000  -0.0061  -0.0490    0.282
    40  13.9597   8.7730  12.9878   1.9141   0.0473   0.2517   0.2180   0.0116   0.0000  -0.0043  -0.0528    0.270
    41  15.4158   8.3206  11.9513   1.9965   0.0457   0.2770   0.2399   0.0113   0.0000  -0.0031  -0.0565    0.263
    42  16.8260   7.8826  10.9433   2.0433   0.0441   0.2994   0.2592   0.0110   0.0000  -0.0022  -0.0601    0.259
    43  18.1863   7.4600   9.9701   2.0611   0.0427   0.3192   0.2764   0.0106   0.0000  -0.0017  -0.0634    0.256
    44  19.4930   7.0541   9.0360   2.0564   0.0413   0.3369   0.2917   0.0102   0.0000  -0.0013  -0.0664    0.254
    45  20.7425   6.6660   8.1454   2.0340   0.0398   0.3527   0.3054   0.0098   0.0000  -0.0011  -0.0693    0.254
    46  22.2285   6.2664  10.9447   1.9939   0.0391   0.3797   0.3186   0.0092   0.0000  -0.0007  -0.0711    0.252
    47  23.9231   5.8588   9.6545   1.9322   0.0400   0.3938   0.3304   0.0079   0.0000   0.0003  -0.0727    0.249
    48  25.2257   5.5456   5.3842   1.8596   0.0415   0.4005   0.3360   0.0071   0.0000   0.0013  -0.0730    0.246
    49  26.1614   5.3206   4.8063   1.7896   0.0432   0.4017   0.3370   0.0069   0.0000   0.0025  -0.0722    0.243
    50  27.0284   5.1121   4.2600   1.7097   0.0454   0.3995   0.3352   0.0061   0.0000   0.0038  -0.0706    0.239
    51  27.8244   4.9206   3.7446   1.6191   0.0481   0.3931   0.3298   0.0055   0.0000   0.0055  -0.0678    0.233
    52  28.5471   4.7468   3.2592   1.5147   0.0512   0.3813   0.3199   0.0047   0.0000   0.0076  -0.0638    0.226
    53  29.1945   4.5911   2.8021   1.3952   0.0545   0.3632   0.3047   0.0039   0.0000   0.0100  -0.0583    0.217
    54  29.7650   4.4539   2.3712   1.2584   0.0578   0.3377   0.2834   0.0028   0.0000   0.0124  -0.0514    0.206
    55  30.2570   4.3356   1.9639   1.1039   0.0609   0.3044   0.2554   0.0019   0.0000   0.0144  -0.0434    0.194
    56  30.6690   4.2365   1.5773   0.9318   0.0636   0.2631   0.2207   0.0009   0.0000   0.0156  -0.0347    0.179
    57  30.9999   4.1569   1.2082   0.7435   0.0658   0.2140   0.1795  -0.0003   0.0000   0.0152  -0.0259    0.165
    58  31.2490   4.0971   0.8529   0.5416   0.0675   0.1583   0.1328  -0.0013   0.0000   0.0130  -0.0176    0.152
    59  31.4154   4.0570   0.5077   0.3293   0.0687   0.0974   0.0817  -0.0028   0.0000   0.0087  -0.0102    0.143
    60  31.4987   4.0370   0.1685   0.1105   0.0692   0.0331   0.0278  -0.0034   0.0000   0.0031  -0.0033    0.140

  Surface # 2     main_wing (YDUP)                        
     # Chordwise =  5   # Spanwise = 60     First strip = 61
     Surface area =  531.821899       Ave. chord =    8.117932
     CLsurf  =   0.27697     Clsurf  =  -0.01569
     CYsurf  =  -0.03030     Cmsurf  =   0.43536
     CDsurf  =   0.00568     Cnsurf  =  -0.00727
     CDisurf =   0.00568     CDvsurf =   0.00000

  Forces referred to Ssurf, Cave about hinge axis thru LE
     CLsurf  =   0.29583     CDsurf  =   0.00604
     Deflect =

 Strip Forces referred to Strip Area, Chord
    j      Yle    Chord     Area     c cl      ai      cl_norm  cl       cd       cdv    cm_c/4    cm_LE  C.P.x/c
    61  33.8694   3.4668   0.1562   0.0904   0.0211   0.0339   0.0259   0.0033   0.0000   0.0003   0.0055    0.238
    62  33.7795   3.4884   0.4712   0.2696   0.0197   0.1007   0.0770   0.0062   0.0000   0.0007   0.0165    0.241
    63  33.5999   3.5316   0.7937   0.4438   0.0170   0.1640   0.1254   0.0080   0.0000   0.0006   0.0272    0.245
    64  33.3310   3.5963   1.1284   0.6115   0.0143   0.2221   0.1699   0.0092   0.0000   0.0003   0.0373    0.248
    65  32.9737   3.6822   1.4800   0.7720   0.0118   0.2740   0.2096   0.0098   0.0000  -0.0000   0.0464    0.250
    66  32.5289   3.7892   1.8529   0.9253   0.0100   0.3193   0.2442   0.0102   0.0000  -0.0003   0.0544    0.251
    67  31.9979   3.9169   2.2511   1.0723   0.0094   0.3582   0.2739   0.0100   0.0000  -0.0006   0.0611    0.252
    68  31.3820   4.0650   2.6784   1.2143   0.0104   0.3909   0.2990   0.0098   0.0000  -0.0007   0.0667    0.252
    69  30.6830   4.2331   3.1377   1.3526   0.0133   0.4183   0.3199   0.0093   0.0000  -0.0008   0.0714    0.253
    70  29.9028   4.4207   3.6318   1.4887   0.0175   0.4409   0.3372   0.0090   0.0000  -0.0009   0.0753    0.253
    71  29.0436   4.6274   4.1628   1.6238   0.0222   0.4596   0.3515   0.0085   0.0000  -0.0009   0.0785    0.253
    72  28.1076   4.8525   4.7322   1.7597   0.0264   0.4750   0.3633   0.0081   0.0000  -0.0010   0.0811    0.253
    73  27.0975   5.0954   5.3406   1.8973   0.0296   0.4878   0.3731   0.0075   0.0000  -0.0010   0.0833    0.253
    74  26.0160   5.3555   5.9884   2.0387   0.0318   0.4988   0.3815   0.0071   0.0000  -0.0011   0.0853    0.253
    75  24.8660   5.6320   6.6749   2.1820   0.0333   0.5076   0.3883   0.0071   0.0000  -0.0012   0.0868    0.253
    76  23.6509   5.9243   7.3989   2.3307   0.0342   0.5155   0.3943   0.0067   0.0000  -0.0014   0.0883    0.253
    77  22.3737   6.2314   8.1583   2.4849   0.0349   0.5226   0.3997   0.0066   0.0000  -0.0015   0.0896    0.254
    78  21.0382   6.5526   8.9505   2.6465   0.0357   0.5293   0.4049   0.0063   0.0000  -0.0018   0.0910    0.254
    79  19.6479   6.8870   9.7721   2.8157   0.0368   0.5358   0.4098   0.0063   0.0000  -0.0021   0.0924    0.255
    80  18.2066   7.2336  10.6191   2.9956   0.0379   0.5428   0.4152   0.0061   0.0000  -0.0026   0.0940    0.256
    81  16.7183   7.5915  11.4867   3.1854   0.0387   0.5499   0.4206   0.0067   0.0000  -0.0034   0.0959    0.258
    82  15.2178   8.0270  11.9769   3.4009   0.0400   0.5795   0.4247   0.0063   0.0000  -0.0041   0.0964    0.260
    83  13.7104   8.5416  13.0453   3.6464   0.0447   0.5839   0.4280   0.0064   0.0000  -0.0046   0.0976    0.261
    84  12.1700   9.0674  14.1297   3.9213   0.0511   0.5915   0.4335   0.0065   0.0000  -0.0055   0.0996    0.263
    85  10.6007   9.6031  15.2212   4.2191   0.0642   0.6009   0.4404   0.0066   0.0000  -0.0062   0.1017    0.264
    86   9.0069  10.1472  16.3110   4.4430   0.0650   0.5990   0.4390   0.0057   0.0000  -0.0003   0.0961    0.251
    87   7.3929  10.6981  17.3891   4.6009   0.0556   0.5886   0.4314   0.0036   0.0000   0.0094   0.0858    0.228
    88   5.7632  11.2544  18.4457   4.8127   0.0574   0.5855   0.4291   0.0015   0.0000   0.0189   0.0769    0.206
    89   4.1222  11.8146  19.4706   5.0624   0.0767   0.5878   0.4308  -0.0076   0.0000   0.0348   0.0630    0.169
    90   2.4745  12.3771  20.4537   4.9399   0.0664   0.5582   0.4091  -0.0976   0.0000   0.1231  -0.0217   -0.051
    91   0.8244  12.9404  21.3846   7.0007   0.0729   0.7347   0.5385   0.0524   0.0000   0.0688   0.0575    0.122
    92  -0.9182  12.9083  23.7257  -1.3082   0.0643  -0.1182  -0.0991  -0.0302   0.0000   0.0198  -0.0397    0.449
    93  -2.7484  12.2836  22.4535   1.0133   0.0618   0.0908   0.0762   0.0761   0.0000  -0.0656   0.0763    1.111
    94  -4.4877  11.7153  19.4048   0.8097   0.0590   0.0795   0.0689   0.0057   0.0000  -0.0292   0.0419    0.674
    95  -6.1324  11.2044  18.3531   1.0835   0.0568   0.1112   0.0963   0.0084   0.0000  -0.0185   0.0384    0.442
    96  -7.7566  10.6999  17.2824   1.3059   0.0547   0.1404   0.1216   0.0101   0.0000  -0.0143   0.0402    0.367
    97  -9.3557  10.2031  16.2020   1.4743   0.0528   0.1664   0.1441   0.0111   0.0000  -0.0112   0.0424    0.327
    98 -10.9254   9.7155  15.1207   1.6387   0.0509   0.1943   0.1683   0.0117   0.0000  -0.0085   0.0454    0.300
    99 -12.4615   9.2384  14.0466   1.7933   0.0491   0.2238   0.1938   0.0118   0.0000  -0.0061   0.0490    0.282
   100 -13.9597   8.7730  12.9878   1.9141   0.0473   0.2517   0.2180   0.0116   0.0000  -0.0043   0.0528    0.270
   101 -15.4158   8.3206  11.9513   1.9965   0.0457   0.2770   0.2399   0.0113   0.0000  -0.0031   0.0565    0.263
   102 -16.8260   7.8826  10.9433   2.0433   0.0441   0.2994   0.2592   0.0110   0.0000  -0.0022   0.0601    0.259
   103 -18.1863   7.4600   9.9701   2.0610   0.0427   0.3192   0.2764   0.0106   0.0000  -0.0017   0.0634    0.256
   104 -19.4930   7.0541   9.0360   2.0564   0.0413   0.3369   0.2917   0.0102   0.0000  -0.0013   0.0664    0.254
   105 -20.7425   6.6660   8.1454   2.0340   0.0398   0.3527   0.3054   0.0098   0.0000  -0.0011   0.0693    0.254
   106 -22.2285   6.2664  10.9447   1.9939   0.0391   0.3797   0.3186   0.0092   0.0000  -0.0007   0.0711    0.252
   107 -23.9231   5.8588   9.6545   1.9322   0.0400   0.3938   0.3304   0.0079   0.0000   0.0003   0.0727    0.249
   108 -25.2257   5.5456   5.3842   1.8596   0.0415   0.4005   0.3360   0.0071   0.0000   0.0013   0.0730    0.246
   109 -26.1614   5.3206   4.8063   1.7896   0.0432   0.4017   0.3370   0.0069   0.0000   0.0025   0.0722    0.243
   110 -27.0284   5.1121   4.2600   1.7097   0.0454   0.3995   0.3352   0.0061   0.0000   0.0038   0.0706    0.239
   111 -27.8244   4.9206   3.7446   1.6190   0.0481   0.3931   0.3298   0.0055   0.0000   0.0055   0.0678    0.233
   112 -28.5471   4.7468   3.2592   1.5147   0.0512   0.3813   0.3199   0.0047   0.0000   0.0076   0.0638    0.226
   113 -29.1945   4.5911   2.8021   1.3952   0.0545   0.3632   0.3047   0.0039   0.0000   0.0100   0.0583    0.217
   114 -29.7650   4.4539   2.3712   1.2584   0.0578   0.3377   0.2834   0.0028   0.0000   0.0124   0.0514    0.206
   115 -30.2570   4.3356   1.9639   1.1039   0.0609   0.3044   0.2554   0.0019   0.0000   0.0144   0.0434    0.194
   116 -30.6690   4.2365   1.5773   0.9318   0.0636   0.2631   0.2207   0.0009   0.0000   0.0156   0.0347    0.179
   117 -30.9999   4.1569   1.2082   0.7435   0.0658   0.2140   0.1795  -0.0003   0.0000   0.0152   0.0259    0.165
   118 -31.2490   4.0971   0.8529   0.5416   0.0675   0.1583   0.1328  -0.0013   0.0000   0.0130   0.0176    0.152
   119 -31.4154   4.0570   0.5077   0.3293   0.0687   0.0974   0.0817  -0.0028   0.0000   0.0087   0.0102    0.143
   120 -31.4987   4.0370   0.1685   0.1105   0.0692   0.0331   0.0278  -0.0034   0.0000   0.0031   0.0033    0.140

  Surface # 3     horizontal_stabilizer                   
     # Chordwise =  5   # Spanwise = 60     First strip =121
     Surface area =   43.732090       Ave. chord =    4.269336
     CLsurf  =   0.01649     Clsurf  =  -0.00109
     CYsurf  =  -0.00006     Cmsurf  =  -0.06110
     CDsurf  =   0.00082     Cnsurf  =  -0.00004
     CDisurf =   0.00082     CDvsurf =   0.00000

  Forces referred to Ssurf, Cave about hinge axis thru LE
     CLsurf  =   0.21320     CDsurf  =   0.01056
     Deflect =

 Strip Forces referred to Strip Area, Chord
    j      Yle    Chord     Area     c cl      ai      cl_norm  cl       cd       cdv    cm_c/4    cm_LE  C.P.x/c
   121   0.0017   6.4035   0.0424   1.1163   0.0545   0.1602   0.1244   0.5784   0.0000  -0.0087  -0.0440    0.320
   122   0.0149   6.3980   0.1269   1.1307   0.0547   0.2203   0.1712   0.0709   0.0000  -0.0081  -0.0440    0.297
   123   0.0413   6.3870   0.2107   1.1317   0.0549   0.2255   0.1752   0.0309   0.0000  -0.0080  -0.0441    0.296
   124   0.0808   6.3705   0.2934   1.1307   0.0552   0.2271   0.1764   0.0201   0.0000  -0.0080  -0.0441    0.295
   125   0.1334   6.3486   0.3745   1.1315   0.0555   0.2285   0.1775   0.0158   0.0000  -0.0078  -0.0441    0.294
   126   0.1988   6.3213   0.4537   1.1309   0.0559   0.2297   0.1784   0.0137   0.0000  -0.0076  -0.0441    0.293
   127   0.2769   6.2888   0.5305   1.1327   0.0562   0.2313   0.1797   0.0129   0.0000  -0.0073  -0.0441    0.291
   128   0.3674   6.2510   0.6045   1.1326   0.0565   0.2328   0.1808   0.0121   0.0000  -0.0069  -0.0440    0.288
   129   0.4702   6.2082   0.6754   1.1323   0.0568   0.2344   0.1821   0.0118   0.0000  -0.0065  -0.0439    0.286
   130   0.5850   6.1604   0.7429   1.1316   0.0571   0.2361   0.1834   0.0115   0.0000  -0.0061  -0.0438    0.283
   131   0.7113   6.1077   0.8065   1.1325   0.0574   0.2383   0.1851   0.0113   0.0000  -0.0056  -0.0437    0.280
   132   0.8490   6.0503   0.8661   1.1327   0.0576   0.2406   0.1869   0.0115   0.0000  -0.0051  -0.0437    0.277
   133   1.0027   5.9862   0.9844   1.1310   0.0578   0.2429   0.1886   0.0115   0.0000  -0.0045  -0.0436    0.274
   134   1.1727   5.9153   1.0378   1.1301   0.0580   0.2456   0.1908   0.0114   0.0000  -0.0040  -0.0436    0.271
   135   1.3535   5.8400   1.0860   1.1284   0.0582   0.2485   0.1930   0.0110   0.0000  -0.0035  -0.0437    0.268
   136   1.5445   5.7604   1.1288   1.1268   0.0583   0.2515   0.1954   0.0111   0.0000  -0.0031  -0.0438    0.266
   137   1.7453   5.6767   1.1661   1.1238   0.0584   0.2547   0.1978   0.0100   0.0000  -0.0026  -0.0439    0.263
   138   1.9552   5.5892   1.1979   1.1206   0.0585   0.2579   0.2004   0.0104   0.0000  -0.0022  -0.0441    0.261
   139   2.1737   5.4981   1.2240   1.1160   0.0585   0.2611   0.2028   0.0105   0.0000  -0.0019  -0.0443    0.259
   140   2.4003   5.4037   1.2446   1.1107   0.0586   0.2645   0.2055   0.0098   0.0000  -0.0016  -0.0446    0.258
   141   2.6343   5.3061   1.2597   1.1052   0.0586   0.2681   0.2082   0.0098   0.0000  -0.0012  -0.0449    0.256
   142   2.8750   5.2058   1.2693   1.0987   0.0585   0.2716   0.2109   0.0105   0.0000  -0.0010  -0.0452    0.255
   143   3.1217   5.1030   1.2736   1.0899   0.0585   0.2749   0.2135   0.0101   0.0000  -0.0007  -0.0456    0.253
   144   3.3739   4.9978   1.2727   1.0808   0.0584   0.2784   0.2162   0.0099   0.0000  -0.0005  -0.0459    0.252
   145   3.6309   4.8907   1.2668   1.0708   0.0584   0.2819   0.2189   0.0097   0.0000  -0.0003  -0.0463    0.251
   146   3.8918   4.7820   1.2561   1.0591   0.0583   0.2850   0.2214   0.0105   0.0000  -0.0001  -0.0467    0.250
   147   4.1560   4.6718   1.2409   1.0483   0.0582   0.2889   0.2244   0.0092   0.0000   0.0001  -0.0472    0.250
   148   4.4228   4.5606   1.2215   1.0345   0.0581   0.2920   0.2268   0.0099   0.0000   0.0002  -0.0475    0.249
   149   4.6915   4.4486   1.1980   1.0220   0.0581   0.2958   0.2298   0.0094   0.0000   0.0004  -0.0480    0.248
   150   4.9613   4.3362   1.1710   1.0056   0.0580   0.2987   0.2320   0.0091   0.0000   0.0006  -0.0483    0.248
   151   5.2314   4.2236   1.1406   0.9891   0.0579   0.3015   0.2342   0.0097   0.0000   0.0007  -0.0487    0.247
   152   5.5012   4.1111   1.1072   0.9715   0.0579   0.3043   0.2364   0.0097   0.0000   0.0009  -0.0490    0.246
   153   5.7698   3.9992   1.0711   0.9516   0.0580   0.3064   0.2380   0.0096   0.0000   0.0010  -0.0492    0.246
   154   6.0367   3.8879   1.0327   0.9337   0.0580   0.3092   0.2402   0.0102   0.0000   0.0013  -0.0495    0.245
   155   6.3009   3.7778   0.9923   0.9145   0.0581   0.3117   0.2421   0.0102   0.0000   0.0015  -0.0497    0.244
   156   6.5618   3.6690   0.9503   0.8915   0.0583   0.3129   0.2431   0.0093   0.0000   0.0017  -0.0497    0.243
   157   6.8188   3.5619   0.9070   0.8695   0.0585   0.3144   0.2442   0.0092   0.0000   0.0020  -0.0497    0.242
   158   7.0710   3.4568   0.8627   0.8413   0.0588   0.3135   0.2435   0.0090   0.0000   0.0028  -0.0488    0.238
   159   7.3177   3.3540   0.8178   0.8229   0.0592   0.3161   0.2455   0.0089   0.0000   0.0027  -0.0494    0.239
   160   7.5584   3.2536   0.7724   0.7969   0.0597   0.3155   0.2451   0.0087   0.0000   0.0030  -0.0490    0.238
   161   7.7924   3.1561   0.7270   0.7713   0.0603   0.3148   0.2445   0.0087   0.0000   0.0035  -0.0484    0.235
   162   8.0189   3.0617   0.6816   0.7438   0.0610   0.3130   0.2432   0.0080   0.0000   0.0041  -0.0477    0.233
   163   8.2375   2.9706   0.6366   0.7161   0.0617   0.3105   0.2412   0.0090   0.0000   0.0047  -0.0468    0.230
   164   8.4474   2.8831   0.5922   0.6850   0.0626   0.3061   0.2378   0.0079   0.0000   0.0053  -0.0455    0.228
   165   8.6482   2.7994   0.5486   0.6547   0.0635   0.3014   0.2341   0.0074   0.0000   0.0062  -0.0440    0.224
   166   8.8392   2.7198   0.5057   0.6372   0.0646   0.3019   0.2345   0.0079   0.0000   0.0046  -0.0454    0.230
   167   9.0200   2.6444   0.4639   0.5878   0.0656   0.2865   0.2225   0.0067   0.0000   0.0079  -0.0401    0.214
   168   9.1900   2.5736   0.4232   0.5524   0.0667   0.2767   0.2149   0.0067   0.0000   0.0088  -0.0377    0.209
   169   9.3488   2.5074   0.3837   0.5156   0.0678   0.2652   0.2060   0.0050   0.0000   0.0098  -0.0351    0.203
   170   9.4948   2.4465   0.3399   0.4696   0.0689   0.2475   0.1923   0.0046   0.0000   0.0118  -0.0305    0.189
   171   9.6277   2.3911   0.3034   0.4376   0.0699   0.2360   0.1833   0.0048   0.0000   0.0112  -0.0291    0.189
   172   9.7485   2.3408   0.2680   0.3962   0.0709   0.2183   0.1696   0.0038   0.0000   0.0118  -0.0257    0.181
   173   9.8566   2.2957   0.2336   0.3536   0.0718   0.1987   0.1543   0.0029   0.0000   0.0120  -0.0224    0.173
   174   9.9519   2.2560   0.2003   0.3212   0.0725   0.1836   0.1426   0.0030   0.0000   0.0095  -0.0220    0.184
   175  10.0341   2.2217   0.1678   0.2642   0.0732   0.1535   0.1192   0.0016   0.0000   0.0111  -0.0156    0.157
   176  10.1029   2.1930   0.1361   0.2175   0.0739   0.1281   0.0995   0.0007   0.0000   0.0100  -0.0125    0.150
   177  10.1582   2.1700   0.1052   0.1702   0.0743   0.1014   0.0788  -0.0001   0.0000   0.0084  -0.0095    0.144
   178  10.1998   2.1526   0.0747   0.1223   0.0747   0.0736   0.0572  -0.0013   0.0000   0.0063  -0.0066    0.139
   179  10.2276   2.1410   0.0447   0.0735   0.0749   0.0447   0.0347  -0.0025   0.0000   0.0039  -0.0039    0.137
   180  10.2416   2.1352   0.0149   0.0246   0.0750   0.0151   0.0117  -0.0023   0.0000   0.0013  -0.0013    0.137

  Surface # 4     horizontal_stabilizer (YDUP)            
     # Chordwise =  5   # Spanwise = 60     First strip =181
     Surface area =   43.732090       Ave. chord =    4.269336
     CLsurf  =   0.01649     Clsurf  =   0.00109
     CYsurf  =   0.00006     Cmsurf  =  -0.06110
     CDsurf  =   0.00082     Cnsurf  =   0.00004
     CDisurf =   0.00082     CDvsurf =   0.00000

  Forces referred to Ssurf, Cave about hinge axis thru LE
     CLsurf  =   0.21320     CDsurf  =   0.01056
     Deflect =

 Strip Forces referred to Strip Area, Chord
    j      Yle    Chord     Area     c cl      ai      cl_norm  cl       cd       cdv    cm_c/4    cm_LE  C.P.x/c
   181  -0.0017   6.4035   0.0424   1.1163   0.0545   0.1602   0.1244   0.5784   0.0000  -0.0087   0.0440    0.320
   182  -0.0149   6.3980   0.1269   1.1307   0.0547   0.2203   0.1712   0.0709   0.0000  -0.0081   0.0440    0.297
   183  -0.0413   6.3870   0.2107   1.1317   0.0549   0.2255   0.1752   0.0309   0.0000  -0.0080   0.0441    0.296
   184  -0.0808   6.3705   0.2934   1.1307   0.0552   0.2271   0.1764   0.0201   0.0000  -0.0080   0.0441    0.295
   185  -0.1334   6.3486   0.3745   1.1315   0.0555   0.2285   0.1775   0.0158   0.0000  -0.0078   0.0441    0.294
   186  -0.1988   6.3213   0.4537   1.1309   0.0559   0.2297   0.1784   0.0137   0.0000  -0.0076   0.0441    0.293
   187  -0.2769   6.2888   0.5305   1.1327   0.0562   0.2313   0.1797   0.0129   0.0000  -0.0073   0.0441    0.291
   188  -0.3674   6.2510   0.6045   1.1326   0.0565   0.2328   0.1808   0.0121   0.0000  -0.0069   0.0440    0.288
   189  -0.4702   6.2082   0.6754   1.1323   0.0568   0.2344   0.1821   0.0118   0.0000  -0.0065   0.0439    0.286
   190  -0.5850   6.1604   0.7429   1.1316   0.0571   0.2361   0.1834   0.0115   0.0000  -0.0061   0.0438    0.283
   191  -0.7113   6.1077   0.8065   1.1325   0.0574   0.2383   0.1851   0.0113   0.0000  -0.0056   0.0437    0.280
   192  -0.8490   6.0503   0.8661   1.1326   0.0576   0.2406   0.1869   0.0115   0.0000  -0.0051   0.0437    0.277
   193  -1.0027   5.9862   0.9844   1.1310   0.0578   0.2429   0.1886   0.0115   0.0000  -0.0045   0.0436    0.274
   194  -1.1727   5.9153   1.0378   1.1301   0.0580   0.2456   0.1908   0.0114   0.0000  -0.0040   0.0436    0.271
   195  -1.3535   5.8400   1.0860   1.1284   0.0582   0.2485   0.1930   0.0110   0.0000  -0.0035   0.0437    0.268
   196  -1.5445   5.7604   1.1288   1.1268   0.0583   0.2515   0.1954   0.0111   0.0000  -0.0031   0.0438    0.266
   197  -1.7453   5.6767   1.1661   1.1238   0.0584   0.2547   0.1978   0.0100   0.0000  -0.0026   0.0439    0.263
   198  -1.9552   5.5892   1.1979   1.1206   0.0585   0.2579   0.2004   0.0104   0.0000  -0.0022   0.0441    0.261
   199  -2.1737   5.4981   1.2240   1.1160   0.0585   0.2611   0.2028   0.0105   0.0000  -0.0019   0.0443    0.259
   200  -2.4003   5.4037   1.2446   1.1107   0.0586   0.2645   0.2055   0.0098   0.0000  -0.0016   0.0446    0.258
   201  -2.6343   5.3061   1.2597   1.1052   0.0586   0.2681   0.2082   0.0098   0.0000  -0.0012   0.0449    0.256
   202  -2.8750   5.2058   1.2693   1.0987   0.0585   0.2716   0.2109   0.0105   0.0000  -0.0010   0.0452    0.255
   203  -3.1217   5.1030   1.2736   1.0899   0.0585   0.2749   0.2135   0.0101   0.0000  -0.0007   0.0456    0.253
   204  -3.3739   4.9978   1.2727   1.0808   0.0584   0.2784   0.2162   0.0099   0.0000  -0.0005   0.0459    0.252
   205  -3.6309   4.8907   1.2668   1.0708   0.0584   0.2818   0.2189   0.0097   0.0000  -0.0003   0.0463    0.251
   206  -3.8918   4.7820   1.2561   1.0591   0.0583   0.2850   0.2214   0.0105   0.0000  -0.0001   0.0467    0.250
   207  -4.1560   4.6718   1.2409   1.0483   0.0582   0.2889   0.2244   0.0092   0.0000   0.0001   0.0472    0.250
   208  -4.4228   4.5606   1.2215   1.0344   0.0581   0.2920   0.2268   0.0099   0.0000   0.0002   0.0475    0.249
   209  -4.6915   4.4486   1.1980   1.0220   0.0581   0.2958   0.2298   0.0094   0.0000   0.0004   0.0480    0.248
   210  -4.9613   4.3362   1.1710   1.0056   0.0580   0.2987   0.2320   0.0091   0.0000   0.0006   0.0483    0.248
   211  -5.2314   4.2236   1.1406   0.9891   0.0579   0.3015   0.2342   0.0097   0.0000   0.0007   0.0487    0.247
   212  -5.5012   4.1111   1.1072   0.9715   0.0579   0.3043   0.2364   0.0097   0.0000   0.0009   0.0490    0.246
   213  -5.7698   3.9992   1.0711   0.9516   0.0580   0.3064   0.2380   0.0096   0.0000   0.0010   0.0492    0.246
   214  -6.0367   3.8879   1.0327   0.9337   0.0580   0.3092   0.2402   0.0102   0.0000   0.0013   0.0495    0.245
   215  -6.3009   3.7778   0.9923   0.9145   0.0581   0.3117   0.2421   0.0102   0.0000   0.0015   0.0497    0.244
   216  -6.5618   3.6690   0.9503   0.8915   0.0583   0.3129   0.2431   0.0093   0.0000   0.0017   0.0497    0.243
   217  -6.8188   3.5619   0.9070   0.8695   0.0585   0.3144   0.2442   0.0092   0.0000   0.0020   0.0497    0.242
   218  -7.0710   3.4568   0.8627   0.8413   0.0588   0.3135   0.2435   0.0090   0.0000   0.0028   0.0488    0.238
   219  -7.3177   3.3540   0.8178   0.8229   0.0592   0.3161   0.2455   0.0089   0.0000   0.0027   0.0494    0.239
   220  -7.5584   3.2536   0.7724   0.7969   0.0597   0.3155   0.2451   0.0087   0.0000   0.0030   0.0490    0.238
   221  -7.7924   3.1561   0.7270   0.7713   0.0603   0.3148   0.2445   0.0087   0.0000   0.0035   0.0484    0.235
   222  -8.0189   3.0617   0.6816   0.7438   0.0610   0.3130   0.2431   0.0080   0.0000   0.0041   0.0477    0.233
   223  -8.2375   2.9706   0.6366   0.7161   0.0617   0.3105   0.2412   0.0090   0.0000   0.0047   0.0468    0.230
   224  -8.4474   2.8831   0.5922   0.6850   0.0626   0.3061   0.2378   0.0079   0.0000   0.0053   0.0455    0.228
   225  -8.6482   2.7994   0.5486   0.6547   0.0635   0.3014   0.2341   0.0074   0.0000   0.0062   0.0440    0.224
   226  -8.8392   2.7198   0.5057   0.6372   0.0646   0.3019   0.2345   0.0079   0.0000   0.0046   0.0454    0.230
   227  -9.0200   2.6444   0.4639   0.5877   0.0656   0.2865   0.2225   0.0067   0.0000   0.0079   0.0401    0.214
   228  -9.1900   2.5736   0.4232   0.5524   0.0667   0.2767   0.2149   0.0067   0.0000   0.0088   0.0377    0.209
   229  -9.3488   2.5074   0.3837   0.5156   0.0678   0.2652   0.2060   0.0050   0.0000   0.0098   0.0351    0.203
   230  -9.4948   2.4465   0.3399   0.4696   0.0689   0.2475   0.1923   0.0046   0.0000   0.0118   0.0305    0.189
   231  -9.6277   2.3911   0.3034   0.4376   0.0699   0.2360   0.1833   0.0048   0.0000   0.0112   0.0291    0.189
   232  -9.7485   2.3408   0.2680   0.3962   0.0709   0.2183   0.1696   0.0038   0.0000   0.0118   0.0257    0.181
   233  -9.8566   2.2957   0.2336   0.3536   0.0718   0.1987   0.1543   0.0029   0.0000   0.0120   0.0224    0.173
   234  -9.9519   2.2560   0.2003   0.3212   0.0725   0.1836   0.1426   0.0030   0.0000   0.0095   0.0220    0.184
   235 -10.0341   2.2217   0.1678   0.2642   0.0732   0.1535   0.1192   0.0016   0.0000   0.0111   0.0156    0.157
   236 -10.1029   2.1930   0.1361   0.2175   0.0739   0.1281   0.0995   0.0007   0.0000   0.0100   0.0125    0.150
   237 -10.1582   2.1700   0.1052   0.1702   0.0743   0.1014   0.0788  -0.0001   0.0000   0.0084   0.0095    0.144
   238 -10.1998   2.1526   0.0747   0.1223   0.0747   0.0736   0.0572  -0.0013   0.0000   0.0063   0.0066    0.139
   239 -10.2276   2.1410   0.0447   0.0735   0.0749   0.0447   0.0347  -0.0025   0.0000   0.0039   0.0039    0.137
   240 -10.2416   2.1352   0.0149   0.0246   0.0750   0.0151   0.0117  -0.0023   0.0000   0.0013   0.0013    0.137

  Surface # 5     vertical_stabilizer                     
     # Chordwise =  5   # Spanwise = 60     First strip =241
     Surface area =  102.378899       Ave. chord =    8.848652
     CLsurf  =  -0.00000     Clsurf  =  -0.00000
     CYsurf  =  -0.00000     Cmsurf  =   0.00000
     CDsurf  =   0.00000     Cnsurf  =   0.00000
     CDisurf =   0.00000     CDvsurf =   0.00000

  Forces referred to Ssurf, Cave about hinge axis thru LE
     CLsurf  =   0.00000     CDsurf  =   0.00000
     Deflect =

 Strip Forces referred to Strip Area, Chord
    j      Yle    Chord     Area     c cl      ai      cl_norm  cl       cd       cdv    cm_c/4    cm_LE  C.P.x/c
   241   0.0000   9.4977   0.3694  -0.0000  -0.0000  -0.0000  -0.0000   0.0000   0.0000  -0.0000   0.0000    0.212
   242   0.0000   9.4916   0.5095  -0.0000  -0.0000  -0.0000  -0.0000   0.0000   0.0000  -0.0000   0.0000   -0.060
   243   0.0000   9.4835   0.6485  -0.0000  -0.0000  -0.0000  -0.0000   0.0000   0.0000  -0.0000  -0.0000   -0.080
   244   0.0000   9.4735   0.7860  -0.0000  -0.0000  -0.0000  -0.0000   0.0000   0.0000  -0.0000  -0.0000   -0.810
   245   0.0000   9.4616   0.9215  -0.0000  -0.0000  -0.0000  -0.0000  -0.0000   0.0000  -0.0000  -0.0000   -0.609
   246   0.0000   9.4478   1.0544  -0.0000   0.0000  -0.0000  -0.0000   0.0000   0.0000  -0.0000  -0.0000   -0.650
   247   0.0000   9.4321   1.1845  -0.0000   0.0000  -0.0000  -0.0000   0.0000   0.0000  -0.0000  -0.0000   -0.422
   248   0.0000   9.4149   1.2715  -0.0000   0.0000  -0.0000  -0.0000  -0.0000   0.0000  -0.0000  -0.0000   -0.627
   249   0.0000   9.3962   1.3909  -0.0000   0.0000  -0.0000  -0.0000  -0.0000   0.0000  -0.0000  -0.0000   -0.760
   250   0.0000   9.3758   1.5062  -0.0000   0.0000  -0.0000  -0.0000  -0.0000   0.0000  -0.0000  -0.0000   -0.964
   251   0.0000   9.3538   1.6173  -0.0000   0.0000  -0.0000  -0.0000   0.0000   0.0000  -0.0000  -0.0000   -0.435
   252   0.0000   9.3301   1.7236  -0.0000   0.0000  -0.0000  -0.0000  -0.0000   0.0000  -0.0000  -0.0000   -0.490
   253   0.0000   9.3050   1.8249  -0.0000   0.0000  -0.0000  -0.0000   0.0000   0.0000  -0.0000  -0.0000   -0.370
   254   0.0000   9.2783   1.9209  -0.0000   0.0000  -0.0000  -0.0000  -0.0000   0.0000  -0.0000  -0.0000   -0.292
   255   0.0000   9.2503   2.0113  -0.0000   0.0000  -0.0000  -0.0000   0.0000   0.0000  -0.0000  -0.0000   -0.316
   256   0.0000   9.2209   2.0959  -0.0000   0.0000  -0.0000  -0.0000  -0.0000   0.0000  -0.0000  -0.0000   -0.583
   257   0.0000   9.1902   2.1743  -0.0000   0.0000  -0.0000  -0.0000   0.0000   0.0000  -0.0000  -0.0000   -0.607
   258   0.0000   9.1584   2.2465  -0.0000   0.0000  -0.0000  -0.0000  -0.0000   0.0000  -0.0000  -0.0000
   259   0.0000   9.1254   2.3123  -0.0000   0.0000  -0.0000  -0.0000   0.0000   0.0000  -0.0000  -0.0000
   260   0.0000   9.0915   2.3714  -0.0000   0.0000  -0.0000  -0.0000   0.0000   0.0000  -0.0000  -0.0000
   261   0.0000   9.0566   2.4238   0.0000   0.0000   0.0000   0.0000   0.0000   0.0000  -0.0000  -0.0000
   262   0.0000   9.0208   2.4694   0.0000   0.0000   0.0000   0.0000  -0.0000   0.0000  -0.0000  -0.0000
   263   0.0000   8.9842   2.5080   0.0000   0.0000   0.0000   0.0000   0.0000   0.0000  -0.0000  -0.0000    1.900
   264   0.0000   8.9470   2.5397   0.0000   0.0000   0.0000   0.0000  -0.0000   0.0000  -0.0000  -0.0000    1.898
   265   0.0000   8.9093   2.5643   0.0000   0.0000   0.0000   0.0000   0.0000   0.0000  -0.0000  -0.0000    1.235
   266   0.0000   8.8710   2.5820   0.0000   0.0000   0.0000   0.0000   0.0000   0.0000  -0.0000  -0.0000    1.006
   267   0.0000   8.8324   2.5928   0.0000   0.0000   0.0000   0.0000   0.0000   0.0000  -0.0000  -0.0000    0.828
   268   0.0000   8.7935   2.5966   0.0000   0.0000   0.0000   0.0000   0.0000   0.0000  -0.0000  -0.0000    0.815
   269   0.0000   8.7544   2.5935   0.0000   0.0000   0.0000   0.0000  -0.0000   0.0000  -0.0000  -0.0000    0.751
   270   0.0000   8.7152   2.5837   0.0000   0.0000   0.0000   0.0000   0.0000   0.0000  -0.0000  -0.0000    0.677
   271   0.0000   8.6761   2.5672   0.0000  -0.0000   0.0000   0.0000   0.0000   0.0000  -0.0000  -0.0000    0.624
   272   0.0000   8.6371   2.5441   0.0000  -0.0000   0.0000   0.0000   0.0000   0.0000  -0.0000  -0.0000    0.574
   273   0.0000   8.5983   2.5147   0.0000  -0.0000   0.0000   0.0000  -0.0000   0.0000  -0.0000  -0.0000    0.541
   274   0.0000   8.5598   2.4789   0.0000   0.0000   0.0000   0.0000   0.0000   0.0000  -0.0000  -0.0000    0.514
   275   0.0000   8.5218   2.4372   0.0000  -0.0000   0.0000   0.0000   0.0000   0.0000  -0.0000  -0.0000    0.488
   276   0.0000   8.4843   2.3895   0.0000   0.0000   0.0000   0.0000   0.0000   0.0000  -0.0000  -0.0000    0.463
   277   0.0000   8.4474   2.3361   0.0000  -0.0000   0.0000   0.0000   0.0000   0.0000  -0.0000  -0.0000    0.441
   278   0.0000   8.4112   2.2772   0.0000  -0.0000   0.0000   0.0000  -0.0000   0.0000  -0.0000  -0.0000    0.411
   279   0.0000   8.3759   2.2130   0.0000  -0.0000   0.0000   0.0000   0.0000   0.0000  -0.0000  -0.0000    0.393
   280   0.0000   8.3415   2.1438   0.0000  -0.0000   0.0000   0.0000  -0.0000   0.0000  -0.0000  -0.0000    0.374
   281   0.0000   8.3161   1.0586   0.0000  -0.0000   0.0000   0.0000  -0.0000   0.0000  -0.0000  -0.0000    0.364
   282   0.0000   8.3408   2.0186   0.0000  -0.0000   0.0000   0.0000  -0.0000   0.0000  -0.0000  -0.0000    0.384
   283   0.0000   8.4051   1.9566   0.0000  -0.0000   0.0000   0.0000  -0.0000   0.0000  -0.0000  -0.0000    0.377
   284   0.0000   8.4668   1.8878   0.0000  -0.0000   0.0000   0.0000   0.0000   0.0000  -0.0000  -0.0000    0.372
   285   0.0000   8.5257   1.8121   0.0000  -0.0000   0.0000   0.0000   0.0000   0.0000  -0.0000  -0.0000    0.371
   286   0.0000   8.5817   1.7299   0.0000  -0.0000   0.0000   0.0000   0.0000   0.0000  -0.0000  -0.0000    0.376
   287   0.0000   8.6348   1.6413   0.0000  -0.0000   0.0000   0.0000  -0.0000   0.0000  -0.0000  -0.0000    0.374
   288   0.0000   8.6846   1.5465   0.0000  -0.0000   0.0000   0.0000   0.0000   0.0000  -0.0000  -0.0000    0.370
   289   0.0000   8.7311   1.4459   0.0000  -0.0000   0.0000   0.0000   0.0000   0.0000  -0.0000  -0.0000    0.384
   290   0.0000   8.7742   1.3399   0.0000  -0.0000   0.0000   0.0000   0.0000   0.0000  -0.0000  -0.0000    0.378
   291   0.0000   8.8137   1.2286   0.0000  -0.0000   0.0000   0.0000  -0.0000   0.0000  -0.0000  -0.0000    0.381
   292   0.0000   8.8496   1.1127   0.0000  -0.0000   0.0000   0.0000  -0.0000   0.0000  -0.0000  -0.0000    0.391
   293   0.0000   8.8817   0.9923   0.0000  -0.0000   0.0000   0.0000  -0.0000   0.0000  -0.0000  -0.0000    0.393
   294   0.0000   8.9100   0.8681   0.0000   0.0000   0.0000   0.0000  -0.0000   0.0000  -0.0000  -0.0000    0.403
   295   0.0000   8.9344   0.7405   0.0000   0.0000   0.0000   0.0000  -0.0000   0.0000  -0.0000  -0.0000    0.419
   296   0.0000   8.9548   0.6099   0.0000   0.0000   0.0000   0.0000  -0.0000   0.0000  -0.0000  -0.0000    0.419
   297   0.0000   8.9713   0.4769   0.0000   0.0000   0.0000   0.0000  -0.0000   0.0000  -0.0000  -0.0000    0.435
   298   0.0000   8.9836   0.3420   0.0000   0.0000   0.0000   0.0000  -0.0000   0.0000  -0.0000  -0.0000    0.445
   299   0.0000   8.9919   0.2058   0.0000   0.0000   0.0000   0.0000  -0.0000   0.0000  -0.0000  -0.0000    0.449
   300   0.0000   8.9960   0.0687   0.0000   0.0000   0.0000   0.0000  -0.0000   0.0000  -0.0000  -0.0000    0.452
 ---------------------------------------------------------------
