 ---------------------------------------------------------------
 Surface and Strip Forces by surface

  Forces referred to Sref, Cref, Bref about Xref, Yref, Zref
 Standard axis orientation,  X fwd, Z down         

  Surface # 1     main_wing                               
     # Chordwise =  5   # Spanwise = 60     First strip =  1
     Surface area =  531.821899       Ave. chord =    8.117932
     CLsurf  =   0.62246     Clsurf  =   0.03503
     CYsurf  =   0.09335     Cmsurf  =   0.96652
     CDsurf  =   0.03169     Cnsurf  =   0.02186
     CDisurf =   0.03169     CDvsurf =   0.00000

  Forces referred to Ssurf, Cave about hinge axis thru LE
     CLsurf  =   0.66645     CDsurf  =   0.03368
     Deflect =

 Strip Forces referred to Strip Area, Chord
    j      Yle    Chord     Area     c cl      ai      cl_norm  cl       cd       cdv    cm_c/4    cm_LE  C.P.x/c
     1 -33.8694   3.4668   0.1562   0.1896   0.0279   0.0680   0.0527   0.0162   0.0000  -0.0001  -0.0121    0.251
     2 -33.7795   3.4884   0.4712   0.5661   0.0257   0.2059   0.1595   0.0299   0.0000  -0.0006  -0.0361    0.254
     3 -33.5999   3.5316   0.7937   0.9347   0.0213   0.3382   0.2620   0.0384   0.0000  -0.0017  -0.0596    0.257
     4 -33.3310   3.5963   1.1284   1.2930   0.0170   0.4611   0.3572   0.0445   0.0000  -0.0032  -0.0817    0.259
     5 -32.9737   3.6822   1.4800   1.6402   0.0134   0.5728   0.4437   0.0486   0.0000  -0.0043  -0.1017    0.260
     6 -32.5289   3.7892   1.8529   1.9764   0.0115   0.6719   0.5205   0.0513   0.0000  -0.0051  -0.1191    0.260
     7 -31.9979   3.9169   2.2511   2.3032   0.0122   0.7588   0.5878   0.0521   0.0000  -0.0055  -0.1340    0.259
     8 -31.3820   4.0650   2.6784   2.6225   0.0164   0.8337   0.6458   0.0518   0.0000  -0.0057  -0.1467    0.259
     9 -30.6830   4.2331   3.1377   2.9367   0.0246   0.8977   0.6954   0.0507   0.0000  -0.0057  -0.1574    0.258
    10 -29.9028   4.4207   3.6318   3.2482   0.0359   0.9516   0.7372   0.0498   0.0000  -0.0057  -0.1664    0.258
    11 -29.0436   4.6274   4.1628   3.5592   0.0480   0.9971   0.7724   0.0483   0.0000  -0.0056  -0.1739    0.257
    12 -28.1076   4.8525   4.7322   3.8730   0.0589   1.0354   0.8021   0.0466   0.0000  -0.0056  -0.1802    0.257
    13 -27.0975   5.0954   5.3406   4.1915   0.0674   1.0681   0.8274   0.0436   0.0000  -0.0055  -0.1855    0.257
    14 -26.0160   5.3555   5.9884   4.5170   0.0736   1.0959   0.8489   0.0417   0.0000  -0.0057  -0.1902    0.257
    15 -24.8660   5.6320   6.6749   4.8498   0.0776   1.1188   0.8667   0.0428   0.0000  -0.0059  -0.1943    0.257
    16 -23.6509   5.9243   7.3989   5.1934   0.0802   1.1397   0.8828   0.0405   0.0000  -0.0062  -0.1979    0.257
    17 -22.3737   6.2314   8.1583   5.5510   0.0819   1.1581   0.8971   0.0411   0.0000  -0.0065  -0.2014    0.257
    18 -21.0382   6.5526   8.9505   5.9222   0.0835   1.1754   0.9105   0.0397   0.0000  -0.0071  -0.2047    0.258
    19 -19.6479   6.8870   9.7721   6.3179   0.0855   1.1934   0.9244   0.0390   0.0000  -0.0079  -0.2085    0.259
    20 -18.2066   7.2336  10.6191   6.7261   0.0876   1.2096   0.9370   0.0393   0.0000  -0.0092  -0.2124    0.260
    21 -16.7183   7.5915  11.4867   7.1699   0.0890   1.2284   0.9516   0.0409   0.0000  -0.0114  -0.2175    0.262
    22 -15.2178   8.0270  11.9769   7.6711   0.0914   1.2952   0.9631   0.0398   0.0000  -0.0135  -0.2194    0.264
    23 -13.7104   8.5416  13.0453   8.2396   0.1016   1.3074   0.9722   0.0403   0.0000  -0.0145  -0.2223    0.265
    24 -12.1700   9.0674  14.1297   8.8767   0.1161   1.3267   0.9866   0.0411   0.0000  -0.0162  -0.2269    0.266
    25 -10.6007   9.6031  15.2212   9.5701   0.1475   1.3506   1.0043   0.0416   0.0000  -0.0169  -0.2314    0.267
    26  -9.0069  10.1472  16.3110  10.0888   0.1527   1.3485   1.0027   0.0372   0.0000  -0.0016  -0.2172    0.252
    27  -7.3929  10.6981  17.3891  10.4085   0.1334   1.3220   0.9831   0.0261   0.0000   0.0262  -0.1880    0.223
    28  -5.7632  11.2544  18.4457  10.7280   0.1263   1.2981   0.9653   0.0134   0.0000   0.0564  -0.1569    0.192
    29  -4.1222  11.8146  19.4706  11.0575   0.1662   1.2833   0.9542  -0.0240   0.0000   0.0964  -0.1175    0.149
    30  -2.4745  12.3771  20.4537  10.3838   0.1400   1.2110   0.9005  -0.2799   0.0000   0.2942   0.0795   -0.077
    31  -0.8244  12.9404  21.3846  15.6384   0.1578   1.6046   1.1932   0.1921   0.0000   0.1590  -0.1212    0.117
    32   0.9182  12.9083  23.7257  -2.7681   0.1375  -0.2374  -0.2009  -0.0958   0.0000   0.0387   0.0810    0.443
    33   2.7484  12.2836  22.4535   3.1704   0.1344   0.2588   0.2190   0.2456   0.0000  -0.1275  -0.1699    0.832
    34   4.4877  11.7153  19.4048   2.1304   0.1303   0.2062   0.1799   0.0271   0.0000  -0.0578  -0.0929    0.571
    35   6.1324  11.2044  18.3531   2.4731   0.1260   0.2492   0.2175   0.0378   0.0000  -0.0410  -0.0861    0.438
    36   7.7566  10.6999  17.2824   2.8647   0.1218   0.3025   0.2639   0.0450   0.0000  -0.0331  -0.0894    0.375
    37   9.3557  10.2031  16.2020   3.1995   0.1177   0.3549   0.3097   0.0495   0.0000  -0.0271  -0.0942    0.337
    38  10.9254   9.7155  15.1207   3.5562   0.1138   0.4153   0.3624   0.0525   0.0000  -0.0215  -0.1008    0.309
    39  12.4615   9.2384  14.0466   3.9103   0.1101   0.4817   0.4203   0.0538   0.0000  -0.0164  -0.1088    0.289
    40  13.9597   8.7730  12.9878   4.2009   0.1068   0.5464   0.4767   0.0538   0.0000  -0.0123  -0.1174    0.276
    41  15.4158   8.3206  11.9513   4.4111   0.1037   0.6062   0.5290   0.0530   0.0000  -0.0092  -0.1261    0.267
    42  16.8260   7.8826  10.9433   4.5426   0.1010   0.6601   0.5760   0.0519   0.0000  -0.0071  -0.1343    0.262
    43  18.1863   7.4600   9.9701   4.6077   0.0984   0.7085   0.6183   0.0504   0.0000  -0.0055  -0.1421    0.259
    44  19.4930   7.0541   9.0360   4.6203   0.0961   0.7523   0.6565   0.0487   0.0000  -0.0044  -0.1494    0.257
    45  20.7425   6.6660   8.1454   4.5904   0.0936   0.7918   0.6909   0.0470   0.0000  -0.0038  -0.1563    0.255
    46  22.2285   6.2664  10.9447   4.5019   0.0928   0.8529   0.7220   0.0423   0.0000  -0.0028  -0.1601    0.254
    47  23.9231   5.8588   9.6545   4.3831   0.0955   0.8894   0.7528   0.0384   0.0000   0.0008  -0.1634    0.249
    48  25.2257   5.5456   5.3842   4.2241   0.0992   0.9069   0.7677   0.0322   0.0000   0.0045  -0.1631    0.244
    49  26.1614   5.3206   4.8063   4.0625   0.1030   0.9097   0.7701   0.0292   0.0000   0.0082  -0.1601    0.239
    50  27.0284   5.1121   4.2600   3.8746   0.1075   0.9037   0.7650   0.0257   0.0000   0.0126  -0.1549    0.233
    51  27.8244   4.9206   3.7446   3.6591   0.1126   0.8875   0.7513   0.0212   0.0000   0.0179  -0.1470    0.226
    52  28.5471   4.7468   3.2592   3.4091   0.1180   0.8582   0.7264   0.0154   0.0000   0.0238  -0.1362    0.217
    53  29.1945   4.5911   2.8021   3.1241   0.1234   0.8142   0.6892   0.0093   0.0000   0.0299  -0.1224    0.207
    54  29.7650   4.4539   2.3712   2.8046   0.1284   0.7544   0.6386   0.0038   0.0000   0.0356  -0.1062    0.194
    55  30.2570   4.3356   1.9639   2.4471   0.1329   0.6776   0.5736  -0.0030   0.0000   0.0396  -0.0882    0.181
    56  30.6690   4.2365   1.5773   2.0560   0.1367   0.5838   0.4942  -0.0083   0.0000   0.0411  -0.0696    0.167
    57  30.9999   4.1569   1.2082   1.6337   0.1398   0.4742   0.4014  -0.0139   0.0000   0.0387  -0.0515    0.154
    58  31.2490   4.0971   0.8529   1.1868   0.1421   0.3515   0.2976  -0.0198   0.0000   0.0320  -0.0348    0.143
    59  31.4154   4.0570   0.5077   0.7199   0.1435   0.2184   0.1849  -0.0271   0.0000   0.0210  -0.0201    0.137
    60  31.4987   4.0370   0.1685   0.2412   0.1442   0.0769   0.0651  -0.0254   0.0000   0.0073  -0.0066    0.138

  Surface # 2     main_wing (YDUP)                        
     # Chordwise =  5   # Spanwise = 60     First strip = 61
     Surface area =  531.821899       Ave. chord =    8.117932
     CLsurf  =   0.62246     Clsurf  =  -0.03503
     CYsurf  =  -0.09335     Cmsurf  =   0.96652
     CDsurf  =   0.03169     Cnsurf  =  -0.02186
     CDisurf =   0.03169     CDvsurf =   0.00000

  Forces referred to Ssurf, Cave about hinge axis thru LE
     CLsurf  =   0.66645     CDsurf  =   0.03368
     Deflect =

 Strip Forces referred to Strip Area, Chord
    j      Yle    Chord     Area     c cl      ai      cl_norm  cl       cd       cdv    cm_c/4    cm_LE  C.P.x/c
    61  33.8694   3.4668   0.1562   0.1896   0.0279   0.0680   0.0527   0.0162   0.0000  -0.0001   0.0121    0.251
    62  33.7795   3.4884   0.4712   0.5661   0.0257   0.2059   0.1595   0.0299   0.0000  -0.0006   0.0361    0.254
    63  33.5999   3.5316   0.7937   0.9347   0.0213   0.3382   0.2620   0.0384   0.0000  -0.0017   0.0596    0.257
    64  33.3310   3.5963   1.1284   1.2930   0.0170   0.4611   0.3572   0.0445   0.0000  -0.0032   0.0817    0.259
    65  32.9737   3.6822   1.4800   1.6402   0.0134   0.5728   0.4437   0.0486   0.0000  -0.0043   0.1017    0.260
    66  32.5289   3.7892   1.8529   1.9764   0.0115   0.6719   0.5205   0.0513   0.0000  -0.0051   0.1191    0.260
    67  31.9979   3.9169   2.2511   2.3032   0.0122   0.7588   0.5878   0.0521   0.0000  -0.0055   0.1340    0.259
    68  31.3820   4.0650   2.6784   2.6225   0.0164   0.8337   0.6458   0.0518   0.0000  -0.0057   0.1467    0.259
    69  30.6830   4.2331   3.1377   2.9367   0.0246   0.8977   0.6954   0.0507   0.0000  -0.0057   0.1574    0.258
    70  29.9028   4.4207   3.6318   3.2482   0.0359   0.9516   0.7372   0.0498   0.0000  -0.0057   0.1664    0.258
    71  29.0436   4.6274   4.1628   3.5592   0.0480   0.9970   0.7724   0.0483   0.0000  -0.0056   0.1739    0.257
    72  28.1076   4.8525   4.7322   3.8730   0.0589   1.0354   0.8021   0.0466   0.0000  -0.0056   0.1802    0.257
    73  27.0975   5.0954   5.3406   4.1915   0.0674   1.0681   0.8274   0.0436   0.0000  -0.0055   0.1855    0.257
    74  26.0160   5.3555   5.9884   4.5170   0.0736   1.0959   0.8489   0.0417   0.0000  -0.0057   0.1902    0.257
    75  24.8660   5.6320   6.6749   4.8498   0.0776   1.1188   0.8667   0.0428   0.0000  -0.0059   0.1943    0.257
    76  23.6509   5.9243   7.3989   5.1934   0.0802   1.1397   0.8828   0.0405   0.0000  -0.0062   0.1979    0.257
    77  22.3737   6.2314   8.1583   5.5510   0.0819   1.1581   0.8971   0.0411   0.0000  -0.0065   0.2014    0.257
    78  21.0382   6.5526   8.9505   5.9222   0.0835   1.1754   0.9105   0.0397   0.0000  -0.0071   0.2047    0.258
    79  19.6479   6.8870   9.7721   6.3179   0.0855   1.1934   0.9244   0.0390   0.0000  -0.0079   0.2085    0.259
    80  18.2066   7.2336  10.6191   6.7261   0.0876   1.2096   0.9370   0.0393   0.0000  -0.0092   0.2124    0.260
    81  16.7183   7.5915  11.4867   7.1699   0.0890   1.2284   0.9516   0.0409   0.0000  -0.0114   0.2175    0.262
    82  15.2178   8.0270  11.9769   7.6711   0.0914   1.2952   0.9631   0.0398   0.0000  -0.0135   0.2194    0.264
    83  13.7104   8.5416  13.0453   8.2396   0.1016   1.3074   0.9722   0.0403   0.0000  -0.0145   0.2223    0.265
    84  12.1700   9.0674  14.1297   8.8767   0.1161   1.3267   0.9866   0.0411   0.0000  -0.0162   0.2269    0.266
    85  10.6007   9.6031  15.2212   9.5701   0.1475   1.3506   1.0043   0.0416   0.0000  -0.0169   0.2314    0.267
    86   9.0069  10.1472  16.3110  10.0888   0.1527   1.3485   1.0027   0.0372   0.0000  -0.0016   0.2172    0.252
    87   7.3929  10.6981  17.3891  10.4085   0.1334   1.3220   0.9831   0.0261   0.0000   0.0261   0.1880    0.223
    88   5.7632  11.2544  18.4457  10.7280   0.1263   1.2981   0.9653   0.0134   0.0000   0.0564   0.1569    0.192
    89   4.1222  11.8146  19.4706  11.0575   0.1662   1.2833   0.9543  -0.0240   0.0000   0.0964   0.1175    0.149
    90   2.4745  12.3771  20.4537  10.3838   0.1400   1.2110   0.9005  -0.2799   0.0000   0.2942  -0.0795   -0.077
    91   0.8244  12.9404  21.3846  15.6385   0.1578   1.6046   1.1932   0.1921   0.0000   0.1590   0.1212    0.117
    92  -0.9182  12.9083  23.7257  -2.7681   0.1375  -0.2374  -0.2009  -0.0958   0.0000   0.0387  -0.0810    0.443
    93  -2.7484  12.2836  22.4535   3.1704   0.1344   0.2588   0.2190   0.2456   0.0000  -0.1275   0.1699    0.832
    94  -4.4877  11.7153  19.4048   2.1305   0.1303   0.2062   0.1799   0.0271   0.0000  -0.0578   0.0929    0.571
    95  -6.1324  11.2044  18.3531   2.4731   0.1260   0.2492   0.2175   0.0378   0.0000  -0.0410   0.0861    0.438
    96  -7.7566  10.6999  17.2824   2.8647   0.1218   0.3025   0.2639   0.0450   0.0000  -0.0331   0.0894    0.375
    97  -9.3557  10.2031  16.2020   3.1995   0.1177   0.3549   0.3097   0.0495   0.0000  -0.0271   0.0942    0.337
    98 -10.9254   9.7155  15.1207   3.5562   0.1138   0.4153   0.3624   0.0525   0.0000  -0.0215   0.1008    0.309
    99 -12.4615   9.2384  14.0466   3.9103   0.1101   0.4817   0.4203   0.0538   0.0000  -0.0164   0.1088    0.289
   100 -13.9597   8.7730  12.9878   4.2009   0.1068   0.5464   0.4767   0.0538   0.0000  -0.0123   0.1174    0.276
   101 -15.4158   8.3206  11.9513   4.4111   0.1037   0.6062   0.5290   0.0530   0.0000  -0.0092   0.1261    0.267
   102 -16.8260   7.8826  10.9433   4.5426   0.1010   0.6601   0.5760   0.0519   0.0000  -0.0071   0.1343    0.262
   103 -18.1863   7.4600   9.9701   4.6077   0.0984   0.7085   0.6183   0.0504   0.0000  -0.0055   0.1421    0.259
   104 -19.4930   7.0541   9.0360   4.6203   0.0961   0.7523   0.6565   0.0487   0.0000  -0.0044   0.1494    0.257
   105 -20.7425   6.6660   8.1454   4.5904   0.0936   0.7918   0.6909   0.0470   0.0000  -0.0038   0.1563    0.255
   106 -22.2285   6.2664  10.9447   4.5019   0.0928   0.8529   0.7220   0.0423   0.0000  -0.0028   0.1601    0.254
   107 -23.9231   5.8588   9.6545   4.3831   0.0955   0.8894   0.7528   0.0384   0.0000   0.0008   0.1634    0.249
   108 -25.2257   5.5456   5.3842   4.2241   0.0992   0.9069   0.7677   0.0322   0.0000   0.0045   0.1631    0.244
   109 -26.1614   5.3206   4.8063   4.0625   0.1030   0.9097   0.7701   0.0292   0.0000   0.0082   0.1601    0.239
   110 -27.0284   5.1121   4.2600   3.8746   0.1075   0.9037   0.7650   0.0257   0.0000   0.0126   0.1549    0.233
   111 -27.8244   4.9206   3.7446   3.6591   0.1126   0.8875   0.7513   0.0212   0.0000   0.0179   0.1470    0.226
   112 -28.5471   4.7468   3.2592   3.4091   0.1180   0.8582   0.7264   0.0154   0.0000   0.0238   0.1362    0.217
   113 -29.1945   4.5911   2.8021   3.1241   0.1234   0.8142   0.6892   0.0093   0.0000   0.0299   0.1224    0.207
   114 -29.7650   4.4539   2.3712   2.8046   0.1284   0.7544   0.6386   0.0038   0.0000   0.0356   0.1062    0.194
   115 -30.2570   4.3356   1.9639   2.4471   0.1329   0.6776   0.5736  -0.0030   0.0000   0.0396   0.0882    0.181
   116 -30.6690   4.2365   1.5773   2.0560   0.1367   0.5838   0.4942  -0.0083   0.0000   0.0411   0.0696    0.167
   117 -30.9999   4.1569   1.2082   1.6336   0.1398   0.4742   0.4014  -0.0139   0.0000   0.0387   0.0515    0.154
   118 -31.2490   4.0971   0.8529   1.1868   0.1421   0.3515   0.2976  -0.0198   0.0000   0.0320   0.0348    0.143
   119 -31.4154   4.0570   0.5077   0.7199   0.1435   0.2184   0.1849  -0.0271   0.0000   0.0210   0.0201    0.137
   120 -31.4987   4.0370   0.1685   0.2412   0.1442   0.0769   0.0651  -0.0254   0.0000   0.0073   0.0066    0.138

  Surface # 3     horizontal_stabilizer                   
     # Chordwise =  5   # Spanwise = 60     First strip =121
     Surface area =   43.732090       Ave. chord =    4.269336
     CLsurf  =   0.03531     Clsurf  =  -0.00241
     CYsurf  =  -0.00049     Cmsurf  =  -0.13276
     CDsurf  =   0.00388     Cnsurf  =  -0.00005
     CDisurf =   0.00388     CDvsurf =   0.00000

  Forces referred to Ssurf, Cave about hinge axis thru LE
     CLsurf  =   0.45648     CDsurf  =   0.05012
     Deflect =

 Strip Forces referred to Strip Area, Chord
    j      Yle    Chord     Area     c cl      ai      cl_norm  cl       cd       cdv    cm_c/4    cm_LE  C.P.x/c
   121   0.0017   6.4035   0.0424   2.3895   0.1191  -0.2197  -0.1717   3.1226   0.0000  -0.0220  -0.0971    0.122
   122   0.0149   6.3980   0.1269   2.3969   0.1193   0.4013   0.3139   0.3772   0.0000  -0.0214  -0.0969    0.318
   123   0.0413   6.3870   0.2107   2.3977   0.1198   0.4516   0.3531   0.1595   0.0000  -0.0214  -0.0970    0.311
   124   0.0808   6.3705   0.2934   2.3973   0.1203   0.4659   0.3643   0.1012   0.0000  -0.0212  -0.0971    0.308
   125   0.1334   6.3486   0.3745   2.3966   0.1210   0.4731   0.3699   0.0762   0.0000  -0.0209  -0.0970    0.306
   126   0.1988   6.3213   0.4537   2.4008   0.1217   0.4787   0.3742   0.0647   0.0000  -0.0206  -0.0973    0.305
   127   0.2769   6.2888   0.5305   2.4010   0.1224   0.4825   0.3772   0.0592   0.0000  -0.0199  -0.0972    0.303
   128   0.3674   6.2510   0.6045   2.4021   0.1230   0.4861   0.3800   0.0577   0.0000  -0.0193  -0.0971    0.301
   129   0.4702   6.2082   0.6754   2.4013   0.1237   0.4902   0.3833   0.0538   0.0000  -0.0184  -0.0969    0.298
   130   0.5850   6.1604   0.7429   2.3998   0.1243   0.4938   0.3861   0.0537   0.0000  -0.0175  -0.0967    0.295
   131   0.7113   6.1077   0.8065   2.4031   0.1248   0.4992   0.3903   0.0523   0.0000  -0.0163  -0.0965    0.292
   132   0.8490   6.0503   0.8661   2.4025   0.1253   0.5042   0.3942   0.0510   0.0000  -0.0152  -0.0964    0.289
   133   1.0027   5.9862   0.9844   2.3986   0.1258   0.5085   0.3976   0.0526   0.0000  -0.0141  -0.0962    0.285
   134   1.1727   5.9153   1.0378   2.3979   0.1263   0.5151   0.4027   0.0504   0.0000  -0.0128  -0.0961    0.282
   135   1.3535   5.8400   1.0860   2.3947   0.1267   0.5210   0.4074   0.0510   0.0000  -0.0115  -0.0960    0.278
   136   1.5445   5.7604   1.1288   2.3914   0.1270   0.5277   0.4126   0.0510   0.0000  -0.0104  -0.0961    0.275
   137   1.7453   5.6767   1.1661   2.3859   0.1274   0.5350   0.4183   0.0479   0.0000  -0.0092  -0.0962    0.272
   138   1.9552   5.5892   1.1979   2.3799   0.1276   0.5419   0.4237   0.0492   0.0000  -0.0082  -0.0965    0.269
   139   2.1737   5.4981   1.2240   2.3766   0.1279   0.5504   0.4303   0.0488   0.0000  -0.0071  -0.0970    0.266
   140   2.4003   5.4037   1.2446   2.3652   0.1281   0.5576   0.4360   0.0482   0.0000  -0.0062  -0.0973    0.264
   141   2.6343   5.3061   1.2597   2.3494   0.1282   0.5642   0.4411   0.0480   0.0000  -0.0054  -0.0978    0.262
   142   2.8750   5.2058   1.2693   2.3376   0.1284   0.5724   0.4476   0.0477   0.0000  -0.0046  -0.0984    0.260
   143   3.1217   5.1030   1.2736   2.3221   0.1284   0.5799   0.4534   0.0489   0.0000  -0.0037  -0.0989    0.258
   144   3.3739   4.9978   1.2727   2.3047   0.1285   0.5878   0.4596   0.0491   0.0000  -0.0030  -0.0996    0.257
   145   3.6309   4.8907   1.2668   2.2851   0.1286   0.5965   0.4664   0.0457   0.0000  -0.0024  -0.1003    0.255
   146   3.8918   4.7820   1.2561   2.2626   0.1286   0.6039   0.4721   0.0471   0.0000  -0.0017  -0.1010    0.254
   147   4.1560   4.6718   1.2409   2.2430   0.1287   0.6134   0.4796   0.0451   0.0000  -0.0011  -0.1020    0.252
   148   4.4228   4.5606   1.2215   2.2620   0.1288   0.6327   0.4947   0.0506   0.0000  -0.0056  -0.1091    0.261
   149   4.6915   4.4486   1.1980   2.1884   0.1288   0.6287   0.4916   0.0450   0.0000   0.0003  -0.1033    0.249
   150   4.9613   4.3362   1.1710   2.1514   0.1289   0.6345   0.4960   0.0439   0.0000   0.0005  -0.1040    0.249
   151   5.2314   4.2236   1.1406   2.1193   0.1291   0.6411   0.5012   0.0471   0.0000   0.0013  -0.1045    0.247
   152   5.5012   4.1111   1.1072   2.0945   0.1293   0.6513   0.5092   0.0459   0.0000   0.0021  -0.1054    0.246
   153   5.7698   3.9992   1.0711   2.0451   0.1295   0.6546   0.5118   0.0424   0.0000   0.0026  -0.1054    0.245
   154   6.0367   3.8879   1.0327   2.0073   0.1299   0.6606   0.5165   0.0441   0.0000   0.0034  -0.1058    0.244
   155   6.3009   3.7778   0.9923   2.3428   0.1303   0.7914   0.6188   0.0622   0.0000  -0.0416  -0.1656    0.317
   156   6.5618   3.6690   0.9503   1.9228   0.1308   0.6706   0.5243   0.0446   0.0000   0.0050  -0.1061    0.241
   157   6.8188   3.5619   0.9070   1.8745   0.1314   0.6740   0.5270   0.0422   0.0000   0.0059  -0.1058    0.239
   158   7.0710   3.4568   0.8627   1.8012   0.1322   0.6685   0.5226   0.0367   0.0000   0.0102  -0.1011    0.231
   159   7.3177   3.3540   0.8178   1.7739   0.1330   0.6776   0.5298   0.0414   0.0000   0.0080  -0.1046    0.235
   160   7.5584   3.2536   0.7724   1.7185   0.1340   0.6766   0.5290   0.0415   0.0000   0.0093  -0.1033    0.232
   161   7.7924   3.1561   0.7270   1.6630   0.1352   0.6757   0.5283   0.0383   0.0000   0.0110  -0.1016    0.229
   162   8.0189   3.0617   0.6816   1.6035   0.1364   0.6711   0.5247   0.0400   0.0000   0.0126  -0.0996    0.226
   163   8.2375   2.9706   0.6366   1.5387   0.1378   0.6640   0.5192   0.0386   0.0000   0.0142  -0.0970    0.223
   164   8.4474   2.8831   0.5922   1.4697   0.1392   0.6544   0.5117   0.0336   0.0000   0.0162  -0.0937    0.218
   165   8.6482   2.7994   0.5486   1.4075   0.1407   0.6451   0.5044   0.0348   0.0000   0.0183  -0.0904    0.214
   166   8.8392   2.7198   0.5057   1.3458   0.1423   0.6355   0.4969   0.0318   0.0000   0.0191  -0.0881    0.212
   167   9.0200   2.6444   0.4639   1.2568   0.1438   0.6102   0.4771   0.0313   0.0000   0.0227  -0.0809    0.202
   168   9.1900   2.5736   0.4232   1.1810   0.1454   0.5897   0.4611   0.0278   0.0000   0.0250  -0.0755    0.196
   169   9.3488   2.5074   0.3837   1.0963   0.1469   0.5627   0.4400   0.0228   0.0000   0.0267  -0.0695    0.189
   170   9.4948   2.4465   0.3399   1.0179   0.1483   0.5355   0.4187   0.0216   0.0000   0.0286  -0.0635    0.182
   171   9.6277   2.3911   0.3034   0.9297   0.1496   0.5012   0.3918   0.0170   0.0000   0.0298  -0.0568    0.174
   172   9.7485   2.3408   0.2680   0.8385   0.1509   0.4622   0.3614   0.0133   0.0000   0.0303  -0.0499    0.166
   173   9.8566   2.2957   0.2336   0.7482   0.1520   0.4205   0.3287   0.0126   0.0000   0.0303  -0.0431    0.158
   174   9.9519   2.2560   0.2003   0.6907   0.1530   0.3954   0.3091   0.0100   0.0000   0.0212  -0.0466    0.181
   175  10.0341   2.2217   0.1678   0.5570   0.1539   0.3248   0.2540   0.0034   0.0000   0.0272  -0.0299    0.143
   176  10.1029   2.1930   0.1361   0.4586   0.1546   0.2718   0.2125  -0.0009   0.0000   0.0241  -0.0237    0.137
   177  10.1582   2.1700   0.1052   0.3585   0.1552   0.2161   0.1690  -0.0068   0.0000   0.0199  -0.0180    0.132
   178  10.1998   2.1526   0.0747   0.2567   0.1556   0.1576   0.1232  -0.0121   0.0000   0.0148  -0.0126    0.130
   179  10.2276   2.1410   0.0447   0.1540   0.1558   0.0972   0.0760  -0.0165   0.0000   0.0091  -0.0075    0.130
   180  10.2416   2.1352   0.0149   0.0514   0.1559   0.0344   0.0269  -0.0142   0.0000   0.0031  -0.0025    0.136

  Surface # 4     horizontal_stabilizer (YDUP)            
     # Chordwise =  5   # Spanwise = 60     First strip =181
     Surface area =   43.732090       Ave. chord =    4.269336
     CLsurf  =   0.03531     Clsurf  =   0.00241
     CYsurf  =   0.00049     Cmsurf  =  -0.13276
     CDsurf  =   0.00388     Cnsurf  =   0.00005
     CDisurf =   0.00388     CDvsurf =   0.00000

  Forces referred to Ssurf, Cave about hinge axis thru LE
     CLsurf  =   0.45648     CDsurf  =   0.05012
     Deflect =

 Strip Forces referred to Strip Area, Chord
    j      Yle    Chord     Area     c cl      ai      cl_norm  cl       cd       cdv    cm_c/4    cm_LE  C.P.x/c
   181  -0.0017   6.4035   0.0424   2.3895   0.1191  -0.2197  -0.1717   3.1226   0.0000  -0.0220   0.0971    0.122
   182  -0.0149   6.3980   0.1269   2.3969   0.1193   0.4013   0.3139   0.3772   0.0000  -0.0214   0.0969    0.318
   183  -0.0413   6.3870   0.2107   2.3977   0.1198   0.4516   0.3531   0.1595   0.0000  -0.0214   0.0970    0.311
   184  -0.0808   6.3705   0.2934   2.3973   0.1203   0.4659   0.3643   0.1012   0.0000  -0.0212   0.0971    0.308
   185  -0.1334   6.3486   0.3745   2.3966   0.1210   0.4731   0.3699   0.0762   0.0000  -0.0209   0.0970    0.306
   186  -0.1988   6.3213   0.4537   2.4008   0.1217   0.4787   0.3742   0.0647   0.0000  -0.0206   0.0973    0.305
   187  -0.2769   6.2888   0.5305   2.4010   0.1224   0.4825   0.3772   0.0592   0.0000  -0.0199   0.0972    0.303
   188  -0.3674   6.2510   0.6045   2.4021   0.1230   0.4861   0.3800   0.0577   0.0000  -0.0193   0.0971    0.301
   189  -0.4702   6.2082   0.6754   2.4013   0.1237   0.4902   0.3833   0.0538   0.0000  -0.0184   0.0969    0.298
   190  -0.5850   6.1604   0.7429   2.3998   0.1243   0.4938   0.3861   0.0537   0.0000  -0.0175   0.0967    0.295
   191  -0.7113   6.1077   0.8065   2.4031   0.1248   0.4992   0.3903   0.0523   0.0000  -0.0163   0.0965    0.292
   192  -0.8490   6.0503   0.8661   2.4025   0.1253   0.5042   0.3942   0.0510   0.0000  -0.0152   0.0964    0.289
   193  -1.0027   5.9862   0.9844   2.3986   0.1258   0.5085   0.3976   0.0526   0.0000  -0.0141   0.0962    0.285
   194  -1.1727   5.9153   1.0378   2.3979   0.1263   0.5151   0.4027   0.0504   0.0000  -0.0128   0.0961    0.282
   195  -1.3535   5.8400   1.0860   2.3947   0.1267   0.5210   0.4074   0.0510   0.0000  -0.0115   0.0960    0.278
   196  -1.5445   5.7604   1.1288   2.3914   0.1270   0.5277   0.4126   0.0510   0.0000  -0.0104   0.0961    0.275
   197  -1.7453   5.6767   1.1661   2.3859   0.1274   0.5350   0.4183   0.0479   0.0000  -0.0092   0.0962    0.272
   198  -1.9552   5.5892   1.1979   2.3799   0.1276   0.5419   0.4237   0.0492   0.0000  -0.0082   0.0965    0.269
   199  -2.1737   5.4981   1.2240   2.3766   0.1279   0.5504   0.4303   0.0488   0.0000  -0.0071   0.0970    0.266
   200  -2.4003   5.4037   1.2446   2.3652   0.1281   0.5576   0.4360   0.0482   0.0000  -0.0062   0.0973    0.264
   201  -2.6343   5.3061   1.2597   2.3494   0.1282   0.5642   0.4411   0.0480   0.0000  -0.0054   0.0978    0.262
   202  -2.8750   5.2058   1.2693   2.3376   0.1284   0.5724   0.4476   0.0477   0.0000  -0.0046   0.0984    0.260
   203  -3.1217   5.1030   1.2736   2.3221   0.1284   0.5799   0.4534   0.0489   0.0000  -0.0037   0.0989    0.258
   204  -3.3739   4.9978   1.2727   2.3047   0.1285   0.5878   0.4596   0.0491   0.0000  -0.0030   0.0996    0.257
   205  -3.6309   4.8907   1.2668   2.2851   0.1286   0.5965   0.4664   0.0457   0.0000  -0.0024   0.1003    0.255
   206  -3.8918   4.7820   1.2561   2.2626   0.1286   0.6039   0.4721   0.0471   0.0000  -0.0017   0.1010    0.254
   207  -4.1560   4.6718   1.2409   2.2430   0.1287   0.6134   0.4796   0.0451   0.0000  -0.0011   0.1020    0.252
   208  -4.4228   4.5606   1.2215   2.2620   0.1288   0.6327   0.4947   0.0506   0.0000  -0.0056   0.1091    0.261
   209  -4.6915   4.4486   1.1980   2.1884   0.1288   0.6287   0.4916   0.0450   0.0000   0.0003   0.1033    0.249
   210  -4.9613   4.3362   1.1710   2.1514   0.1289   0.6345   0.4960   0.0439   0.0000   0.0005   0.1040    0.249
   211  -5.2314   4.2236   1.1406   2.1193   0.1291   0.6411   0.5012   0.0471   0.0000   0.0013   0.1045    0.247
   212  -5.5012   4.1111   1.1072   2.0945   0.1293   0.6513   0.5092   0.0459   0.0000   0.0021   0.1054    0.246
   213  -5.7698   3.9992   1.0711   2.0450   0.1295   0.6546   0.5118   0.0424   0.0000   0.0026   0.1054    0.245
   214  -6.0367   3.8879   1.0327   2.0073   0.1299   0.6606   0.5165   0.0441   0.0000   0.0034   0.1058    0.244
   215  -6.3009   3.7778   0.9923   2.3428   0.1303   0.7914   0.6188   0.0622   0.0000  -0.0416   0.1656    0.317
   216  -6.5618   3.6690   0.9503   1.9228   0.1308   0.6706   0.5243   0.0446   0.0000   0.0050   0.1061    0.241
   217  -6.8188   3.5619   0.9070   1.8745   0.1314   0.6740   0.5270   0.0422   0.0000   0.0059   0.1058    0.239
   218  -7.0710   3.4568   0.8627   1.8012   0.1322   0.6684   0.5226   0.0367   0.0000   0.0102   0.1011    0.231
   219  -7.3177   3.3540   0.8178   1.7739   0.1330   0.6776   0.5298   0.0414   0.0000   0.0080   0.1046    0.235
   220  -7.5584   3.2536   0.7724   1.7184   0.1340   0.6766   0.5290   0.0415   0.0000   0.0093   0.1033    0.232
   221  -7.7924   3.1561   0.7270   1.6630   0.1352   0.6757   0.5283   0.0383   0.0000   0.0110   0.1016    0.229
   222  -8.0189   3.0617   0.6816   1.6034   0.1364   0.6711   0.5247   0.0400   0.0000   0.0126   0.0996    0.226
   223  -8.2375   2.9706   0.6366   1.5387   0.1378   0.6640   0.5192   0.0386   0.0000   0.0142   0.0970    0.223
   224  -8.4474   2.8831   0.5922   1.4697   0.1392   0.6544   0.5117   0.0336   0.0000   0.0162   0.0937    0.218
   225  -8.6482   2.7994   0.5486   1.4075   0.1407   0.6451   0.5044   0.0348   0.0000   0.0183   0.0904    0.214
   226  -8.8392   2.7198   0.5057   1.3458   0.1423   0.6355   0.4969   0.0318   0.0000   0.0191   0.0881    0.212
   227  -9.0200   2.6444   0.4639   1.2568   0.1438   0.6102   0.4771   0.0313   0.0000   0.0227   0.0809    0.202
   228  -9.1900   2.5736   0.4232   1.1810   0.1454   0.5897   0.4611   0.0278   0.0000   0.0250   0.0755    0.196
   229  -9.3488   2.5074   0.3837   1.0963   0.1469   0.5627   0.4400   0.0228   0.0000   0.0267   0.0695    0.189
   230  -9.4948   2.4465   0.3399   1.0179   0.1483   0.5355   0.4187   0.0216   0.0000   0.0286   0.0635    0.182
   231  -9.6277   2.3911   0.3034   0.9297   0.1496   0.5012   0.3918   0.0170   0.0000   0.0298   0.0568    0.174
   232  -9.7485   2.3408   0.2680   0.8385   0.1509   0.4622   0.3614   0.0133   0.0000   0.0303   0.0499    0.166
   233  -9.8566   2.2957   0.2336   0.7482   0.1520   0.4205   0.3287   0.0126   0.0000   0.0303   0.0431    0.158
   234  -9.9519   2.2560   0.2003   0.6907   0.1530   0.3954   0.3091   0.0100   0.0000   0.0212   0.0466    0.181
   235 -10.0341   2.2217   0.1678   0.5570   0.1539   0.3248   0.2540   0.0034   0.0000   0.0272   0.0299    0.143
   236 -10.1029   2.1930   0.1361   0.4586   0.1546   0.2718   0.2125  -0.0009   0.0000   0.0241   0.0237    0.137
   237 -10.1582   2.1700   0.1052   0.3585   0.1552   0.2161   0.1690  -0.0068   0.0000   0.0199   0.0180    0.132
   238 -10.1998   2.1526   0.0747   0.2567   0.1556   0.1576   0.1232  -0.0121   0.0000   0.0148   0.0126    0.130
   239 -10.2276   2.1410   0.0447   0.1540   0.1558   0.0972   0.0760  -0.0165   0.0000   0.0091   0.0075    0.130
   240 -10.2416   2.1352   0.0149   0.0514   0.1559   0.0344   0.0269  -0.0142   0.0000   0.0031   0.0025    0.136

  Surface # 5     vertical_stabilizer                     
     # Chordwise =  5   # Spanwise = 60     First strip =241
     Surface area =  102.378899       Ave. chord =    8.848652
     CLsurf  =   0.00000     Clsurf  =  -0.00000
     CYsurf  =  -0.00000     Cmsurf  =  -0.00000
     CDsurf  =  -0.00000     Cnsurf  =   0.00000
     CDisurf =  -0.00000     CDvsurf =   0.00000

  Forces referred to Ssurf, Cave about hinge axis thru LE
     CLsurf  =   0.00000     CDsurf  =  -0.00000
     Deflect =

 Strip Forces referred to Strip Area, Chord
    j      Yle    Chord     Area     c cl      ai      cl_norm  cl       cd       cdv    cm_c/4    cm_LE  C.P.x/c
   241   0.0000   9.4977   0.3694  -0.0000   0.0000  -0.0000  -0.0000   0.0000   0.0000  -0.0000  -0.0000   -0.197
   242   0.0000   9.4916   0.5095  -0.0000   0.0000  -0.0000  -0.0000  -0.0000   0.0000  -0.0000  -0.0000   -0.189
   243   0.0000   9.4835   0.6485  -0.0000   0.0000  -0.0000  -0.0000  -0.0000   0.0000  -0.0000   0.0000   -0.136
   244   0.0000   9.4735   0.7860  -0.0000   0.0000  -0.0000  -0.0000  -0.0000   0.0000  -0.0000   0.0000   -0.124
   245   0.0000   9.4616   0.9215  -0.0000   0.0000  -0.0000  -0.0000  -0.0000   0.0000  -0.0000  -0.0000   -0.175
   246   0.0000   9.4478   1.0544  -0.0000  -0.0000  -0.0000  -0.0000  -0.0000   0.0000  -0.0000  -0.0000   -0.213
   247   0.0000   9.4321   1.1845  -0.0000  -0.0000  -0.0000  -0.0000  -0.0000   0.0000  -0.0000  -0.0000   -0.233
   248   0.0000   9.4149   1.2715  -0.0000  -0.0000  -0.0000  -0.0000  -0.0000   0.0000  -0.0000  -0.0000   -0.260
   249   0.0000   9.3962   1.3909  -0.0000  -0.0000  -0.0000  -0.0000  -0.0000   0.0000  -0.0000  -0.0000   -0.389
   250   0.0000   9.3758   1.5062  -0.0000  -0.0000  -0.0000  -0.0000  -0.0000   0.0000  -0.0000  -0.0000   -0.440
   251   0.0000   9.3538   1.6173  -0.0000  -0.0000  -0.0000  -0.0000  -0.0000   0.0000  -0.0000  -0.0000   -0.431
   252   0.0000   9.3301   1.7236  -0.0000  -0.0000  -0.0000  -0.0000  -0.0000   0.0000  -0.0000  -0.0000   -0.496
   253   0.0000   9.3050   1.8249  -0.0000  -0.0000  -0.0000  -0.0000  -0.0000   0.0000  -0.0000  -0.0000   -0.569
   254   0.0000   9.2783   1.9209  -0.0000  -0.0000  -0.0000  -0.0000  -0.0000   0.0000  -0.0000  -0.0000   -0.620
   255   0.0000   9.2503   2.0113  -0.0000  -0.0000  -0.0000  -0.0000  -0.0000   0.0000  -0.0000  -0.0000   -0.992
   256   0.0000   9.2209   2.0959  -0.0000  -0.0000  -0.0000  -0.0000  -0.0000   0.0000  -0.0000  -0.0000
   257   0.0000   9.1902   2.1743  -0.0000  -0.0000  -0.0000  -0.0000  -0.0000   0.0000  -0.0000  -0.0000
   258   0.0000   9.1584   2.2465  -0.0000  -0.0000  -0.0000  -0.0000  -0.0000   0.0000  -0.0000  -0.0000
   259   0.0000   9.1254   2.3123   0.0000  -0.0000   0.0000   0.0000  -0.0000   0.0000  -0.0000  -0.0000
   260   0.0000   9.0915   2.3714   0.0000  -0.0000   0.0000   0.0000  -0.0000   0.0000  -0.0000  -0.0000    1.686
   261   0.0000   9.0566   2.4238   0.0000  -0.0000   0.0000   0.0000   0.0000   0.0000  -0.0000  -0.0000    1.045
   262   0.0000   9.0208   2.4694   0.0000  -0.0000   0.0000   0.0000  -0.0000   0.0000  -0.0000  -0.0000    0.814
   263   0.0000   8.9842   2.5080   0.0000  -0.0000   0.0000   0.0000  -0.0000   0.0000  -0.0000  -0.0000    0.654
   264   0.0000   8.9470   2.5397   0.0000  -0.0000   0.0000   0.0000  -0.0000   0.0000  -0.0000  -0.0000    0.566
   265   0.0000   8.9093   2.5643   0.0000  -0.0000   0.0000   0.0000   0.0000   0.0000  -0.0000  -0.0000    0.467
   266   0.0000   8.8710   2.5820   0.0000  -0.0000   0.0000   0.0000  -0.0000   0.0000  -0.0000  -0.0000    0.444
   267   0.0000   8.8324   2.5928   0.0000  -0.0000   0.0000   0.0000  -0.0000   0.0000  -0.0000  -0.0000    0.432
   268   0.0000   8.7935   2.5966   0.0000  -0.0000   0.0000   0.0000   0.0000   0.0000  -0.0000  -0.0000    0.412
   269   0.0000   8.7544   2.5935   0.0000  -0.0000   0.0000   0.0000  -0.0000   0.0000  -0.0000  -0.0000    0.399
   270   0.0000   8.7152   2.5837   0.0000  -0.0000   0.0000   0.0000  -0.0000   0.0000  -0.0000  -0.0000    0.382
   271   0.0000   8.6761   2.5672   0.0000  -0.0000   0.0000   0.0000   0.0000   0.0000  -0.0000  -0.0000    0.358
   272   0.0000   8.6371   2.5441   0.0000  -0.0000   0.0000   0.0000  -0.0000   0.0000  -0.0000  -0.0000    0.345
   273   0.0000   8.5983   2.5147   0.0000  -0.0000   0.0000   0.0000  -0.0000   0.0000  -0.0000  -0.0000    0.337
   274   0.0000   8.5598   2.4789   0.0000  -0.0000   0.0000   0.0000   0.0000   0.0000  -0.0000  -0.0000    0.326
   275   0.0000   8.5218   2.4372   0.0000  -0.0000   0.0000   0.0000  -0.0000   0.0000  -0.0000  -0.0000    0.312
   276   0.0000   8.4843   2.3895   0.0000  -0.0000   0.0000   0.0000   0.0000   0.0000  -0.0000  -0.0000    0.297
   277   0.0000   8.4474   2.3361   0.0000  -0.0000   0.0000   0.0000   0.0000   0.0000  -0.0000  -0.0000    0.274
   278   0.0000   8.4112   2.2772   0.0000  -0.0000   0.0000   0.0000  -0.0000   0.0000  -0.0000  -0.0000    0.265
   279   0.0000   8.3759   2.2130   0.0000  -0.0000   0.0000   0.0000  -0.0000   0.0000  -0.0000  -0.0000    0.258
   280   0.0000   8.3415   2.1438   0.0000  -0.0000   0.0000   0.0000  -0.0000   0.0000   0.0000  -0.0000    0.245
   281   0.0000   8.3161   1.0586   0.0000  -0.0000   0.0000   0.0000  -0.0000   0.0000   0.0000  -0.0000    0.236
   282   0.0000   8.3408   2.0186   0.0000  -0.0000   0.0000   0.0000  -0.0000   0.0000  -0.0000  -0.0000    0.284
   283   0.0000   8.4051   1.9566   0.0000  -0.0000   0.0000   0.0000  -0.0000   0.0000  -0.0000  -0.0000    0.283
   284   0.0000   8.4668   1.8878   0.0000  -0.0000   0.0000   0.0000   0.0000   0.0000  -0.0000  -0.0000    0.281
   285   0.0000   8.5257   1.8121   0.0000  -0.0000   0.0000   0.0000  -0.0000   0.0000  -0.0000  -0.0000    0.279
   286   0.0000   8.5817   1.7299   0.0000  -0.0000   0.0000   0.0000  -0.0000   0.0000  -0.0000  -0.0000    0.275
   287   0.0000   8.6348   1.6413   0.0000  -0.0000   0.0000   0.0000  -0.0000   0.0000  -0.0000  -0.0000    0.269
   288   0.0000   8.6846   1.5465   0.0000  -0.0000   0.0000   0.0000  -0.0000   0.0000  -0.0000  -0.0000    0.262
   289   0.0000   8.7311   1.4459   0.0000  -0.0000   0.0000   0.0000  -0.0000   0.0000  -0.0000  -0.0000    0.253
   290   0.0000   8.7742   1.3399   0.0000  -0.0000   0.0000   0.0000  -0.0000   0.0000  -0.0000  -0.0000    0.251
   291   0.0000   8.8137   1.2286   0.0000  -0.0000   0.0000   0.0000  -0.0000   0.0000   0.0000  -0.0000    0.247
   292   0.0000   8.8496   1.1127   0.0000  -0.0000   0.0000   0.0000  -0.0000   0.0000   0.0000  -0.0000    0.249
   293   0.0000   8.8817   0.9923   0.0000   0.0000   0.0000   0.0000  -0.0000   0.0000   0.0000  -0.0000    0.249
   294   0.0000   8.9100   0.8681   0.0000   0.0000   0.0000   0.0000   0.0000   0.0000  -0.0000  -0.0000    0.251
   295   0.0000   8.9344   0.7405   0.0000  -0.0000   0.0000   0.0000  -0.0000   0.0000  -0.0000  -0.0000    0.252
   296   0.0000   8.9548   0.6099   0.0000   0.0000   0.0000   0.0000  -0.0000   0.0000  -0.0000  -0.0000    0.251
   297   0.0000   8.9713   0.4769   0.0000   0.0000   0.0000   0.0000  -0.0000   0.0000  -0.0000  -0.0000    0.256
   298   0.0000   8.9836   0.3420   0.0000   0.0000   0.0000   0.0000  -0.0000   0.0000  -0.0000  -0.0000    0.265
   299   0.0000   8.9919   0.2058   0.0000   0.0000   0.0000   0.0000  -0.0000   0.0000  -0.0000  -0.0000    0.255
   300   0.0000   8.9960   0.0687   0.0000   0.0000   0.0000   0.0000  -0.0000   0.0000  -0.0000  -0.0000    0.255
 ---------------------------------------------------------------
