 ---------------------------------------------------------------
 Surface and Strip Forces by surface

  Forces referred to Sref, Cref, Bref about Xref, Yref, Zref
 Standard axis orientation,  X fwd, Z down         

  Surface # 1     main_wing                               
     # Chordwise =  5   # Spanwise = 60     First strip =  1
     Surface area =  531.821899       Ave. chord =    8.117932
     CLsurf  =   0.38674     Clsurf  =   0.02223
     CYsurf  =   0.04975     Cmsurf  =   0.60483
     CDsurf  =   0.01108     Cnsurf  =   0.01216
     CDisurf =   0.01108     CDvsurf =   0.00000

  Forces referred to Ssurf, Cave about hinge axis thru LE
     CLsurf  =   0.41355     CDsurf  =   0.01178
     Deflect =

 Strip Forces referred to Strip Area, Chord
    j      Yle    Chord     Area     c cl      ai      cl_norm  cl       cd       cdv    cm_c/4    cm_LE  C.P.x/c
     1 -33.8694   3.4668   0.1562   0.1262   0.0295   0.0467   0.0359   0.0064   0.0000   0.0004  -0.0077    0.239
     2 -33.7795   3.4884   0.4712   0.3762   0.0276   0.1395   0.1072   0.0121   0.0000   0.0008  -0.0230    0.242
     3 -33.5999   3.5316   0.7937   0.6193   0.0238   0.2274   0.1748   0.0156   0.0000   0.0007  -0.0381    0.246
     4 -33.3310   3.5963   1.1284   0.8534   0.0200   0.3083   0.2369   0.0179   0.0000   0.0002  -0.0522    0.249
     5 -32.9737   3.6822   1.4800   1.0774   0.0165   0.3806   0.2924   0.0191   0.0000  -0.0004  -0.0649    0.251
     6 -32.5289   3.7892   1.8529   1.2914   0.0140   0.4437   0.3409   0.0198   0.0000  -0.0009  -0.0760    0.253
     7 -31.9979   3.9169   2.2511   1.4966   0.0131   0.4978   0.3825   0.0196   0.0000  -0.0012  -0.0854    0.253
     8 -31.3820   4.0650   2.6784   1.6947   0.0146   0.5436   0.4177   0.0191   0.0000  -0.0015  -0.0933    0.254
     9 -30.6830   4.2331   3.1377   1.8878   0.0186   0.5818   0.4470   0.0182   0.0000  -0.0017  -0.0999    0.254
    10 -29.9028   4.4207   3.6318   2.0778   0.0245   0.6134   0.4713   0.0175   0.0000  -0.0018  -0.1053    0.254
    11 -29.0436   4.6274   4.1628   2.2663   0.0310   0.6395   0.4914   0.0165   0.0000  -0.0019  -0.1097    0.254
    12 -28.1076   4.8525   4.7322   2.4560   0.0369   0.6611   0.5079   0.0159   0.0000  -0.0020  -0.1134    0.254
    13 -27.0975   5.0954   5.3406   2.6480   0.0413   0.6790   0.5217   0.0147   0.0000  -0.0020  -0.1165    0.254
    14 -26.0160   5.3555   5.9884   2.8461   0.0445   0.6946   0.5337   0.0138   0.0000  -0.0022  -0.1192    0.254
    15 -24.8660   5.6320   6.6749   3.0456   0.0465   0.7068   0.5431   0.0139   0.0000  -0.0024  -0.1214    0.254
    16 -23.6509   5.9243   7.3989   3.2532   0.0479   0.7179   0.5516   0.0132   0.0000  -0.0026  -0.1234    0.255
    17 -22.3737   6.2314   8.1583   3.4684   0.0488   0.7277   0.5591   0.0130   0.0000  -0.0028  -0.1253    0.255
    18 -21.0382   6.5526   8.9505   3.6944   0.0499   0.7372   0.5665   0.0123   0.0000  -0.0032  -0.1272    0.256
    19 -19.6479   6.8870   9.7721   3.9307   0.0514   0.7463   0.5735   0.0123   0.0000  -0.0036  -0.1291    0.256
    20 -18.2066   7.2336  10.6191   4.1826   0.0530   0.7562   0.5810   0.0119   0.0000  -0.0043  -0.1314    0.257
    21 -16.7183   7.5915  11.4867   4.4466   0.0541   0.7658   0.5885   0.0131   0.0000  -0.0055  -0.1341    0.259
    22 -15.2178   8.0270  11.9769   4.7496   0.0560   0.8070   0.5946   0.0124   0.0000  -0.0065  -0.1349    0.261
    23 -13.7104   8.5416  13.0453   5.0930   0.0624   0.8132   0.5991   0.0125   0.0000  -0.0073  -0.1366    0.262
    24 -12.1700   9.0674  14.1297   5.4775   0.0714   0.8239   0.6070   0.0128   0.0000  -0.0086  -0.1395    0.264
    25 -10.6007   9.6031  15.2212   5.8947   0.0898   0.8372   0.6168   0.0130   0.0000  -0.0096  -0.1424    0.266
    26  -9.0069  10.1472  16.3110   6.2094   0.0909   0.8349   0.6151   0.0112   0.0000  -0.0014  -0.1348    0.252
    27  -7.3929  10.6981  17.3891   6.4328   0.0778   0.8210   0.6049   0.0071   0.0000   0.0121  -0.1205    0.230
    28  -5.7632  11.2544  18.4457   6.7314   0.0802   0.8174   0.6022   0.0030   0.0000   0.0252  -0.1082    0.208
    29  -4.1222  11.8146  19.4706   7.0486   0.1072   0.8183   0.6028  -0.0149   0.0000   0.0483  -0.0873    0.170
    30  -2.4745  12.3771  20.4537   6.6946   0.0928   0.7714   0.5683  -0.1924   0.0000   0.1758   0.0380   -0.059
    31  -0.8244  12.9404  21.3846   9.7974   0.1020   1.0183   0.7502   0.1024   0.0000   0.0958  -0.0803    0.122
    32   0.9182  12.9083  23.7257  -1.8321   0.0898  -0.1614  -0.1358  -0.0589   0.0000   0.0269   0.0549    0.448
    33   2.7484  12.2836  22.4535   1.7641   0.0864   0.1499   0.1261   0.1519   0.0000  -0.0894  -0.1109    0.959
    34   4.4877  11.7153  19.4048   1.1519   0.0826   0.1125   0.0977   0.0114   0.0000  -0.0399  -0.0581    0.658
    35   6.1324  11.2044  18.3531   1.4958   0.0794   0.1526   0.1325   0.0163   0.0000  -0.0257  -0.0531    0.444
    36   7.7566  10.6999  17.2824   1.8042   0.0765   0.1929   0.1675   0.0196   0.0000  -0.0200  -0.0557    0.369
    37   9.3557  10.2031  16.2020   2.0382   0.0738   0.2287   0.1986   0.0215   0.0000  -0.0156  -0.0587    0.329
    38  10.9254   9.7155  15.1207   2.2653   0.0712   0.2673   0.2322   0.0225   0.0000  -0.0119  -0.0628    0.301
    39  12.4615   9.2384  14.0466   2.4795   0.0686   0.3082   0.2676   0.0227   0.0000  -0.0087  -0.0677    0.282
    40  13.9597   8.7730  12.9878   2.6480   0.0662   0.3470   0.3014   0.0223   0.0000  -0.0062  -0.0730    0.271
    41  15.4158   8.3206  11.9513   2.7638   0.0639   0.3823   0.3320   0.0218   0.0000  -0.0045  -0.0782    0.264
    42  16.8260   7.8826  10.9433   2.8299   0.0617   0.4135   0.3591   0.0211   0.0000  -0.0033  -0.0831    0.259
    43  18.1863   7.4600   9.9701   2.8554   0.0597   0.4412   0.3831   0.0204   0.0000  -0.0025  -0.0877    0.257
    44  19.4930   7.0541   9.0360   2.8496   0.0577   0.4659   0.4046   0.0196   0.0000  -0.0020  -0.0920    0.255
    45  20.7425   6.6660   8.1454   2.8190   0.0557   0.4879   0.4237   0.0189   0.0000  -0.0018  -0.0960    0.254
    46  22.2285   6.2664  10.9447   2.7626   0.0547   0.5251   0.4420   0.0176   0.0000  -0.0013  -0.0984    0.253
    47  23.9231   5.8588   9.6545   2.6774   0.0559   0.5448   0.4585   0.0151   0.0000   0.0001  -0.1007    0.250
    48  25.2257   5.5456   5.3842   2.5760   0.0580   0.5540   0.4663   0.0134   0.0000   0.0015  -0.1011    0.247
    49  26.1614   5.3206   4.8063   2.4792   0.0604   0.5558   0.4678   0.0131   0.0000   0.0031  -0.0999    0.243
    50  27.0284   5.1121   4.2600   2.3680   0.0634   0.5527   0.4653   0.0116   0.0000   0.0050  -0.0977    0.239
    51  27.8244   4.9206   3.7446   2.2423   0.0672   0.5439   0.4578   0.0104   0.0000   0.0074  -0.0939    0.234
    52  28.5471   4.7468   3.2592   2.0975   0.0715   0.5276   0.4441   0.0088   0.0000   0.0102  -0.0883    0.227
    53  29.1945   4.5911   2.8021   1.9317   0.0762   0.5025   0.4230   0.0073   0.0000   0.0135  -0.0807    0.218
    54  29.7650   4.4539   2.3712   1.7420   0.0808   0.4674   0.3934   0.0052   0.0000   0.0169  -0.0711    0.207
    55  30.2570   4.3356   1.9639   1.5281   0.0851   0.4213   0.3547   0.0034   0.0000   0.0197  -0.0600    0.194
    56  30.6690   4.2365   1.5773   1.2897   0.0889   0.3642   0.3065   0.0015   0.0000   0.0213  -0.0480    0.180
    57  30.9999   4.1569   1.2082   1.0288   0.0920   0.2963   0.2494  -0.0007   0.0000   0.0209  -0.0358    0.166
    58  31.2490   4.0971   0.8529   0.7496   0.0944   0.2194   0.1846  -0.0027   0.0000   0.0178  -0.0244    0.153
    59  31.4154   4.0570   0.5077   0.4557   0.0960   0.1353   0.1139  -0.0056   0.0000   0.0120  -0.0140    0.145
    60  31.4987   4.0370   0.1685   0.1529   0.0967   0.0463   0.0390  -0.0066   0.0000   0.0042  -0.0046    0.142

  Surface # 2     main_wing (YDUP)                        
     # Chordwise =  5   # Spanwise = 60     First strip = 61
     Surface area =  531.821899       Ave. chord =    8.117932
     CLsurf  =   0.38674     Clsurf  =  -0.02223
     CYsurf  =  -0.04975     Cmsurf  =   0.60483
     CDsurf  =   0.01108     Cnsurf  =  -0.01216
     CDisurf =   0.01108     CDvsurf =   0.00000

  Forces referred to Ssurf, Cave about hinge axis thru LE
     CLsurf  =   0.41355     CDsurf  =   0.01178
     Deflect =

 Strip Forces referred to Strip Area, Chord
    j      Yle    Chord     Area     c cl      ai      cl_norm  cl       cd       cdv    cm_c/4    cm_LE  C.P.x/c
    61  33.8694   3.4668   0.1562   0.1262   0.0295   0.0467   0.0359   0.0064   0.0000   0.0004   0.0077    0.239
    62  33.7795   3.4884   0.4712   0.3762   0.0276   0.1395   0.1072   0.0121   0.0000   0.0008   0.0230    0.242
    63  33.5999   3.5316   0.7937   0.6193   0.0238   0.2274   0.1748   0.0156   0.0000   0.0007   0.0381    0.246
    64  33.3310   3.5963   1.1284   0.8534   0.0200   0.3083   0.2369   0.0179   0.0000   0.0002   0.0522    0.249
    65  32.9737   3.6822   1.4800   1.0774   0.0165   0.3806   0.2924   0.0191   0.0000  -0.0004   0.0649    0.251
    66  32.5289   3.7892   1.8529   1.2914   0.0140   0.4437   0.3409   0.0198   0.0000  -0.0009   0.0760    0.253
    67  31.9979   3.9169   2.2511   1.4966   0.0131   0.4978   0.3825   0.0196   0.0000  -0.0012   0.0854    0.253
    68  31.3820   4.0650   2.6784   1.6947   0.0146   0.5436   0.4177   0.0191   0.0000  -0.0015   0.0933    0.254
    69  30.6830   4.2331   3.1377   1.8878   0.0186   0.5818   0.4470   0.0182   0.0000  -0.0017   0.0999    0.254
    70  29.9028   4.4207   3.6318   2.0778   0.0245   0.6134   0.4713   0.0175   0.0000  -0.0018   0.1053    0.254
    71  29.0436   4.6274   4.1628   2.2663   0.0310   0.6395   0.4914   0.0165   0.0000  -0.0019   0.1097    0.254
    72  28.1076   4.8525   4.7322   2.4560   0.0369   0.6611   0.5079   0.0159   0.0000  -0.0020   0.1134    0.254
    73  27.0975   5.0954   5.3406   2.6480   0.0413   0.6790   0.5217   0.0147   0.0000  -0.0020   0.1165    0.254
    74  26.0160   5.3555   5.9884   2.8461   0.0445   0.6946   0.5337   0.0138   0.0000  -0.0022   0.1192    0.254
    75  24.8660   5.6320   6.6749   3.0456   0.0465   0.7068   0.5431   0.0139   0.0000  -0.0024   0.1214    0.254
    76  23.6509   5.9243   7.3989   3.2532   0.0479   0.7179   0.5516   0.0132   0.0000  -0.0026   0.1234    0.255
    77  22.3737   6.2314   8.1583   3.4684   0.0488   0.7277   0.5591   0.0130   0.0000  -0.0028   0.1253    0.255
    78  21.0382   6.5526   8.9505   3.6944   0.0499   0.7372   0.5665   0.0123   0.0000  -0.0032   0.1272    0.256
    79  19.6479   6.8870   9.7721   3.9307   0.0514   0.7463   0.5735   0.0123   0.0000  -0.0036   0.1291    0.256
    80  18.2066   7.2336  10.6191   4.1826   0.0530   0.7562   0.5810   0.0119   0.0000  -0.0043   0.1314    0.257
    81  16.7183   7.5915  11.4867   4.4466   0.0541   0.7658   0.5885   0.0131   0.0000  -0.0055   0.1341    0.259
    82  15.2178   8.0270  11.9769   4.7496   0.0560   0.8070   0.5946   0.0124   0.0000  -0.0065   0.1349    0.261
    83  13.7104   8.5416  13.0453   5.0929   0.0624   0.8132   0.5991   0.0125   0.0000  -0.0073   0.1366    0.262
    84  12.1700   9.0674  14.1297   5.4775   0.0714   0.8239   0.6070   0.0128   0.0000  -0.0086   0.1395    0.264
    85  10.6007   9.6031  15.2212   5.8947   0.0898   0.8372   0.6168   0.0130   0.0000  -0.0096   0.1424    0.266
    86   9.0069  10.1472  16.3110   6.2094   0.0909   0.8349   0.6151   0.0112   0.0000  -0.0014   0.1348    0.252
    87   7.3929  10.6981  17.3891   6.4328   0.0778   0.8210   0.6049   0.0071   0.0000   0.0121   0.1205    0.230
    88   5.7632  11.2544  18.4457   6.7314   0.0802   0.8174   0.6022   0.0030   0.0000   0.0252   0.1082    0.208
    89   4.1222  11.8146  19.4706   7.0486   0.1072   0.8183   0.6028  -0.0149   0.0000   0.0483   0.0873    0.170
    90   2.4745  12.3771  20.4537   6.6946   0.0928   0.7714   0.5683  -0.1924   0.0000   0.1758  -0.0380   -0.059
    91   0.8244  12.9404  21.3846   9.7974   0.1020   1.0183   0.7502   0.1024   0.0000   0.0958   0.0803    0.122
    92  -0.9182  12.9083  23.7257  -1.8321   0.0898  -0.1614  -0.1358  -0.0589   0.0000   0.0269  -0.0549    0.448
    93  -2.7484  12.2836  22.4535   1.7641   0.0864   0.1499   0.1261   0.1519   0.0000  -0.0894   0.1109    0.959
    94  -4.4877  11.7153  19.4048   1.1519   0.0826   0.1125   0.0977   0.0114   0.0000  -0.0399   0.0581    0.658
    95  -6.1324  11.2044  18.3531   1.4958   0.0794   0.1526   0.1325   0.0163   0.0000  -0.0257   0.0531    0.444
    96  -7.7566  10.6999  17.2824   1.8042   0.0765   0.1929   0.1675   0.0196   0.0000  -0.0200   0.0557    0.369
    97  -9.3557  10.2031  16.2020   2.0382   0.0738   0.2287   0.1986   0.0215   0.0000  -0.0156   0.0587    0.329
    98 -10.9254   9.7155  15.1207   2.2653   0.0712   0.2673   0.2322   0.0225   0.0000  -0.0119   0.0628    0.301
    99 -12.4615   9.2384  14.0466   2.4795   0.0686   0.3082   0.2676   0.0227   0.0000  -0.0087   0.0677    0.282
   100 -13.9597   8.7730  12.9878   2.6480   0.0662   0.3470   0.3014   0.0223   0.0000  -0.0062   0.0730    0.271
   101 -15.4158   8.3206  11.9513   2.7638   0.0639   0.3823   0.3320   0.0218   0.0000  -0.0045   0.0782    0.264
   102 -16.8260   7.8826  10.9433   2.8299   0.0617   0.4135   0.3591   0.0211   0.0000  -0.0033   0.0831    0.259
   103 -18.1863   7.4600   9.9701   2.8554   0.0597   0.4412   0.3831   0.0204   0.0000  -0.0025   0.0877    0.257
   104 -19.4930   7.0541   9.0360   2.8496   0.0577   0.4659   0.4046   0.0196   0.0000  -0.0020   0.0920    0.255
   105 -20.7425   6.6660   8.1454   2.8190   0.0557   0.4879   0.4237   0.0189   0.0000  -0.0018   0.0960    0.254
   106 -22.2285   6.2664  10.9447   2.7626   0.0547   0.5251   0.4420   0.0176   0.0000  -0.0013   0.0984    0.253
   107 -23.9231   5.8588   9.6545   2.6774   0.0559   0.5448   0.4585   0.0151   0.0000   0.0001   0.1007    0.250
   108 -25.2257   5.5456   5.3842   2.5760   0.0580   0.5540   0.4663   0.0134   0.0000   0.0015   0.1011    0.247
   109 -26.1614   5.3206   4.8063   2.4792   0.0604   0.5558   0.4678   0.0131   0.0000   0.0031   0.0999    0.243
   110 -27.0284   5.1121   4.2600   2.3680   0.0634   0.5527   0.4653   0.0116   0.0000   0.0050   0.0977    0.239
   111 -27.8244   4.9206   3.7446   2.2423   0.0672   0.5439   0.4578   0.0104   0.0000   0.0074   0.0939    0.234
   112 -28.5471   4.7468   3.2592   2.0975   0.0715   0.5276   0.4441   0.0088   0.0000   0.0102   0.0883    0.227
   113 -29.1945   4.5911   2.8021   1.9317   0.0762   0.5025   0.4230   0.0073   0.0000   0.0135   0.0807    0.218
   114 -29.7650   4.4539   2.3712   1.7420   0.0808   0.4674   0.3934   0.0052   0.0000   0.0169   0.0711    0.207
   115 -30.2570   4.3356   1.9639   1.5281   0.0851   0.4213   0.3547   0.0034   0.0000   0.0197   0.0600    0.194
   116 -30.6690   4.2365   1.5773   1.2897   0.0889   0.3642   0.3065   0.0015   0.0000   0.0213   0.0480    0.180
   117 -30.9999   4.1569   1.2082   1.0288   0.0920   0.2963   0.2494  -0.0007   0.0000   0.0209   0.0358    0.166
   118 -31.2490   4.0971   0.8529   0.7496   0.0944   0.2194   0.1846  -0.0027   0.0000   0.0178   0.0244    0.153
   119 -31.4154   4.0570   0.5077   0.4557   0.0960   0.1353   0.1139  -0.0056   0.0000   0.0120   0.0140    0.145
   120 -31.4987   4.0370   0.1685   0.1529   0.0967   0.0463   0.0390  -0.0066   0.0000   0.0042   0.0046    0.142

  Surface # 3     horizontal_stabilizer                   
     # Chordwise =  5   # Spanwise = 60     First strip =121
     Surface area =   43.732090       Ave. chord =    4.269336
     CLsurf  =   0.02299     Clsurf  =  -0.00152
     CYsurf  =  -0.00013     Cmsurf  =  -0.08572
     CDsurf  =   0.00160     Cnsurf  =  -0.00007
     CDisurf =   0.00160     CDvsurf =   0.00000

  Forces referred to Ssurf, Cave about hinge axis thru LE
     CLsurf  =   0.29725     CDsurf  =   0.02062
     Deflect =

 Strip Forces referred to Strip Area, Chord
    j      Yle    Chord     Area     c cl      ai      cl_norm  cl       cd       cdv    cm_c/4    cm_LE  C.P.x/c
   121   0.0017   6.4035   0.0424   1.5477   0.0762   0.1352   0.1052   1.1265   0.0000  -0.0125  -0.0613    0.368
   122   0.0149   6.3980   0.1269   1.5759   0.0764   0.2969   0.2312   0.1382   0.0000  -0.0113  -0.0613    0.299
   123   0.0413   6.3870   0.2107   1.5779   0.0767   0.3103   0.2415   0.0602   0.0000  -0.0112  -0.0614    0.296
   124   0.0808   6.3705   0.2934   1.5759   0.0772   0.3140   0.2444   0.0391   0.0000  -0.0112  -0.0615    0.296
   125   0.1334   6.3486   0.3745   1.5772   0.0776   0.3167   0.2465   0.0307   0.0000  -0.0109  -0.0615    0.294
   126   0.1988   6.3213   0.4537   1.5760   0.0781   0.3185   0.2479   0.0267   0.0000  -0.0106  -0.0614    0.293
   127   0.2769   6.2888   0.5305   1.5794   0.0786   0.3211   0.2500   0.0251   0.0000  -0.0102  -0.0614    0.291
   128   0.3674   6.2510   0.6045   1.5791   0.0790   0.3232   0.2516   0.0237   0.0000  -0.0097  -0.0613    0.288
   129   0.4702   6.2082   0.6754   1.5784   0.0795   0.3254   0.2533   0.0230   0.0000  -0.0091  -0.0612    0.286
   130   0.5850   6.1604   0.7429   1.5771   0.0799   0.3278   0.2552   0.0225   0.0000  -0.0085  -0.0610    0.283
   131   0.7113   6.1077   0.8065   1.5789   0.0802   0.3311   0.2577   0.0221   0.0000  -0.0077  -0.0609    0.280
   132   0.8490   6.0503   0.8661   1.5793   0.0805   0.3343   0.2602   0.0225   0.0000  -0.0070  -0.0609    0.277
   133   1.0027   5.9862   0.9844   1.5765   0.0808   0.3373   0.2626   0.0224   0.0000  -0.0063  -0.0608    0.274
   134   1.1727   5.9153   1.0378   1.5754   0.0811   0.3412   0.2656   0.0223   0.0000  -0.0056  -0.0608    0.271
   135   1.3535   5.8400   1.0860   1.5730   0.0813   0.3452   0.2687   0.0215   0.0000  -0.0049  -0.0609    0.268
   136   1.5445   5.7604   1.1288   1.5710   0.0815   0.3496   0.2721   0.0216   0.0000  -0.0043  -0.0610    0.266
   137   1.7453   5.6767   1.1661   1.5667   0.0817   0.3541   0.2757   0.0195   0.0000  -0.0037  -0.0612    0.263
   138   1.9552   5.5892   1.1979   1.5625   0.0818   0.3586   0.2792   0.0203   0.0000  -0.0031  -0.0615    0.261
   139   2.1737   5.4981   1.2240   1.5559   0.0819   0.3630   0.2826   0.0205   0.0000  -0.0027  -0.0618    0.259
   140   2.4003   5.4037   1.2446   1.5484   0.0819   0.3679   0.2863   0.0191   0.0000  -0.0022  -0.0622    0.258
   141   2.6343   5.3061   1.2597   1.5412   0.0819   0.3729   0.2903   0.0191   0.0000  -0.0017  -0.0626    0.256
   142   2.8750   5.2058   1.2693   1.5324   0.0819   0.3778   0.2941   0.0204   0.0000  -0.0013  -0.0631    0.254
   143   3.1217   5.1030   1.2736   1.5197   0.0818   0.3823   0.2976   0.0198   0.0000  -0.0010  -0.0635    0.253
   144   3.3739   4.9978   1.2727   1.5071   0.0817   0.3873   0.3014   0.0193   0.0000  -0.0007  -0.0640    0.252
   145   3.6309   4.8907   1.2668   1.4932   0.0816   0.3922   0.3053   0.0190   0.0000  -0.0004  -0.0646    0.251
   146   3.8918   4.7820   1.2561   1.4765   0.0815   0.3964   0.3086   0.0205   0.0000  -0.0001  -0.0651    0.250
   147   4.1560   4.6718   1.2409   1.4622   0.0814   0.4022   0.3131   0.0180   0.0000   0.0001  -0.0658    0.250
   148   4.4228   4.5606   1.2215   1.4427   0.0813   0.4064   0.3163   0.0193   0.0000   0.0003  -0.0663    0.249
   149   4.6915   4.4486   1.1980   1.4263   0.0812   0.4121   0.3208   0.0184   0.0000   0.0006  -0.0670    0.248
   150   4.9613   4.3362   1.1710   1.4029   0.0811   0.4160   0.3238   0.0178   0.0000   0.0008  -0.0674    0.247
   151   5.2314   4.2236   1.1406   1.3799   0.0810   0.4199   0.3268   0.0190   0.0000   0.0010  -0.0679    0.247
   152   5.5012   4.1111   1.1072   1.3553   0.0810   0.4237   0.3298   0.0189   0.0000   0.0013  -0.0683    0.246
   153   5.7698   3.9992   1.0711   1.3267   0.0810   0.4264   0.3319   0.0187   0.0000   0.0014  -0.0686    0.246
   154   6.0367   3.8879   1.0327   1.3027   0.0811   0.4305   0.3351   0.0199   0.0000   0.0018  -0.0690    0.245
   155   6.3009   3.7778   0.9923   1.2766   0.0813   0.4342   0.3380   0.0200   0.0000   0.0021  -0.0693    0.244
   156   6.5618   3.6690   0.9503   1.2436   0.0815   0.4358   0.3393   0.0182   0.0000   0.0024  -0.0693    0.243
   157   6.8188   3.5619   0.9070   1.2131   0.0818   0.4380   0.3409   0.0179   0.0000   0.0028  -0.0693    0.242
   158   7.0710   3.4568   0.8627   1.1710   0.0823   0.4357   0.3392   0.0174   0.0000   0.0043  -0.0677    0.237
   159   7.3177   3.3540   0.8178   1.1487   0.0828   0.4405   0.3429   0.0173   0.0000   0.0038  -0.0689    0.239
   160   7.5584   3.2536   0.7724   1.1119   0.0835   0.4396   0.3422   0.0171   0.0000   0.0043  -0.0683    0.238
   161   7.7924   3.1561   0.7270   1.0765   0.0843   0.4388   0.3416   0.0171   0.0000   0.0050  -0.0676    0.235
   162   8.0189   3.0617   0.6816   1.0381   0.0852   0.4364   0.3397   0.0157   0.0000   0.0057  -0.0666    0.233
   163   8.2375   2.9706   0.6366   1.0000   0.0863   0.4329   0.3370   0.0176   0.0000   0.0066  -0.0653    0.230
   164   8.4474   2.8831   0.5922   0.9558   0.0875   0.4267   0.3321   0.0154   0.0000   0.0074  -0.0635    0.228
   165   8.6482   2.7994   0.5486   0.9140   0.0888   0.4203   0.3272   0.0145   0.0000   0.0086  -0.0615    0.224
   166   8.8392   2.7198   0.5057   0.8979   0.0903   0.4248   0.3307   0.0159   0.0000   0.0051  -0.0652    0.235
   167   9.0200   2.6444   0.4639   0.8203   0.0918   0.3994   0.3109   0.0131   0.0000   0.0111  -0.0560    0.214
   168   9.1900   2.5736   0.4232   0.7710   0.0933   0.3857   0.3002   0.0130   0.0000   0.0123  -0.0527    0.209
   169   9.3488   2.5074   0.3837   0.7198   0.0948   0.3700   0.2880   0.0098   0.0000   0.0137  -0.0489    0.202
   170   9.4948   2.4465   0.3399   0.6513   0.0963   0.3432   0.2671   0.0088   0.0000   0.0172  -0.0416    0.186
   171   9.6277   2.3911   0.3034   0.6111   0.0978   0.3293   0.2563   0.0094   0.0000   0.0157  -0.0406    0.189
   172   9.7485   2.3408   0.2680   0.5533   0.0991   0.3048   0.2372   0.0075   0.0000   0.0164  -0.0359    0.181
   173   9.8566   2.2957   0.2336   0.4938   0.1003   0.2775   0.2160   0.0058   0.0000   0.0167  -0.0312    0.173
   174   9.9519   2.2560   0.2003   0.4551   0.1014   0.2601   0.2025   0.0064   0.0000   0.0120  -0.0324    0.191
   175  10.0341   2.2217   0.1678   0.3690   0.1024   0.2145   0.1670   0.0032   0.0000   0.0156  -0.0218    0.157
   176  10.1029   2.1930   0.1361   0.3037   0.1033   0.1790   0.1394   0.0013   0.0000   0.0140  -0.0174    0.150
   177  10.1582   2.1700   0.1052   0.2378   0.1040   0.1418   0.1104  -0.0001   0.0000   0.0117  -0.0132    0.144
   178  10.1998   2.1526   0.0747   0.1709   0.1044   0.1032   0.0803  -0.0024   0.0000   0.0089  -0.0093    0.140
   179  10.2276   2.1410   0.0447   0.1027   0.1048   0.0629   0.0489  -0.0048   0.0000   0.0055  -0.0055    0.138
   180  10.2416   2.1352   0.0149   0.0343   0.1049   0.0215   0.0167  -0.0046   0.0000   0.0019  -0.0018    0.139

  Surface # 4     horizontal_stabilizer (YDUP)            
     # Chordwise =  5   # Spanwise = 60     First strip =181
     Surface area =   43.732090       Ave. chord =    4.269336
     CLsurf  =   0.02299     Clsurf  =   0.00152
     CYsurf  =   0.00013     Cmsurf  =  -0.08572
     CDsurf  =   0.00160     Cnsurf  =   0.00007
     CDisurf =   0.00160     CDvsurf =   0.00000

  Forces referred to Ssurf, Cave about hinge axis thru LE
     CLsurf  =   0.29724     CDsurf  =   0.02062
     Deflect =

 Strip Forces referred to Strip Area, Chord
    j      Yle    Chord     Area     c cl      ai      cl_norm  cl       cd       cdv    cm_c/4    cm_LE  C.P.x/c
   181  -0.0017   6.4035   0.0424   1.5477   0.0763   0.1352   0.1052   1.1265   0.0000  -0.0125   0.0613    0.368
   182  -0.0149   6.3980   0.1269   1.5759   0.0764   0.2969   0.2312   0.1382   0.0000  -0.0113   0.0613    0.299
   183  -0.0413   6.3870   0.2107   1.5779   0.0767   0.3103   0.2415   0.0602   0.0000  -0.0112   0.0614    0.296
   184  -0.0808   6.3705   0.2934   1.5759   0.0772   0.3140   0.2444   0.0391   0.0000  -0.0112   0.0615    0.296
   185  -0.1334   6.3486   0.3745   1.5772   0.0776   0.3167   0.2465   0.0307   0.0000  -0.0109   0.0615    0.294
   186  -0.1988   6.3213   0.4537   1.5760   0.0781   0.3185   0.2479   0.0267   0.0000  -0.0106   0.0614    0.293
   187  -0.2769   6.2888   0.5305   1.5794   0.0786   0.3211   0.2500   0.0251   0.0000  -0.0102   0.0614    0.291
   188  -0.3674   6.2510   0.6045   1.5791   0.0790   0.3232   0.2516   0.0237   0.0000  -0.0097   0.0613    0.288
   189  -0.4702   6.2082   0.6754   1.5784   0.0795   0.3254   0.2533   0.0230   0.0000  -0.0091   0.0612    0.286
   190  -0.5850   6.1604   0.7429   1.5771   0.0799   0.3278   0.2552   0.0225   0.0000  -0.0085   0.0610    0.283
   191  -0.7113   6.1077   0.8065   1.5789   0.0802   0.3311   0.2577   0.0221   0.0000  -0.0077   0.0609    0.280
   192  -0.8490   6.0503   0.8661   1.5793   0.0805   0.3343   0.2602   0.0225   0.0000  -0.0070   0.0609    0.277
   193  -1.0027   5.9862   0.9844   1.5765   0.0808   0.3373   0.2626   0.0224   0.0000  -0.0063   0.0608    0.274
   194  -1.1727   5.9153   1.0378   1.5754   0.0811   0.3412   0.2656   0.0223   0.0000  -0.0056   0.0608    0.271
   195  -1.3535   5.8400   1.0860   1.5730   0.0813   0.3452   0.2687   0.0215   0.0000  -0.0049   0.0609    0.268
   196  -1.5445   5.7604   1.1288   1.5710   0.0815   0.3496   0.2721   0.0216   0.0000  -0.0043   0.0610    0.266
   197  -1.7453   5.6767   1.1661   1.5667   0.0817   0.3541   0.2757   0.0195   0.0000  -0.0037   0.0612    0.263
   198  -1.9552   5.5892   1.1979   1.5625   0.0818   0.3586   0.2792   0.0203   0.0000  -0.0031   0.0615    0.261
   199  -2.1737   5.4981   1.2240   1.5559   0.0819   0.3630   0.2826   0.0205   0.0000  -0.0027   0.0618    0.259
   200  -2.4003   5.4037   1.2446   1.5484   0.0819   0.3679   0.2863   0.0191   0.0000  -0.0022   0.0622    0.258
   201  -2.6343   5.3061   1.2597   1.5412   0.0819   0.3729   0.2903   0.0191   0.0000  -0.0017   0.0626    0.256
   202  -2.8750   5.2058   1.2693   1.5323   0.0819   0.3778   0.2941   0.0204   0.0000  -0.0013   0.0631    0.254
   203  -3.1217   5.1030   1.2736   1.5197   0.0818   0.3823   0.2976   0.0198   0.0000  -0.0010   0.0635    0.253
   204  -3.3739   4.9978   1.2727   1.5071   0.0817   0.3873   0.3014   0.0193   0.0000  -0.0007   0.0640    0.252
   205  -3.6309   4.8907   1.2668   1.4932   0.0816   0.3922   0.3053   0.0190   0.0000  -0.0004   0.0646    0.251
   206  -3.8918   4.7820   1.2561   1.4764   0.0815   0.3964   0.3085   0.0205   0.0000  -0.0001   0.0651    0.250
   207  -4.1560   4.6718   1.2409   1.4622   0.0814   0.4022   0.3131   0.0180   0.0000   0.0001   0.0658    0.250
   208  -4.4228   4.5606   1.2215   1.4426   0.0813   0.4064   0.3163   0.0193   0.0000   0.0003   0.0663    0.249
   209  -4.6915   4.4486   1.1980   1.4263   0.0812   0.4121   0.3208   0.0184   0.0000   0.0006   0.0670    0.248
   210  -4.9613   4.3362   1.1710   1.4029   0.0811   0.4160   0.3238   0.0178   0.0000   0.0008   0.0674    0.247
   211  -5.2314   4.2236   1.1406   1.3799   0.0810   0.4199   0.3268   0.0190   0.0000   0.0011   0.0679    0.247
   212  -5.5012   4.1111   1.1072   1.3553   0.0810   0.4237   0.3298   0.0189   0.0000   0.0013   0.0683    0.246
   213  -5.7698   3.9992   1.0711   1.3267   0.0810   0.4264   0.3319   0.0187   0.0000   0.0014   0.0686    0.246
   214  -6.0367   3.8879   1.0327   1.3027   0.0811   0.4305   0.3351   0.0199   0.0000   0.0018   0.0690    0.245
   215  -6.3009   3.7778   0.9923   1.2766   0.0813   0.4342   0.3380   0.0200   0.0000   0.0021   0.0693    0.244
   216  -6.5618   3.6690   0.9503   1.2436   0.0815   0.4358   0.3393   0.0182   0.0000   0.0024   0.0693    0.243
   217  -6.8188   3.5619   0.9070   1.2131   0.0818   0.4380   0.3409   0.0179   0.0000   0.0028   0.0693    0.242
   218  -7.0710   3.4568   0.8627   1.1710   0.0823   0.4357   0.3392   0.0174   0.0000   0.0043   0.0677    0.237
   219  -7.3177   3.3540   0.8178   1.1487   0.0828   0.4405   0.3429   0.0173   0.0000   0.0038   0.0689    0.239
   220  -7.5584   3.2536   0.7724   1.1119   0.0835   0.4396   0.3422   0.0171   0.0000   0.0043   0.0683    0.238
   221  -7.7924   3.1561   0.7270   1.0765   0.0843   0.4388   0.3416   0.0171   0.0000   0.0050   0.0676    0.235
   222  -8.0189   3.0617   0.6816   1.0381   0.0852   0.4364   0.3397   0.0157   0.0000   0.0057   0.0666    0.233
   223  -8.2375   2.9706   0.6366   0.9999   0.0863   0.4329   0.3370   0.0176   0.0000   0.0066   0.0653    0.230
   224  -8.4474   2.8831   0.5922   0.9558   0.0875   0.4267   0.3321   0.0154   0.0000   0.0074   0.0635    0.228
   225  -8.6482   2.7994   0.5486   0.9140   0.0888   0.4203   0.3272   0.0145   0.0000   0.0086   0.0615    0.224
   226  -8.8392   2.7198   0.5057   0.8979   0.0903   0.4248   0.3307   0.0159   0.0000   0.0051   0.0652    0.235
   227  -9.0200   2.6444   0.4639   0.8203   0.0918   0.3994   0.3109   0.0131   0.0000   0.0111   0.0560    0.214
   228  -9.1900   2.5736   0.4232   0.7710   0.0933   0.3857   0.3002   0.0130   0.0000   0.0123   0.0527    0.209
   229  -9.3488   2.5074   0.3837   0.7198   0.0948   0.3700   0.2880   0.0098   0.0000   0.0137   0.0489    0.202
   230  -9.4948   2.4465   0.3399   0.6513   0.0963   0.3432   0.2671   0.0088   0.0000   0.0172   0.0416    0.186
   231  -9.6277   2.3911   0.3034   0.6111   0.0978   0.3293   0.2563   0.0094   0.0000   0.0157   0.0406    0.189
   232  -9.7485   2.3408   0.2680   0.5533   0.0991   0.3048   0.2372   0.0075   0.0000   0.0164   0.0359    0.181
   233  -9.8566   2.2957   0.2336   0.4938   0.1003   0.2775   0.2160   0.0058   0.0000   0.0167   0.0312    0.173
   234  -9.9519   2.2560   0.2003   0.4551   0.1014   0.2601   0.2025   0.0064   0.0000   0.0120   0.0324    0.191
   235 -10.0341   2.2217   0.1678   0.3690   0.1024   0.2145   0.1670   0.0032   0.0000   0.0156   0.0218    0.157
   236 -10.1029   2.1930   0.1361   0.3037   0.1033   0.1790   0.1394   0.0013   0.0000   0.0140   0.0174    0.150
   237 -10.1582   2.1700   0.1052   0.2378   0.1040   0.1418   0.1104  -0.0001   0.0000   0.0117   0.0132    0.144
   238 -10.1998   2.1526   0.0747   0.1709   0.1044   0.1032   0.0803  -0.0024   0.0000   0.0089   0.0093    0.140
   239 -10.2276   2.1410   0.0447   0.1027   0.1048   0.0629   0.0489  -0.0048   0.0000   0.0055   0.0055    0.138
   240 -10.2416   2.1352   0.0149   0.0343   0.1049   0.0215   0.0167  -0.0046   0.0000   0.0019   0.0018    0.139

  Surface # 5     vertical_stabilizer                     
     # Chordwise =  5   # Spanwise = 60     First strip =241
     Surface area =  102.378899       Ave. chord =    8.848652
     CLsurf  =  -0.00000     Clsurf  =  -0.00000
     CYsurf  =  -0.00000     Cmsurf  =   0.00000
     CDsurf  =   0.00000     Cnsurf  =   0.00000
     CDisurf =   0.00000     CDvsurf =   0.00000

  Forces referred to Ssurf, Cave about hinge axis thru LE
     CLsurf  =   0.00000     CDsurf  =   0.00000
     Deflect =

 Strip Forces referred to Strip Area, Chord
    j      Yle    Chord     Area     c cl      ai      cl_norm  cl       cd       cdv    cm_c/4    cm_LE  C.P.x/c
   241   0.0000   9.4977   0.3694  -0.0000  -0.0000  -0.0000  -0.0000   0.0000   0.0000  -0.0000   0.0000    0.194
   242   0.0000   9.4916   0.5095  -0.0000  -0.0000  -0.0000  -0.0000   0.0000   0.0000  -0.0000   0.0000   -0.084
   243   0.0000   9.4835   0.6485  -0.0000  -0.0000  -0.0000  -0.0000   0.0000   0.0000  -0.0000  -0.0000   -0.104
   244   0.0000   9.4735   0.7860  -0.0000  -0.0000  -0.0000  -0.0000   0.0000   0.0000  -0.0000  -0.0000   -0.850
   245   0.0000   9.4616   0.9215  -0.0000  -0.0000  -0.0000  -0.0000   0.0000   0.0000  -0.0000  -0.0000   -0.644
   246   0.0000   9.4478   1.0544  -0.0000   0.0000  -0.0000  -0.0000   0.0000   0.0000  -0.0000  -0.0000   -0.687
   247   0.0000   9.4321   1.1845  -0.0000   0.0000  -0.0000  -0.0000   0.0000   0.0000  -0.0000  -0.0000   -0.453
   248   0.0000   9.4149   1.2715  -0.0000   0.0000  -0.0000  -0.0000   0.0000   0.0000  -0.0000  -0.0000   -0.663
   249   0.0000   9.3962   1.3909  -0.0000   0.0000  -0.0000  -0.0000  -0.0000   0.0000  -0.0000  -0.0000   -0.798
   250   0.0000   9.3758   1.5062  -0.0000   0.0000  -0.0000  -0.0000   0.0000   0.0000  -0.0000  -0.0000
   251   0.0000   9.3538   1.6173  -0.0000   0.0000  -0.0000  -0.0000  -0.0000   0.0000  -0.0000  -0.0000   -0.467
   252   0.0000   9.3301   1.7236  -0.0000   0.0000  -0.0000  -0.0000  -0.0000   0.0000  -0.0000  -0.0000   -0.523
   253   0.0000   9.3050   1.8249  -0.0000   0.0000  -0.0000  -0.0000  -0.0000   0.0000  -0.0000  -0.0000   -0.400
   254   0.0000   9.2783   1.9209  -0.0000   0.0000  -0.0000  -0.0000   0.0000   0.0000  -0.0000  -0.0000   -0.321
   255   0.0000   9.2503   2.0113  -0.0000   0.0000  -0.0000  -0.0000   0.0000   0.0000  -0.0000  -0.0000   -0.345
   256   0.0000   9.2209   2.0959  -0.0000   0.0000  -0.0000  -0.0000   0.0000   0.0000  -0.0000  -0.0000   -0.617
   257   0.0000   9.1902   2.1743  -0.0000   0.0000  -0.0000  -0.0000  -0.0000   0.0000  -0.0000  -0.0000   -0.641
   258   0.0000   9.1584   2.2465  -0.0000   0.0000  -0.0000  -0.0000  -0.0000   0.0000  -0.0000  -0.0000
   259   0.0000   9.1254   2.3123  -0.0000   0.0000  -0.0000  -0.0000   0.0000   0.0000  -0.0000  -0.0000
   260   0.0000   9.0915   2.3714  -0.0000   0.0000  -0.0000  -0.0000  -0.0000   0.0000  -0.0000  -0.0000
   261   0.0000   9.0566   2.4238   0.0000   0.0000   0.0000   0.0000   0.0000   0.0000  -0.0000  -0.0000
   262   0.0000   9.0208   2.4694   0.0000   0.0000   0.0000   0.0000   0.0000   0.0000  -0.0000  -0.0000
   263   0.0000   8.9842   2.5080   0.0000   0.0000   0.0000   0.0000  -0.0000   0.0000  -0.0000  -0.0000    1.924
   264   0.0000   8.9470   2.5397   0.0000   0.0000   0.0000   0.0000   0.0000   0.0000  -0.0000  -0.0000    1.922
   265   0.0000   8.9093   2.5643   0.0000   0.0000   0.0000   0.0000  -0.0000   0.0000  -0.0000  -0.0000    1.241
   266   0.0000   8.8710   2.5820   0.0000   0.0000   0.0000   0.0000   0.0000   0.0000  -0.0000  -0.0000    1.006
   267   0.0000   8.8324   2.5928   0.0000   0.0000   0.0000   0.0000   0.0000   0.0000  -0.0000  -0.0000    0.825
   268   0.0000   8.7935   2.5966   0.0000  -0.0000   0.0000   0.0000   0.0000   0.0000  -0.0000  -0.0000    0.811
   269   0.0000   8.7544   2.5935   0.0000  -0.0000   0.0000   0.0000   0.0000   0.0000  -0.0000  -0.0000    0.746
   270   0.0000   8.7152   2.5837   0.0000   0.0000   0.0000   0.0000   0.0000   0.0000  -0.0000  -0.0000    0.670
   271   0.0000   8.6761   2.5672   0.0000   0.0000   0.0000   0.0000   0.0000   0.0000  -0.0000  -0.0000    0.615
   272   0.0000   8.6371   2.5441   0.0000   0.0000   0.0000   0.0000   0.0000   0.0000  -0.0000  -0.0000    0.565
   273   0.0000   8.5983   2.5147   0.0000   0.0000   0.0000   0.0000   0.0000   0.0000  -0.0000  -0.0000    0.531
   274   0.0000   8.5598   2.4789   0.0000   0.0000   0.0000   0.0000   0.0000   0.0000  -0.0000  -0.0000    0.504
   275   0.0000   8.5218   2.4372   0.0000  -0.0000   0.0000   0.0000   0.0000   0.0000  -0.0000  -0.0000    0.477
   276   0.0000   8.4843   2.3895   0.0000   0.0000   0.0000   0.0000   0.0000   0.0000  -0.0000  -0.0000    0.451
   277   0.0000   8.4474   2.3361   0.0000  -0.0000   0.0000   0.0000  -0.0000   0.0000  -0.0000  -0.0000    0.429
   278   0.0000   8.4112   2.2772   0.0000  -0.0000   0.0000   0.0000   0.0000   0.0000  -0.0000  -0.0000    0.399
   279   0.0000   8.3759   2.2130   0.0000  -0.0000   0.0000   0.0000   0.0000   0.0000  -0.0000  -0.0000    0.380
   280   0.0000   8.3415   2.1438   0.0000  -0.0000   0.0000   0.0000   0.0000   0.0000  -0.0000  -0.0000    0.361
   281   0.0000   8.3161   1.0586   0.0000  -0.0000   0.0000   0.0000  -0.0000   0.0000  -0.0000  -0.0000    0.351
   282   0.0000   8.3408   2.0186   0.0000  -0.0000   0.0000   0.0000  -0.0000   0.0000  -0.0000  -0.0000    0.380
   283   0.0000   8.4051   1.9566   0.0000  -0.0000   0.0000   0.0000  -0.0000   0.0000  -0.0000  -0.0000    0.373
   284   0.0000   8.4668   1.8878   0.0000  -0.0000   0.0000   0.0000   0.0000   0.0000  -0.0000  -0.0000    0.368
   285   0.0000   8.5257   1.8121   0.0000  -0.0000   0.0000   0.0000  -0.0000   0.0000  -0.0000  -0.0000    0.367
   286   0.0000   8.5817   1.7299   0.0000  -0.0000   0.0000   0.0000   0.0000   0.0000  -0.0000  -0.0000    0.372
   287   0.0000   8.6348   1.6413   0.0000  -0.0000   0.0000   0.0000  -0.0000   0.0000  -0.0000  -0.0000    0.371
   288   0.0000   8.6846   1.5465   0.0000  -0.0000   0.0000   0.0000   0.0000   0.0000  -0.0000  -0.0000    0.366
   289   0.0000   8.7311   1.4459   0.0000  -0.0000   0.0000   0.0000   0.0000   0.0000  -0.0000  -0.0000    0.380
   290   0.0000   8.7742   1.3399   0.0000  -0.0000   0.0000   0.0000   0.0000   0.0000  -0.0000  -0.0000    0.375
   291   0.0000   8.8137   1.2286   0.0000  -0.0000   0.0000   0.0000   0.0000   0.0000  -0.0000  -0.0000    0.377
   292   0.0000   8.8496   1.1127   0.0000  -0.0000   0.0000   0.0000  -0.0000   0.0000  -0.0000  -0.0000    0.387
   293   0.0000   8.8817   0.9923   0.0000  -0.0000   0.0000   0.0000  -0.0000   0.0000  -0.0000  -0.0000    0.389
   294   0.0000   8.9100   0.8681   0.0000   0.0000   0.0000   0.0000  -0.0000   0.0000  -0.0000  -0.0000    0.399
   295   0.0000   8.9344   0.7405   0.0000   0.0000   0.0000   0.0000  -0.0000   0.0000  -0.0000  -0.0000    0.415
   296   0.0000   8.9548   0.6099   0.0000   0.0000   0.0000   0.0000   0.0000   0.0000  -0.0000  -0.0000    0.415
   297   0.0000   8.9713   0.4769   0.0000   0.0000   0.0000   0.0000  -0.0000   0.0000  -0.0000  -0.0000    0.431
   298   0.0000   8.9836   0.3420   0.0000   0.0000   0.0000   0.0000  -0.0000   0.0000  -0.0000  -0.0000    0.441
   299   0.0000   8.9919   0.2058   0.0000   0.0000   0.0000   0.0000  -0.0000   0.0000  -0.0000  -0.0000    0.446
   300   0.0000   8.9960   0.0687   0.0000   0.0000   0.0000   0.0000  -0.0000   0.0000  -0.0000  -0.0000    0.449
 ---------------------------------------------------------------
