 ---------------------------------------------------------------
 Surface and Strip Forces by surface

  Forces referred to Sref, Cref, Bref about Xref, Yref, Zref
 Standard axis orientation,  X fwd, Z down         

  Surface # 1     main_wing                               
     # Chordwise =  5   # Spanwise = 60     First strip =  1
     Surface area =  531.821899       Ave. chord =    8.117932
     CLsurf  =   0.12624     Clsurf  =   0.00662
     CYsurf  =   0.00996     Cmsurf  =   0.19910
     CDsurf  =   0.00130     Cnsurf  =   0.00223
     CDisurf =   0.00130     CDvsurf =   0.00000

  Forces referred to Ssurf, Cave about hinge axis thru LE
     CLsurf  =   0.13459     CDsurf  =   0.00138
     Deflect =

 Strip Forces referred to Strip Area, Chord
    j      Yle    Chord     Area     c cl      ai      cl_norm  cl       cd       cdv    cm_c/4    cm_LE  C.P.x/c
     1 -33.8694   3.4668   0.1562   0.0384   0.0056   0.0145   0.0111   0.0007   0.0000   0.0000  -0.0024    0.246
     2 -33.7795   3.4884   0.4712   0.1146   0.0052   0.0432   0.0328   0.0012   0.0000   0.0000  -0.0073    0.249
     3 -33.5999   3.5316   0.7937   0.1893   0.0043   0.0704   0.0536   0.0016   0.0000  -0.0001  -0.0120    0.252
     4 -33.3310   3.5963   1.1284   0.2618   0.0034   0.0957   0.0728   0.0018   0.0000  -0.0003  -0.0165    0.254
     5 -32.9737   3.6822   1.4800   0.3321   0.0027   0.1186   0.0902   0.0020   0.0000  -0.0004  -0.0205    0.255
     6 -32.5289   3.7892   1.8529   0.4002   0.0023   0.1389   0.1056   0.0021   0.0000  -0.0005  -0.0240    0.255
     7 -31.9979   3.9169   2.2511   0.4664   0.0024   0.1565   0.1191   0.0021   0.0000  -0.0006  -0.0270    0.255
     8 -31.3820   4.0650   2.6784   0.5310   0.0033   0.1718   0.1306   0.0021   0.0000  -0.0005  -0.0295    0.254
     9 -30.6830   4.2331   3.1377   0.5947   0.0050   0.1847   0.1405   0.0021   0.0000  -0.0005  -0.0317    0.253
    10 -29.9028   4.4207   3.6318   0.6577   0.0072   0.1956   0.1488   0.0020   0.0000  -0.0004  -0.0335    0.253
    11 -29.0436   4.6274   4.1628   0.7208   0.0096   0.2048   0.1558   0.0020   0.0000  -0.0004  -0.0350    0.253
    12 -28.1076   4.8525   4.7322   0.7843   0.0118   0.2125   0.1617   0.0019   0.0000  -0.0004  -0.0363    0.252
    13 -27.0975   5.0954   5.3406   0.8487   0.0136   0.2190   0.1666   0.0018   0.0000  -0.0003  -0.0373    0.252
    14 -26.0160   5.3555   5.9884   0.9144   0.0148   0.2245   0.1708   0.0017   0.0000  -0.0003  -0.0383    0.252
    15 -24.8660   5.6320   6.6749   0.9818   0.0156   0.2293   0.1744   0.0017   0.0000  -0.0003  -0.0391    0.252
    16 -23.6509   5.9243   7.3989   1.0513   0.0161   0.2334   0.1775   0.0016   0.0000  -0.0004  -0.0398    0.252
    17 -22.3737   6.2314   8.1583   1.1234   0.0165   0.2371   0.1803   0.0017   0.0000  -0.0005  -0.0405    0.253
    18 -21.0382   6.5526   8.9505   1.1985   0.0168   0.2405   0.1830   0.0016   0.0000  -0.0006  -0.0412    0.253
    19 -19.6479   6.8870   9.7721   1.2774   0.0172   0.2439   0.1855   0.0016   0.0000  -0.0007  -0.0419    0.254
    20 -18.2066   7.2336  10.6191   1.3606   0.0176   0.2474   0.1882   0.0016   0.0000  -0.0010  -0.0427    0.255
    21 -16.7183   7.5915  11.4867   1.4502   0.0179   0.2512   0.1911   0.0017   0.0000  -0.0014  -0.0437    0.257
    22 -15.2178   8.0270  11.9769   1.5494   0.0184   0.2651   0.1931   0.0016   0.0000  -0.0016  -0.0439    0.258
    23 -13.7104   8.5416  13.0453   1.6637   0.0204   0.2675   0.1948   0.0016   0.0000  -0.0018  -0.0445    0.259
    24 -12.1700   9.0674  14.1297   1.7914   0.0233   0.2713   0.1976   0.0017   0.0000  -0.0021  -0.0454    0.261
    25 -10.6007   9.6031  15.2212   1.9299   0.0296   0.2760   0.2010   0.0017   0.0000  -0.0022  -0.0462    0.261
    26  -9.0069  10.1472  16.3110   2.0322   0.0307   0.2751   0.2003   0.0015   0.0000   0.0010  -0.0432    0.245
    27  -7.3929  10.6981  17.3891   2.0935   0.0268   0.2688   0.1958   0.0010   0.0000   0.0066  -0.0372    0.216
    28  -5.7632  11.2544  18.4457   2.1574   0.0254   0.2633   0.1918   0.0005   0.0000   0.0127  -0.0310    0.184
    29  -4.1222  11.8146  19.4706   2.2555   0.0334   0.2623   0.1911  -0.0009   0.0000   0.0197  -0.0246    0.147
    30  -2.4745  12.3771  20.4537   2.2719   0.0281   0.2527   0.1840  -0.0109   0.0000   0.0554   0.0086   -0.051
    31  -0.8244  12.9404  21.3846   3.1057   0.0317   0.3294   0.2399   0.0077   0.0000   0.0323  -0.0242    0.115
    32   0.9182  12.9083  23.7257  -0.5454   0.0276  -0.0504  -0.0421  -0.0039   0.0000   0.0087   0.0170    0.455
    33   2.7484  12.2836  22.4535   0.3319   0.0270   0.0320   0.0267   0.0091   0.0000  -0.0279  -0.0307    1.296
    34   4.4877  11.7153  19.4048   0.4044   0.0262   0.0400   0.0345   0.0010   0.0000  -0.0127  -0.0192    0.618
    35   6.1324  11.2044  18.3531   0.5204   0.0253   0.0538   0.0464   0.0016   0.0000  -0.0083  -0.0180    0.429
    36   7.7566  10.6999  17.2824   0.6024   0.0245   0.0652   0.0563   0.0019   0.0000  -0.0067  -0.0187    0.368
    37   9.3557  10.2031  16.2020   0.6732   0.0237   0.0764   0.0660   0.0021   0.0000  -0.0054  -0.0197    0.332
    38  10.9254   9.7155  15.1207   0.7499   0.0229   0.0894   0.0772   0.0022   0.0000  -0.0043  -0.0212    0.305
    39  12.4615   9.2384  14.0466   0.8244   0.0221   0.1034   0.0892   0.0023   0.0000  -0.0032  -0.0229    0.285
    40  13.9597   8.7730  12.9878   0.8838   0.0215   0.1167   0.1007   0.0023   0.0000  -0.0023  -0.0247    0.273
    41  15.4158   8.3206  11.9513   0.9258   0.0208   0.1289   0.1113   0.0023   0.0000  -0.0016  -0.0265    0.265
    42  16.8260   7.8826  10.9433   0.9515   0.0203   0.1399   0.1207   0.0022   0.0000  -0.0012  -0.0282    0.260
    43  18.1863   7.4600   9.9701   0.9638   0.0198   0.1497   0.1292   0.0022   0.0000  -0.0008  -0.0298    0.256
    44  19.4930   7.0541   9.0360   0.9656   0.0193   0.1586   0.1369   0.0021   0.0000  -0.0006  -0.0313    0.254
    45  20.7425   6.6660   8.1454   0.9587   0.0188   0.1667   0.1438   0.0020   0.0000  -0.0004  -0.0328    0.253
    46  22.2285   6.2664  10.9447   0.9434   0.0186   0.1802   0.1506   0.0019   0.0000  -0.0001  -0.0336    0.251
    47  23.9231   5.8588   9.6545   0.9172   0.0192   0.1874   0.1566   0.0017   0.0000   0.0006  -0.0343    0.246
    48  25.2257   5.5456   5.3842   0.8842   0.0199   0.1909   0.1595   0.0015   0.0000   0.0014  -0.0342    0.241
    49  26.1614   5.3206   4.8063   0.8506   0.0207   0.1914   0.1599   0.0014   0.0000   0.0022  -0.0336    0.236
    50  27.0284   5.1121   4.2600   0.8118   0.0216   0.1901   0.1589   0.0012   0.0000   0.0031  -0.0326    0.231
    51  27.8244   4.9206   3.7446   0.7669   0.0226   0.1866   0.1559   0.0010   0.0000   0.0042  -0.0309    0.223
    52  28.5471   4.7468   3.2592   0.7151   0.0237   0.1804   0.1507   0.0008   0.0000   0.0054  -0.0287    0.214
    53  29.1945   4.5911   2.8021   0.6558   0.0248   0.1710   0.1429   0.0005   0.0000   0.0067  -0.0258    0.203
    54  29.7650   4.4539   2.3712   0.5889   0.0258   0.1583   0.1323   0.0003   0.0000   0.0078  -0.0224    0.191
    55  30.2570   4.3356   1.9639   0.5142   0.0267   0.1420   0.1187   0.0000   0.0000   0.0086  -0.0186    0.177
    56  30.6690   4.2365   1.5773   0.4321   0.0275   0.1222   0.1021  -0.0002   0.0000   0.0089  -0.0147    0.163
    57  30.9999   4.1569   1.2082   0.3435   0.0281   0.0990   0.0827  -0.0005   0.0000   0.0084  -0.0109    0.149
    58  31.2490   4.0971   0.8529   0.2495   0.0286   0.0730   0.0610  -0.0007   0.0000   0.0069  -0.0074    0.137
    59  31.4154   4.0570   0.5077   0.1514   0.0288   0.0447   0.0374  -0.0011   0.0000   0.0045  -0.0043    0.129
    60  31.4987   4.0370   0.1685   0.0507   0.0290   0.0151   0.0126  -0.0010   0.0000   0.0016  -0.0014    0.126

  Surface # 2     main_wing (YDUP)                        
     # Chordwise =  5   # Spanwise = 60     First strip = 61
     Surface area =  531.821899       Ave. chord =    8.117932
     CLsurf  =   0.12624     Clsurf  =  -0.00662
     CYsurf  =  -0.00996     Cmsurf  =   0.19910
     CDsurf  =   0.00130     Cnsurf  =  -0.00223
     CDisurf =   0.00130     CDvsurf =   0.00000

  Forces referred to Ssurf, Cave about hinge axis thru LE
     CLsurf  =   0.13459     CDsurf  =   0.00138
     Deflect =

 Strip Forces referred to Strip Area, Chord
    j      Yle    Chord     Area     c cl      ai      cl_norm  cl       cd       cdv    cm_c/4    cm_LE  C.P.x/c
    61  33.8694   3.4668   0.1562   0.0384   0.0056   0.0145   0.0111   0.0007   0.0000   0.0000   0.0024    0.246
    62  33.7795   3.4884   0.4712   0.1146   0.0052   0.0432   0.0328   0.0012   0.0000   0.0000   0.0073    0.249
    63  33.5999   3.5316   0.7937   0.1893   0.0043   0.0704   0.0536   0.0016   0.0000  -0.0001   0.0120    0.252
    64  33.3310   3.5963   1.1284   0.2618   0.0034   0.0957   0.0728   0.0018   0.0000  -0.0003   0.0165    0.254
    65  32.9737   3.6822   1.4800   0.3321   0.0027   0.1186   0.0902   0.0020   0.0000  -0.0004   0.0205    0.255
    66  32.5289   3.7892   1.8529   0.4002   0.0023   0.1389   0.1056   0.0021   0.0000  -0.0005   0.0240    0.255
    67  31.9979   3.9169   2.2511   0.4664   0.0024   0.1565   0.1191   0.0021   0.0000  -0.0006   0.0270    0.255
    68  31.3820   4.0650   2.6784   0.5310   0.0033   0.1718   0.1306   0.0021   0.0000  -0.0005   0.0295    0.254
    69  30.6830   4.2331   3.1377   0.5947   0.0050   0.1847   0.1405   0.0021   0.0000  -0.0005   0.0317    0.253
    70  29.9028   4.4207   3.6318   0.6577   0.0072   0.1956   0.1488   0.0020   0.0000  -0.0004   0.0335    0.253
    71  29.0436   4.6274   4.1628   0.7208   0.0096   0.2048   0.1558   0.0020   0.0000  -0.0004   0.0350    0.253
    72  28.1076   4.8525   4.7322   0.7843   0.0118   0.2125   0.1617   0.0019   0.0000  -0.0004   0.0363    0.252
    73  27.0975   5.0954   5.3406   0.8487   0.0136   0.2190   0.1666   0.0018   0.0000  -0.0003   0.0373    0.252
    74  26.0160   5.3555   5.9884   0.9144   0.0148   0.2245   0.1708   0.0017   0.0000  -0.0003   0.0383    0.252
    75  24.8660   5.6320   6.6749   0.9818   0.0156   0.2293   0.1744   0.0017   0.0000  -0.0003   0.0391    0.252
    76  23.6509   5.9243   7.3989   1.0513   0.0161   0.2334   0.1775   0.0016   0.0000  -0.0004   0.0398    0.252
    77  22.3737   6.2314   8.1583   1.1234   0.0165   0.2371   0.1803   0.0017   0.0000  -0.0005   0.0405    0.253
    78  21.0382   6.5526   8.9505   1.1985   0.0168   0.2405   0.1830   0.0016   0.0000  -0.0006   0.0412    0.253
    79  19.6479   6.8870   9.7721   1.2774   0.0172   0.2439   0.1855   0.0016   0.0000  -0.0007   0.0419    0.254
    80  18.2066   7.2336  10.6191   1.3606   0.0176   0.2474   0.1882   0.0016   0.0000  -0.0010   0.0427    0.255
    81  16.7183   7.5915  11.4867   1.4502   0.0179   0.2512   0.1911   0.0017   0.0000  -0.0014   0.0437    0.257
    82  15.2178   8.0270  11.9769   1.5494   0.0184   0.2651   0.1931   0.0016   0.0000  -0.0016   0.0439    0.258
    83  13.7104   8.5416  13.0453   1.6637   0.0204   0.2675   0.1948   0.0016   0.0000  -0.0018   0.0445    0.259
    84  12.1700   9.0674  14.1297   1.7914   0.0233   0.2713   0.1976   0.0017   0.0000  -0.0021   0.0454    0.261
    85  10.6007   9.6031  15.2212   1.9299   0.0296   0.2760   0.2010   0.0017   0.0000  -0.0022   0.0462    0.261
    86   9.0069  10.1472  16.3110   2.0322   0.0307   0.2751   0.2003   0.0015   0.0000   0.0010   0.0432    0.245
    87   7.3929  10.6981  17.3891   2.0935   0.0268   0.2688   0.1958   0.0010   0.0000   0.0066   0.0372    0.216
    88   5.7632  11.2544  18.4457   2.1574   0.0254   0.2633   0.1918   0.0005   0.0000   0.0127   0.0310    0.184
    89   4.1222  11.8146  19.4706   2.2555   0.0334   0.2623   0.1911  -0.0009   0.0000   0.0197   0.0246    0.147
    90   2.4745  12.3771  20.4537   2.2719   0.0281   0.2527   0.1840  -0.0109   0.0000   0.0554  -0.0086   -0.051
    91   0.8244  12.9404  21.3846   3.1058   0.0317   0.3294   0.2399   0.0077   0.0000   0.0323   0.0242    0.115
    92  -0.9182  12.9083  23.7257  -0.5453   0.0276  -0.0504  -0.0421  -0.0039   0.0000   0.0087  -0.0170    0.455
    93  -2.7484  12.2836  22.4535   0.3319   0.0270   0.0320   0.0267   0.0091   0.0000  -0.0279   0.0307    1.296
    94  -4.4877  11.7153  19.4048   0.4044   0.0262   0.0400   0.0345   0.0010   0.0000  -0.0127   0.0192    0.618
    95  -6.1324  11.2044  18.3531   0.5204   0.0253   0.0538   0.0464   0.0016   0.0000  -0.0083   0.0180    0.429
    96  -7.7566  10.6999  17.2824   0.6024   0.0245   0.0652   0.0563   0.0019   0.0000  -0.0067   0.0187    0.368
    97  -9.3557  10.2031  16.2020   0.6732   0.0237   0.0764   0.0660   0.0021   0.0000  -0.0054   0.0197    0.332
    98 -10.9254   9.7155  15.1207   0.7499   0.0229   0.0894   0.0772   0.0022   0.0000  -0.0043   0.0212    0.305
    99 -12.4615   9.2384  14.0466   0.8244   0.0221   0.1034   0.0892   0.0023   0.0000  -0.0032   0.0229    0.285
   100 -13.9597   8.7730  12.9878   0.8838   0.0215   0.1167   0.1007   0.0023   0.0000  -0.0023   0.0247    0.273
   101 -15.4158   8.3206  11.9513   0.9258   0.0208   0.1289   0.1113   0.0023   0.0000  -0.0016   0.0265    0.265
   102 -16.8260   7.8826  10.9433   0.9515   0.0203   0.1399   0.1207   0.0022   0.0000  -0.0012   0.0282    0.260
   103 -18.1863   7.4600   9.9701   0.9638   0.0198   0.1497   0.1292   0.0022   0.0000  -0.0008   0.0298    0.256
   104 -19.4930   7.0541   9.0360   0.9656   0.0193   0.1586   0.1369   0.0021   0.0000  -0.0006   0.0313    0.254
   105 -20.7425   6.6660   8.1454   0.9587   0.0188   0.1667   0.1438   0.0020   0.0000  -0.0004   0.0328    0.253
   106 -22.2285   6.2664  10.9447   0.9434   0.0186   0.1802   0.1506   0.0019   0.0000  -0.0001   0.0336    0.251
   107 -23.9231   5.8588   9.6545   0.9171   0.0192   0.1874   0.1566   0.0017   0.0000   0.0006   0.0343    0.246
   108 -25.2257   5.5456   5.3842   0.8842   0.0199   0.1909   0.1595   0.0015   0.0000   0.0014   0.0342    0.241
   109 -26.1614   5.3206   4.8063   0.8506   0.0207   0.1914   0.1599   0.0014   0.0000   0.0022   0.0336    0.236
   110 -27.0284   5.1121   4.2600   0.8118   0.0216   0.1901   0.1589   0.0012   0.0000   0.0031   0.0326    0.231
   111 -27.8244   4.9206   3.7446   0.7669   0.0226   0.1866   0.1559   0.0010   0.0000   0.0042   0.0309    0.223
   112 -28.5471   4.7468   3.2592   0.7151   0.0237   0.1804   0.1507   0.0008   0.0000   0.0054   0.0287    0.214
   113 -29.1945   4.5911   2.8021   0.6558   0.0248   0.1710   0.1429   0.0005   0.0000   0.0067   0.0258    0.203
   114 -29.7650   4.4539   2.3712   0.5889   0.0258   0.1583   0.1323   0.0003   0.0000   0.0078   0.0224    0.191
   115 -30.2570   4.3356   1.9639   0.5142   0.0267   0.1420   0.1187   0.0000   0.0000   0.0086   0.0186    0.177
   116 -30.6690   4.2365   1.5773   0.4321   0.0275   0.1222   0.1021  -0.0002   0.0000   0.0089   0.0147    0.163
   117 -30.9999   4.1569   1.2082   0.3435   0.0281   0.0990   0.0827  -0.0005   0.0000   0.0084   0.0109    0.149
   118 -31.2490   4.0971   0.8529   0.2495   0.0286   0.0730   0.0610  -0.0007   0.0000   0.0069   0.0074    0.137
   119 -31.4154   4.0570   0.5077   0.1514   0.0288   0.0447   0.0374  -0.0011   0.0000   0.0045   0.0043    0.129
   120 -31.4987   4.0370   0.1685   0.0507   0.0290   0.0151   0.0126  -0.0010   0.0000   0.0016   0.0014    0.126

  Surface # 3     horizontal_stabilizer                   
     # Chordwise =  5   # Spanwise = 60     First strip =121
     Surface area =   43.732090       Ave. chord =    4.269336
     CLsurf  =   0.00716     Clsurf  =  -0.00047
     CYsurf  =  -0.00002     Cmsurf  =  -0.02631
     CDsurf  =   0.00016     Cnsurf  =  -0.00000
     CDisurf =   0.00016     CDvsurf =   0.00000

  Forces referred to Ssurf, Cave about hinge axis thru LE
     CLsurf  =   0.09262     CDsurf  =   0.00203
     Deflect =

 Strip Forces referred to Strip Area, Chord
    j      Yle    Chord     Area     c cl      ai      cl_norm  cl       cd       cdv    cm_c/4    cm_LE  C.P.x/c
   121   0.0017   6.4035   0.0424   0.4881   0.0239   0.0926   0.0718   0.1280   0.0000  -0.0044  -0.0197    0.311
   122   0.0149   6.3980   0.1269   0.4884   0.0240   0.0978   0.0758   0.0155   0.0000  -0.0044  -0.0197    0.307
   123   0.0413   6.3870   0.2107   0.4884   0.0241   0.0984   0.0763   0.0065   0.0000  -0.0043  -0.0198    0.307
   124   0.0808   6.3705   0.2934   0.4884   0.0242   0.0988   0.0766   0.0041   0.0000  -0.0043  -0.0198    0.306
   125   0.1334   6.3486   0.3745   0.4885   0.0243   0.0991   0.0769   0.0031   0.0000  -0.0043  -0.0198    0.305
   126   0.1988   6.3213   0.4537   0.4887   0.0245   0.0997   0.0773   0.0026   0.0000  -0.0042  -0.0198    0.304
   127   0.2769   6.2888   0.5305   0.4888   0.0246   0.1002   0.0777   0.0024   0.0000  -0.0041  -0.0198    0.302
   128   0.3674   6.2510   0.6045   0.4889   0.0247   0.1008   0.0782   0.0024   0.0000  -0.0039  -0.0198    0.300
   129   0.4702   6.2082   0.6754   0.4889   0.0249   0.1015   0.0787   0.0022   0.0000  -0.0038  -0.0197    0.298
   130   0.5850   6.1604   0.7429   0.4889   0.0250   0.1023   0.0793   0.0022   0.0000  -0.0036  -0.0197    0.295
   131   0.7113   6.1077   0.8065   0.4890   0.0251   0.1032   0.0800   0.0021   0.0000  -0.0033  -0.0197    0.292
   132   0.8490   6.0503   0.8661   0.4889   0.0252   0.1042   0.0808   0.0021   0.0000  -0.0031  -0.0196    0.288
   133   1.0027   5.9862   0.9844   0.4885   0.0253   0.1052   0.0816   0.0022   0.0000  -0.0029  -0.0196    0.285
   134   1.1727   5.9153   1.0378   0.4882   0.0254   0.1064   0.0825   0.0021   0.0000  -0.0026  -0.0196    0.282
   135   1.3535   5.8400   1.0860   0.4876   0.0255   0.1076   0.0835   0.0021   0.0000  -0.0024  -0.0196    0.278
   136   1.5445   5.7604   1.1288   0.4868   0.0255   0.1090   0.0845   0.0021   0.0000  -0.0021  -0.0196    0.275
   137   1.7453   5.6767   1.1661   0.4857   0.0256   0.1103   0.0855   0.0020   0.0000  -0.0019  -0.0196    0.272
   138   1.9552   5.5892   1.1979   0.4844   0.0257   0.1117   0.0866   0.0020   0.0000  -0.0017  -0.0196    0.269
   139   2.1737   5.4981   1.2240   0.4829   0.0257   0.1132   0.0878   0.0020   0.0000  -0.0015  -0.0197    0.267
   140   2.4003   5.4037   1.2446   0.4808   0.0257   0.1147   0.0890   0.0020   0.0000  -0.0013  -0.0198    0.264
   141   2.6343   5.3061   1.2597   0.4782   0.0258   0.1162   0.0901   0.0020   0.0000  -0.0011  -0.0199    0.262
   142   2.8750   5.2058   1.2693   0.4755   0.0258   0.1178   0.0913   0.0019   0.0000  -0.0009  -0.0200    0.260
   143   3.1217   5.1030   1.2736   0.4723   0.0258   0.1194   0.0925   0.0020   0.0000  -0.0008  -0.0201    0.258
   144   3.3739   4.9978   1.2727   0.4687   0.0258   0.1209   0.0938   0.0020   0.0000  -0.0006  -0.0203    0.257
   145   3.6309   4.8907   1.2668   0.4647   0.0258   0.1225   0.0950   0.0019   0.0000  -0.0005  -0.0204    0.255
   146   3.8918   4.7820   1.2561   0.4601   0.0259   0.1241   0.0962   0.0019   0.0000  -0.0003  -0.0205    0.254
   147   4.1560   4.6718   1.2409   0.4553   0.0259   0.1257   0.0975   0.0018   0.0000  -0.0002  -0.0207    0.252
   148   4.4228   4.5606   1.2215   0.4517   0.0259   0.1277   0.0990   0.0020   0.0000  -0.0003  -0.0211    0.253
   149   4.6915   4.4486   1.1980   0.4440   0.0259   0.1287   0.0998   0.0018   0.0000   0.0000  -0.0210    0.250
   150   4.9613   4.3362   1.1710   0.4374   0.0259   0.1301   0.1009   0.0018   0.0000   0.0001  -0.0211    0.249
   151   5.2314   4.2236   1.1406   0.4306   0.0259   0.1315   0.1020   0.0019   0.0000   0.0003  -0.0212    0.247
   152   5.5012   4.1111   1.1072   0.4238   0.0260   0.1329   0.1031   0.0019   0.0000   0.0004  -0.0214    0.246
   153   5.7698   3.9992   1.0711   0.4155   0.0260   0.1340   0.1039   0.0017   0.0000   0.0005  -0.0214    0.245
   154   6.0367   3.8879   1.0327   0.4074   0.0261   0.1351   0.1048   0.0018   0.0000   0.0007  -0.0215    0.244
   155   6.3009   3.7778   0.9923   0.4139   0.0262   0.1413   0.1096   0.0020   0.0000  -0.0010  -0.0239    0.259
   156   6.5618   3.6690   0.9503   0.3896   0.0263   0.1369   0.1062   0.0018   0.0000   0.0010  -0.0215    0.241
   157   6.8188   3.5619   0.9070   0.3799   0.0264   0.1376   0.1067   0.0017   0.0000   0.0012  -0.0215    0.239
   158   7.0710   3.4568   0.8627   0.3688   0.0266   0.1376   0.1067   0.0015   0.0000   0.0015  -0.0212    0.236
   159   7.3177   3.3540   0.8178   0.3591   0.0267   0.1381   0.1071   0.0017   0.0000   0.0016  -0.0212    0.235
   160   7.5584   3.2536   0.7724   0.3480   0.0269   0.1379   0.1070   0.0017   0.0000   0.0019  -0.0209    0.232
   161   7.7924   3.1561   0.7270   0.3364   0.0272   0.1375   0.1066   0.0015   0.0000   0.0022  -0.0206    0.230
   162   8.0189   3.0617   0.6816   0.3242   0.0274   0.1366   0.1059   0.0016   0.0000   0.0025  -0.0202    0.226
   163   8.2375   2.9706   0.6366   0.3113   0.0277   0.1352   0.1048   0.0016   0.0000   0.0029  -0.0197    0.223
   164   8.4474   2.8831   0.5922   0.2979   0.0280   0.1333   0.1033   0.0014   0.0000   0.0033  -0.0190    0.219
   165   8.6482   2.7994   0.5486   0.2842   0.0283   0.1309   0.1015   0.0014   0.0000   0.0037  -0.0183    0.214
   166   8.8392   2.7198   0.5057   0.2700   0.0286   0.1281   0.0993   0.0012   0.0000   0.0041  -0.0175    0.209
   167   9.0200   2.6444   0.4639   0.2542   0.0289   0.1240   0.0962   0.0013   0.0000   0.0046  -0.0164    0.203
   168   9.1900   2.5736   0.4232   0.2385   0.0292   0.1195   0.0927   0.0011   0.0000   0.0050  -0.0153    0.196
   169   9.3488   2.5074   0.3837   0.2219   0.0295   0.1141   0.0885   0.0009   0.0000   0.0054  -0.0141    0.189
   170   9.4948   2.4465   0.3399   0.2051   0.0298   0.1081   0.0838   0.0008   0.0000   0.0057  -0.0128    0.182
   171   9.6277   2.3911   0.3034   0.1875   0.0301   0.1012   0.0784   0.0007   0.0000   0.0060  -0.0115    0.174
   172   9.7485   2.3408   0.2680   0.1693   0.0303   0.0933   0.0724   0.0005   0.0000   0.0061  -0.0101    0.166
   173   9.8566   2.2957   0.2336   0.1508   0.0305   0.0848   0.0657   0.0005   0.0000   0.0061  -0.0087    0.158
   174   9.9519   2.2560   0.2003   0.1333   0.0307   0.0762   0.0591   0.0003   0.0000   0.0055  -0.0078    0.156
   175  10.0341   2.2217   0.1678   0.1123   0.0309   0.0652   0.0506   0.0001   0.0000   0.0055  -0.0060    0.142
   176  10.1029   2.1930   0.1361   0.0924   0.0311   0.0544   0.0422  -0.0001   0.0000   0.0048  -0.0048    0.135
   177  10.1582   2.1700   0.1052   0.0722   0.0312   0.0429   0.0333  -0.0003   0.0000   0.0040  -0.0036    0.130
   178  10.1998   2.1526   0.0747   0.0517   0.0313   0.0310   0.0241  -0.0005   0.0000   0.0030  -0.0025    0.126
   179  10.2276   2.1410   0.0447   0.0311   0.0313   0.0188   0.0146  -0.0007   0.0000   0.0018  -0.0015    0.124
   180  10.2416   2.1352   0.0149   0.0104   0.0313   0.0063   0.0049  -0.0006   0.0000   0.0006  -0.0005    0.123

  Surface # 4     horizontal_stabilizer (YDUP)            
     # Chordwise =  5   # Spanwise = 60     First strip =181
     Surface area =   43.732090       Ave. chord =    4.269336
     CLsurf  =   0.00716     Clsurf  =   0.00047
     CYsurf  =   0.00002     Cmsurf  =  -0.02631
     CDsurf  =   0.00016     Cnsurf  =   0.00000
     CDisurf =   0.00016     CDvsurf =   0.00000

  Forces referred to Ssurf, Cave about hinge axis thru LE
     CLsurf  =   0.09262     CDsurf  =   0.00203
     Deflect =

 Strip Forces referred to Strip Area, Chord
    j      Yle    Chord     Area     c cl      ai      cl_norm  cl       cd       cdv    cm_c/4    cm_LE  C.P.x/c
   181  -0.0017   6.4035   0.0424   0.4881   0.0239   0.0926   0.0718   0.1280   0.0000  -0.0044   0.0197    0.311
   182  -0.0149   6.3980   0.1269   0.4884   0.0240   0.0978   0.0758   0.0155   0.0000  -0.0044   0.0197    0.307
   183  -0.0413   6.3870   0.2107   0.4884   0.0241   0.0984   0.0763   0.0065   0.0000  -0.0043   0.0198    0.307
   184  -0.0808   6.3705   0.2934   0.4884   0.0242   0.0988   0.0766   0.0041   0.0000  -0.0043   0.0198    0.306
   185  -0.1334   6.3486   0.3745   0.4885   0.0243   0.0991   0.0769   0.0031   0.0000  -0.0043   0.0198    0.305
   186  -0.1988   6.3213   0.4537   0.4887   0.0245   0.0997   0.0773   0.0026   0.0000  -0.0042   0.0198    0.304
   187  -0.2769   6.2888   0.5305   0.4888   0.0246   0.1002   0.0777   0.0024   0.0000  -0.0041   0.0198    0.302
   188  -0.3674   6.2510   0.6045   0.4889   0.0247   0.1008   0.0782   0.0024   0.0000  -0.0039   0.0198    0.300
   189  -0.4702   6.2082   0.6754   0.4889   0.0249   0.1015   0.0787   0.0022   0.0000  -0.0038   0.0197    0.298
   190  -0.5850   6.1604   0.7429   0.4889   0.0250   0.1023   0.0793   0.0022   0.0000  -0.0036   0.0197    0.295
   191  -0.7113   6.1077   0.8065   0.4890   0.0251   0.1032   0.0800   0.0021   0.0000  -0.0033   0.0197    0.292
   192  -0.8490   6.0503   0.8661   0.4889   0.0252   0.1042   0.0808   0.0021   0.0000  -0.0031   0.0196    0.288
   193  -1.0027   5.9862   0.9844   0.4885   0.0253   0.1052   0.0816   0.0022   0.0000  -0.0029   0.0196    0.285
   194  -1.1727   5.9153   1.0378   0.4882   0.0254   0.1064   0.0825   0.0021   0.0000  -0.0026   0.0196    0.282
   195  -1.3535   5.8400   1.0860   0.4876   0.0255   0.1076   0.0835   0.0021   0.0000  -0.0024   0.0196    0.278
   196  -1.5445   5.7604   1.1288   0.4868   0.0255   0.1090   0.0845   0.0021   0.0000  -0.0021   0.0196    0.275
   197  -1.7453   5.6767   1.1661   0.4857   0.0256   0.1103   0.0855   0.0020   0.0000  -0.0019   0.0196    0.272
   198  -1.9552   5.5892   1.1979   0.4844   0.0257   0.1117   0.0866   0.0020   0.0000  -0.0017   0.0196    0.269
   199  -2.1737   5.4981   1.2240   0.4829   0.0257   0.1132   0.0878   0.0020   0.0000  -0.0015   0.0197    0.267
   200  -2.4003   5.4037   1.2446   0.4808   0.0257   0.1147   0.0890   0.0020   0.0000  -0.0013   0.0198    0.264
   201  -2.6343   5.3061   1.2597   0.4782   0.0258   0.1162   0.0901   0.0020   0.0000  -0.0011   0.0199    0.262
   202  -2.8750   5.2058   1.2693   0.4755   0.0258   0.1178   0.0913   0.0019   0.0000  -0.0009   0.0200    0.260
   203  -3.1217   5.1030   1.2736   0.4723   0.0258   0.1194   0.0925   0.0020   0.0000  -0.0008   0.0201    0.258
   204  -3.3739   4.9978   1.2727   0.4687   0.0258   0.1209   0.0938   0.0020   0.0000  -0.0006   0.0203    0.257
   205  -3.6309   4.8907   1.2668   0.4647   0.0258   0.1225   0.0950   0.0019   0.0000  -0.0005   0.0204    0.255
   206  -3.8918   4.7820   1.2561   0.4601   0.0259   0.1241   0.0962   0.0019   0.0000  -0.0003   0.0205    0.254
   207  -4.1560   4.6718   1.2409   0.4553   0.0259   0.1257   0.0975   0.0018   0.0000  -0.0002   0.0207    0.252
   208  -4.4228   4.5606   1.2215   0.4517   0.0259   0.1277   0.0990   0.0020   0.0000  -0.0003   0.0211    0.253
   209  -4.6915   4.4486   1.1980   0.4440   0.0259   0.1287   0.0998   0.0018   0.0000   0.0000   0.0210    0.250
   210  -4.9613   4.3362   1.1710   0.4374   0.0259   0.1301   0.1009   0.0018   0.0000   0.0001   0.0211    0.249
   211  -5.2314   4.2236   1.1406   0.4306   0.0259   0.1315   0.1020   0.0019   0.0000   0.0003   0.0212    0.247
   212  -5.5012   4.1111   1.1072   0.4238   0.0260   0.1329   0.1031   0.0019   0.0000   0.0004   0.0214    0.246
   213  -5.7698   3.9992   1.0711   0.4155   0.0260   0.1340   0.1039   0.0017   0.0000   0.0005   0.0214    0.245
   214  -6.0367   3.8879   1.0327   0.4074   0.0261   0.1351   0.1048   0.0018   0.0000   0.0007   0.0215    0.244
   215  -6.3009   3.7778   0.9923   0.4139   0.0262   0.1413   0.1096   0.0020   0.0000  -0.0010   0.0239    0.259
   216  -6.5618   3.6690   0.9503   0.3896   0.0263   0.1369   0.1062   0.0018   0.0000   0.0010   0.0215    0.241
   217  -6.8188   3.5619   0.9070   0.3799   0.0264   0.1376   0.1067   0.0017   0.0000   0.0012   0.0215    0.239
   218  -7.0710   3.4568   0.8627   0.3688   0.0266   0.1376   0.1067   0.0015   0.0000   0.0015   0.0212    0.236
   219  -7.3177   3.3540   0.8178   0.3591   0.0267   0.1381   0.1071   0.0017   0.0000   0.0016   0.0212    0.235
   220  -7.5584   3.2536   0.7724   0.3480   0.0269   0.1379   0.1070   0.0017   0.0000   0.0019   0.0209    0.232
   221  -7.7924   3.1561   0.7270   0.3364   0.0272   0.1375   0.1066   0.0015   0.0000   0.0022   0.0206    0.230
   222  -8.0189   3.0617   0.6816   0.3242   0.0274   0.1366   0.1059   0.0016   0.0000   0.0025   0.0202    0.226
   223  -8.2375   2.9706   0.6366   0.3113   0.0277   0.1352   0.1048   0.0016   0.0000   0.0029   0.0197    0.223
   224  -8.4474   2.8831   0.5922   0.2979   0.0280   0.1333   0.1033   0.0014   0.0000   0.0033   0.0190    0.219
   225  -8.6482   2.7994   0.5486   0.2842   0.0283   0.1309   0.1015   0.0014   0.0000   0.0037   0.0183    0.214
   226  -8.8392   2.7198   0.5057   0.2700   0.0286   0.1281   0.0993   0.0012   0.0000   0.0041   0.0175    0.209
   227  -9.0200   2.6444   0.4639   0.2542   0.0289   0.1240   0.0962   0.0013   0.0000   0.0046   0.0164    0.203
   228  -9.1900   2.5736   0.4232   0.2385   0.0292   0.1195   0.0927   0.0011   0.0000   0.0050   0.0153    0.196
   229  -9.3488   2.5074   0.3837   0.2219   0.0295   0.1141   0.0885   0.0009   0.0000   0.0054   0.0141    0.189
   230  -9.4948   2.4465   0.3399   0.2051   0.0298   0.1081   0.0838   0.0008   0.0000   0.0057   0.0128    0.182
   231  -9.6277   2.3911   0.3034   0.1875   0.0301   0.1012   0.0784   0.0007   0.0000   0.0060   0.0115    0.174
   232  -9.7485   2.3408   0.2680   0.1693   0.0303   0.0933   0.0724   0.0005   0.0000   0.0061   0.0101    0.166
   233  -9.8566   2.2957   0.2336   0.1508   0.0305   0.0848   0.0657   0.0005   0.0000   0.0061   0.0087    0.158
   234  -9.9519   2.2560   0.2003   0.1333   0.0307   0.0762   0.0591   0.0003   0.0000   0.0055   0.0078    0.156
   235 -10.0341   2.2217   0.1678   0.1123   0.0309   0.0652   0.0506   0.0001   0.0000   0.0055   0.0060    0.142
   236 -10.1029   2.1930   0.1361   0.0924   0.0311   0.0544   0.0422  -0.0001   0.0000   0.0048   0.0048    0.135
   237 -10.1582   2.1700   0.1052   0.0722   0.0312   0.0429   0.0333  -0.0003   0.0000   0.0040   0.0036    0.130
   238 -10.1998   2.1526   0.0747   0.0517   0.0313   0.0310   0.0241  -0.0005   0.0000   0.0030   0.0025    0.126
   239 -10.2276   2.1410   0.0447   0.0311   0.0313   0.0188   0.0146  -0.0007   0.0000   0.0018   0.0015    0.124
   240 -10.2416   2.1352   0.0149   0.0104   0.0313   0.0063   0.0049  -0.0006   0.0000   0.0006   0.0005    0.123

  Surface # 5     vertical_stabilizer                     
     # Chordwise =  5   # Spanwise = 60     First strip =241
     Surface area =  102.378899       Ave. chord =    8.848652
     CLsurf  =   0.00000     Clsurf  =  -0.00000
     CYsurf  =  -0.00000     Cmsurf  =  -0.00000
     CDsurf  =  -0.00000     Cnsurf  =   0.00000
     CDisurf =  -0.00000     CDvsurf =   0.00000

  Forces referred to Ssurf, Cave about hinge axis thru LE
     CLsurf  =   0.00000     CDsurf  =  -0.00000
     Deflect =

 Strip Forces referred to Strip Area, Chord
    j      Yle    Chord     Area     c cl      ai      cl_norm  cl       cd       cdv    cm_c/4    cm_LE  C.P.x/c
   241   0.0000   9.4977   0.3694  -0.0000   0.0000  -0.0000  -0.0000   0.0000   0.0000  -0.0000  -0.0000   -0.095
   242   0.0000   9.4916   0.5095  -0.0000   0.0000  -0.0000  -0.0000   0.0000   0.0000  -0.0000  -0.0000   -0.087
   243   0.0000   9.4835   0.6485  -0.0000   0.0000  -0.0000  -0.0000  -0.0000   0.0000  -0.0000  -0.0000   -0.039
   244   0.0000   9.4735   0.7860  -0.0000   0.0000  -0.0000  -0.0000  -0.0000   0.0000  -0.0000  -0.0000   -0.028
   245   0.0000   9.4616   0.9215  -0.0000   0.0000  -0.0000  -0.0000  -0.0000   0.0000  -0.0000  -0.0000   -0.075
   246   0.0000   9.4478   1.0544  -0.0000  -0.0000  -0.0000  -0.0000  -0.0000   0.0000  -0.0000  -0.0000   -0.109
   247   0.0000   9.4321   1.1845  -0.0000   0.0000  -0.0000  -0.0000  -0.0000   0.0000  -0.0000  -0.0000   -0.128
   248   0.0000   9.4149   1.2715  -0.0000  -0.0000  -0.0000  -0.0000  -0.0000   0.0000  -0.0000  -0.0000   -0.154
   249   0.0000   9.3962   1.3909  -0.0000  -0.0000  -0.0000  -0.0000  -0.0000   0.0000  -0.0000  -0.0000   -0.272
   250   0.0000   9.3758   1.5062  -0.0000   0.0000  -0.0000  -0.0000  -0.0000   0.0000  -0.0000  -0.0000   -0.320
   251   0.0000   9.3538   1.6173  -0.0000   0.0000  -0.0000  -0.0000  -0.0000   0.0000  -0.0000  -0.0000   -0.312
   252   0.0000   9.3301   1.7236  -0.0000  -0.0000  -0.0000  -0.0000  -0.0000   0.0000  -0.0000  -0.0000   -0.372
   253   0.0000   9.3050   1.8249  -0.0000  -0.0000  -0.0000  -0.0000  -0.0000   0.0000  -0.0000  -0.0000   -0.440
   254   0.0000   9.2783   1.9209  -0.0000  -0.0000  -0.0000  -0.0000  -0.0000   0.0000  -0.0000  -0.0000   -0.489
   255   0.0000   9.2503   2.0113  -0.0000  -0.0000  -0.0000  -0.0000  -0.0000   0.0000  -0.0000  -0.0000   -0.837
   256   0.0000   9.2209   2.0959  -0.0000  -0.0000  -0.0000  -0.0000  -0.0000   0.0000  -0.0000  -0.0000   -0.979
   257   0.0000   9.1902   2.1743  -0.0000  -0.0000  -0.0000  -0.0000  -0.0000   0.0000  -0.0000  -0.0000
   258   0.0000   9.1584   2.2465  -0.0000  -0.0000  -0.0000  -0.0000  -0.0000   0.0000  -0.0000  -0.0000
   259   0.0000   9.1254   2.3123   0.0000  -0.0000   0.0000   0.0000  -0.0000   0.0000  -0.0000  -0.0000
   260   0.0000   9.0915   2.3714   0.0000  -0.0000   0.0000   0.0000  -0.0000   0.0000  -0.0000  -0.0000    1.606
   261   0.0000   9.0566   2.4238   0.0000  -0.0000   0.0000   0.0000  -0.0000   0.0000  -0.0000  -0.0000    1.036
   262   0.0000   9.0208   2.4694   0.0000  -0.0000   0.0000   0.0000  -0.0000   0.0000  -0.0000  -0.0000    0.828
   263   0.0000   8.9842   2.5080   0.0000  -0.0000   0.0000   0.0000  -0.0000   0.0000  -0.0000  -0.0000    0.682
   264   0.0000   8.9470   2.5397   0.0000  -0.0000   0.0000   0.0000  -0.0000   0.0000  -0.0000  -0.0000    0.602
   265   0.0000   8.9093   2.5643   0.0000  -0.0000   0.0000   0.0000  -0.0000   0.0000  -0.0000  -0.0000    0.512
   266   0.0000   8.8710   2.5820   0.0000  -0.0000   0.0000   0.0000   0.0000   0.0000  -0.0000  -0.0000    0.491
   267   0.0000   8.8324   2.5928   0.0000  -0.0000   0.0000   0.0000   0.0000   0.0000  -0.0000  -0.0000    0.480
   268   0.0000   8.7935   2.5966   0.0000  -0.0000   0.0000   0.0000  -0.0000   0.0000  -0.0000  -0.0000    0.461
   269   0.0000   8.7544   2.5935   0.0000  -0.0000   0.0000   0.0000   0.0000   0.0000  -0.0000  -0.0000    0.449
   270   0.0000   8.7152   2.5837   0.0000  -0.0000   0.0000   0.0000  -0.0000   0.0000  -0.0000  -0.0000    0.433
   271   0.0000   8.6761   2.5672   0.0000  -0.0000   0.0000   0.0000  -0.0000   0.0000  -0.0000  -0.0000    0.411
   272   0.0000   8.6371   2.5441   0.0000  -0.0000   0.0000   0.0000   0.0000   0.0000  -0.0000  -0.0000    0.400
   273   0.0000   8.5983   2.5147   0.0000  -0.0000   0.0000   0.0000   0.0000   0.0000  -0.0000  -0.0000    0.392
   274   0.0000   8.5598   2.4789   0.0000  -0.0000   0.0000   0.0000  -0.0000   0.0000  -0.0000  -0.0000    0.382
   275   0.0000   8.5218   2.4372   0.0000  -0.0000   0.0000   0.0000  -0.0000   0.0000  -0.0000  -0.0000    0.368
   276   0.0000   8.4843   2.3895   0.0000  -0.0000   0.0000   0.0000   0.0000   0.0000  -0.0000  -0.0000    0.354
   277   0.0000   8.4474   2.3361   0.0000  -0.0000   0.0000   0.0000  -0.0000   0.0000  -0.0000  -0.0000    0.333
   278   0.0000   8.4112   2.2772   0.0000  -0.0000   0.0000   0.0000  -0.0000   0.0000  -0.0000  -0.0000    0.324
   279   0.0000   8.3759   2.2130   0.0000  -0.0000   0.0000   0.0000  -0.0000   0.0000  -0.0000  -0.0000    0.317
   280   0.0000   8.3415   2.1438   0.0000  -0.0000   0.0000   0.0000  -0.0000   0.0000  -0.0000  -0.0000    0.304
   281   0.0000   8.3161   1.0586   0.0000  -0.0000   0.0000   0.0000  -0.0000   0.0000  -0.0000  -0.0000    0.297
   282   0.0000   8.3408   2.0186   0.0000  -0.0000   0.0000   0.0000  -0.0000   0.0000  -0.0000  -0.0000    0.302
   283   0.0000   8.4051   1.9566   0.0000  -0.0000   0.0000   0.0000  -0.0000   0.0000  -0.0000  -0.0000    0.301
   284   0.0000   8.4668   1.8878   0.0000  -0.0000   0.0000   0.0000  -0.0000   0.0000  -0.0000  -0.0000    0.299
   285   0.0000   8.5257   1.8121   0.0000  -0.0000   0.0000   0.0000  -0.0000   0.0000  -0.0000  -0.0000    0.296
   286   0.0000   8.5817   1.7299   0.0000  -0.0000   0.0000   0.0000  -0.0000   0.0000  -0.0000  -0.0000    0.293
   287   0.0000   8.6348   1.6413   0.0000  -0.0000   0.0000   0.0000  -0.0000   0.0000  -0.0000  -0.0000    0.287
   288   0.0000   8.6846   1.5465   0.0000  -0.0000   0.0000   0.0000  -0.0000   0.0000  -0.0000  -0.0000    0.281
   289   0.0000   8.7311   1.4459   0.0000  -0.0000   0.0000   0.0000  -0.0000   0.0000  -0.0000  -0.0000    0.272
   290   0.0000   8.7742   1.3399   0.0000  -0.0000   0.0000   0.0000  -0.0000   0.0000  -0.0000  -0.0000    0.270
   291   0.0000   8.8137   1.2286   0.0000  -0.0000   0.0000   0.0000  -0.0000   0.0000  -0.0000  -0.0000    0.267
   292   0.0000   8.8496   1.1127   0.0000  -0.0000   0.0000   0.0000  -0.0000   0.0000  -0.0000  -0.0000    0.269
   293   0.0000   8.8817   0.9923   0.0000  -0.0000   0.0000   0.0000  -0.0000   0.0000  -0.0000  -0.0000    0.269
   294   0.0000   8.9100   0.8681   0.0000  -0.0000   0.0000   0.0000   0.0000   0.0000  -0.0000  -0.0000    0.271
   295   0.0000   8.9344   0.7405   0.0000  -0.0000   0.0000   0.0000  -0.0000   0.0000  -0.0000  -0.0000    0.273
   296   0.0000   8.9548   0.6099   0.0000  -0.0000   0.0000   0.0000  -0.0000   0.0000  -0.0000  -0.0000    0.272
   297   0.0000   8.9713   0.4769   0.0000   0.0000   0.0000   0.0000  -0.0000   0.0000  -0.0000  -0.0000    0.276
   298   0.0000   8.9836   0.3420   0.0000   0.0000   0.0000   0.0000  -0.0000   0.0000  -0.0000  -0.0000    0.285
   299   0.0000   8.9919   0.2058   0.0000   0.0000   0.0000   0.0000  -0.0000   0.0000  -0.0000  -0.0000    0.276
   300   0.0000   8.9960   0.0687   0.0000   0.0000   0.0000   0.0000  -0.0000   0.0000  -0.0000  -0.0000    0.276
 ---------------------------------------------------------------
