 ---------------------------------------------------------------
 Surface and Strip Forces by surface

  Forces referred to Sref, Cref, Bref about Xref, Yref, Zref
 Standard axis orientation,  X fwd, Z down         

  Surface # 1     main_wing                               
     # Chordwise =  5   # Spanwise = 60     First strip =  1
     Surface area =  531.821899       Ave. chord =    8.117932
     CLsurf  =   0.11102     Clsurf  =   0.00615
     CYsurf  =   0.00894     Cmsurf  =   0.17562
     CDsurf  =   0.00091     Cnsurf  =   0.00205
     CDisurf =   0.00091     CDvsurf =   0.00000

  Forces referred to Ssurf, Cave about hinge axis thru LE
     CLsurf  =   0.11838     CDsurf  =   0.00097
     Deflect =

 Strip Forces referred to Strip Area, Chord
    j      Yle    Chord     Area     c cl      ai      cl_norm  cl       cd       cdv    cm_c/4    cm_LE  C.P.x/c
     1 -33.8694   3.4668   0.1562   0.0362   0.0084   0.0137   0.0104   0.0005   0.0000   0.0001  -0.0022    0.236
     2 -33.7795   3.4884   0.4712   0.1080   0.0079   0.0407   0.0309   0.0010   0.0000   0.0003  -0.0066    0.239
     3 -33.5999   3.5316   0.7937   0.1778   0.0068   0.0662   0.0503   0.0013   0.0000   0.0003  -0.0109    0.243
     4 -33.3310   3.5963   1.1284   0.2450   0.0057   0.0895   0.0681   0.0015   0.0000   0.0002  -0.0149    0.246
     5 -32.9737   3.6822   1.4800   0.3093   0.0047   0.1104   0.0840   0.0016   0.0000   0.0001  -0.0186    0.248
     6 -32.5289   3.7892   1.8529   0.3707   0.0040   0.1286   0.0978   0.0016   0.0000   0.0000  -0.0217    0.250
     7 -31.9979   3.9169   2.2511   0.4296   0.0038   0.1442   0.1097   0.0016   0.0000  -0.0000  -0.0244    0.250
     8 -31.3820   4.0650   2.6784   0.4865   0.0042   0.1574   0.1197   0.0016   0.0000  -0.0001  -0.0267    0.251
     9 -30.6830   4.2331   3.1377   0.5419   0.0053   0.1683   0.1280   0.0015   0.0000  -0.0001  -0.0286    0.251
    10 -29.9028   4.4207   3.6318   0.5964   0.0070   0.1774   0.1349   0.0014   0.0000  -0.0001  -0.0301    0.251
    11 -29.0436   4.6274   4.1628   0.6506   0.0089   0.1849   0.1406   0.0014   0.0000  -0.0001  -0.0314    0.251
    12 -28.1076   4.8525   4.7322   0.7050   0.0106   0.1911   0.1453   0.0013   0.0000  -0.0001  -0.0324    0.251
    13 -27.0975   5.0954   5.3406   0.7601   0.0118   0.1962   0.1492   0.0012   0.0000  -0.0001  -0.0333    0.251
    14 -26.0160   5.3555   5.9884   0.8165   0.0127   0.2005   0.1525   0.0011   0.0000  -0.0002  -0.0341    0.251
    15 -24.8660   5.6320   6.6749   0.8741   0.0133   0.2041   0.1553   0.0011   0.0000  -0.0002  -0.0347    0.251
    16 -23.6509   5.9243   7.3989   0.9337   0.0137   0.2073   0.1577   0.0011   0.0000  -0.0003  -0.0353    0.252
    17 -22.3737   6.2314   8.1583   0.9955   0.0140   0.2101   0.1598   0.0011   0.0000  -0.0003  -0.0358    0.252
    18 -21.0382   6.5526   8.9505   1.0600   0.0143   0.2128   0.1618   0.0010   0.0000  -0.0004  -0.0364    0.253
    19 -19.6479   6.8870   9.7721   1.1277   0.0147   0.2154   0.1638   0.0010   0.0000  -0.0005  -0.0369    0.253
    20 -18.2066   7.2336  10.6191   1.1994   0.0152   0.2181   0.1659   0.0010   0.0000  -0.0007  -0.0375    0.254
    21 -16.7183   7.5915  11.4867   1.2758   0.0155   0.2210   0.1681   0.0011   0.0000  -0.0011  -0.0383    0.256
    22 -15.2178   8.0270  11.9769   1.3612   0.0160   0.2329   0.1696   0.0010   0.0000  -0.0013  -0.0385    0.258
    23 -13.7104   8.5416  13.0453   1.4593   0.0179   0.2347   0.1709   0.0010   0.0000  -0.0015  -0.0389    0.259
    24 -12.1700   9.0674  14.1297   1.5690   0.0205   0.2377   0.1731   0.0010   0.0000  -0.0018  -0.0397    0.261
    25 -10.6007   9.6031  15.2212   1.6876   0.0257   0.2414   0.1758   0.0010   0.0000  -0.0021  -0.0405    0.262
    26  -9.0069  10.1472  16.3110   1.7764   0.0260   0.2405   0.1751   0.0009   0.0000   0.0003  -0.0383    0.248
    27  -7.3929  10.6981  17.3891   1.8384   0.0223   0.2361   0.1719   0.0006   0.0000   0.0042  -0.0341    0.225
    28  -5.7632  11.2544  18.4457   1.9220   0.0230   0.2346   0.1709   0.0002   0.0000   0.0081  -0.0304    0.203
    29  -4.1222  11.8146  19.4706   2.0354   0.0307   0.2367   0.1724  -0.0012   0.0000   0.0141  -0.0255    0.168
    30  -2.4745  12.3771  20.4537   2.0650   0.0266   0.2299   0.1675  -0.0154   0.0000   0.0476   0.0054   -0.034
    31  -0.8244  12.9404  21.3846   2.7933   0.0292   0.2961   0.2157   0.0084   0.0000   0.0277  -0.0230    0.122
    32   0.9182  12.9083  23.7257  -0.5214   0.0257  -0.0482  -0.0403  -0.0048   0.0000   0.0082   0.0161    0.454
    33   2.7484  12.2836  22.4535   0.2558   0.0247   0.0245   0.0204   0.0118   0.0000  -0.0272  -0.0286    1.581
    34   4.4877  11.7153  19.4048   0.3150   0.0236   0.0311   0.0269   0.0009   0.0000  -0.0121  -0.0170    0.700
    35   6.1324  11.2044  18.3531   0.4411   0.0227   0.0456   0.0393   0.0014   0.0000  -0.0074  -0.0156    0.439
    36   7.7566  10.6999  17.2824   0.5311   0.0219   0.0575   0.0496   0.0017   0.0000  -0.0057  -0.0163    0.365
    37   9.3557  10.2031  16.2020   0.5990   0.0211   0.0680   0.0587   0.0018   0.0000  -0.0044  -0.0172    0.326
    38  10.9254   9.7155  15.1207   0.6659   0.0204   0.0794   0.0685   0.0019   0.0000  -0.0034  -0.0184    0.299
    39  12.4615   9.2384  14.0466   0.7284   0.0196   0.0914   0.0788   0.0019   0.0000  -0.0024  -0.0199    0.280
    40  13.9597   8.7730  12.9878   0.7769   0.0190   0.1026   0.0885   0.0019   0.0000  -0.0017  -0.0214    0.269
    41  15.4158   8.3206  11.9513   0.8096   0.0183   0.1128   0.0973   0.0019   0.0000  -0.0012  -0.0229    0.262
    42  16.8260   7.8826  10.9433   0.8280   0.0177   0.1217   0.1050   0.0018   0.0000  -0.0008  -0.0244    0.258
    43  18.1863   7.4600   9.9701   0.8348   0.0171   0.1297   0.1119   0.0017   0.0000  -0.0006  -0.0257    0.255
    44  19.4930   7.0541   9.0360   0.8326   0.0165   0.1368   0.1180   0.0017   0.0000  -0.0004  -0.0269    0.254
    45  20.7425   6.6660   8.1454   0.8234   0.0159   0.1432   0.1235   0.0016   0.0000  -0.0004  -0.0281    0.253
    46  22.2285   6.2664  10.9447   0.8075   0.0157   0.1543   0.1289   0.0015   0.0000  -0.0002  -0.0288    0.251
    47  23.9231   5.8588   9.6545   0.7824   0.0160   0.1599   0.1336   0.0013   0.0000   0.0002  -0.0295    0.248
    48  25.2257   5.5456   5.3842   0.7534   0.0166   0.1626   0.1359   0.0012   0.0000   0.0007  -0.0296    0.245
    49  26.1614   5.3206   4.8063   0.7249   0.0173   0.1631   0.1363   0.0012   0.0000   0.0011  -0.0293    0.242
    50  27.0284   5.1121   4.2600   0.6928   0.0182   0.1622   0.1356   0.0010   0.0000   0.0017  -0.0286    0.238
    51  27.8244   4.9206   3.7446   0.6561   0.0192   0.1596   0.1334   0.0009   0.0000   0.0024  -0.0275    0.232
    52  28.5471   4.7468   3.2592   0.6140   0.0205   0.1549   0.1294   0.0008   0.0000   0.0032  -0.0259    0.225
    53  29.1945   4.5911   2.8021   0.5656   0.0218   0.1475   0.1233   0.0007   0.0000   0.0042  -0.0237    0.216
    54  29.7650   4.4539   2.3712   0.5103   0.0231   0.1372   0.1146   0.0005   0.0000   0.0051  -0.0209    0.205
    55  30.2570   4.3356   1.9639   0.4477   0.0244   0.1236   0.1033   0.0003   0.0000   0.0059  -0.0177    0.192
    56  30.6690   4.2365   1.5773   0.3780   0.0255   0.1068   0.0893   0.0002   0.0000   0.0064  -0.0141    0.178
    57  30.9999   4.1569   1.2082   0.3016   0.0264   0.0869   0.0726  -0.0000   0.0000   0.0062  -0.0106    0.164
    58  31.2490   4.0971   0.8529   0.2197   0.0270   0.0642   0.0537  -0.0002   0.0000   0.0053  -0.0072    0.151
    59  31.4154   4.0570   0.5077   0.1336   0.0275   0.0395   0.0330  -0.0004   0.0000   0.0036  -0.0041    0.142
    60  31.4987   4.0370   0.1685   0.0448   0.0277   0.0133   0.0111  -0.0005   0.0000   0.0012  -0.0014    0.138

  Surface # 2     main_wing (YDUP)                        
     # Chordwise =  5   # Spanwise = 60     First strip = 61
     Surface area =  531.821899       Ave. chord =    8.117932
     CLsurf  =   0.11102     Clsurf  =  -0.00615
     CYsurf  =  -0.00894     Cmsurf  =   0.17562
     CDsurf  =   0.00091     Cnsurf  =  -0.00205
     CDisurf =   0.00091     CDvsurf =   0.00000

  Forces referred to Ssurf, Cave about hinge axis thru LE
     CLsurf  =   0.11838     CDsurf  =   0.00097
     Deflect =

 Strip Forces referred to Strip Area, Chord
    j      Yle    Chord     Area     c cl      ai      cl_norm  cl       cd       cdv    cm_c/4    cm_LE  C.P.x/c
    61  33.8694   3.4668   0.1562   0.0362   0.0084   0.0137   0.0104   0.0005   0.0000   0.0001   0.0022    0.236
    62  33.7795   3.4884   0.4712   0.1080   0.0079   0.0407   0.0309   0.0010   0.0000   0.0003   0.0066    0.239
    63  33.5999   3.5316   0.7937   0.1778   0.0068   0.0662   0.0503   0.0013   0.0000   0.0003   0.0109    0.243
    64  33.3310   3.5963   1.1284   0.2450   0.0057   0.0895   0.0681   0.0015   0.0000   0.0002   0.0149    0.246
    65  32.9737   3.6822   1.4800   0.3093   0.0047   0.1104   0.0840   0.0016   0.0000   0.0001   0.0186    0.248
    66  32.5289   3.7892   1.8529   0.3707   0.0040   0.1286   0.0978   0.0016   0.0000   0.0000   0.0217    0.250
    67  31.9979   3.9169   2.2511   0.4296   0.0038   0.1442   0.1097   0.0016   0.0000  -0.0000   0.0244    0.250
    68  31.3820   4.0650   2.6784   0.4865   0.0042   0.1574   0.1197   0.0016   0.0000  -0.0001   0.0267    0.251
    69  30.6830   4.2331   3.1377   0.5419   0.0053   0.1683   0.1280   0.0015   0.0000  -0.0001   0.0286    0.251
    70  29.9028   4.4207   3.6318   0.5964   0.0070   0.1774   0.1349   0.0014   0.0000  -0.0001   0.0301    0.251
    71  29.0436   4.6274   4.1628   0.6506   0.0089   0.1849   0.1406   0.0014   0.0000  -0.0001   0.0314    0.251
    72  28.1076   4.8525   4.7322   0.7050   0.0106   0.1911   0.1453   0.0013   0.0000  -0.0001   0.0324    0.251
    73  27.0975   5.0954   5.3406   0.7601   0.0118   0.1962   0.1492   0.0012   0.0000  -0.0001   0.0333    0.251
    74  26.0160   5.3555   5.9884   0.8165   0.0127   0.2005   0.1525   0.0011   0.0000  -0.0002   0.0341    0.251
    75  24.8660   5.6320   6.6749   0.8741   0.0133   0.2041   0.1553   0.0011   0.0000  -0.0002   0.0347    0.251
    76  23.6509   5.9243   7.3989   0.9337   0.0137   0.2073   0.1577   0.0011   0.0000  -0.0003   0.0353    0.252
    77  22.3737   6.2314   8.1583   0.9955   0.0140   0.2101   0.1598   0.0011   0.0000  -0.0003   0.0358    0.252
    78  21.0382   6.5526   8.9505   1.0600   0.0143   0.2128   0.1618   0.0010   0.0000  -0.0004   0.0364    0.253
    79  19.6479   6.8870   9.7721   1.1277   0.0147   0.2154   0.1638   0.0010   0.0000  -0.0005   0.0369    0.253
    80  18.2066   7.2336  10.6191   1.1994   0.0152   0.2181   0.1659   0.0010   0.0000  -0.0007   0.0375    0.254
    81  16.7183   7.5915  11.4867   1.2758   0.0155   0.2210   0.1681   0.0011   0.0000  -0.0011   0.0383    0.256
    82  15.2178   8.0270  11.9769   1.3612   0.0160   0.2329   0.1696   0.0010   0.0000  -0.0013   0.0385    0.258
    83  13.7104   8.5416  13.0453   1.4593   0.0179   0.2347   0.1709   0.0010   0.0000  -0.0015   0.0389    0.259
    84  12.1700   9.0674  14.1297   1.5690   0.0205   0.2377   0.1731   0.0010   0.0000  -0.0018   0.0397    0.261
    85  10.6007   9.6031  15.2212   1.6876   0.0257   0.2414   0.1758   0.0010   0.0000  -0.0021   0.0405    0.262
    86   9.0069  10.1472  16.3110   1.7764   0.0260   0.2405   0.1751   0.0009   0.0000   0.0003   0.0383    0.248
    87   7.3929  10.6981  17.3891   1.8384   0.0223   0.2361   0.1719   0.0006   0.0000   0.0042   0.0341    0.225
    88   5.7632  11.2544  18.4457   1.9220   0.0230   0.2346   0.1709   0.0002   0.0000   0.0081   0.0304    0.203
    89   4.1222  11.8146  19.4706   2.0354   0.0307   0.2367   0.1724  -0.0012   0.0000   0.0141   0.0255    0.168
    90   2.4745  12.3771  20.4537   2.0650   0.0266   0.2299   0.1675  -0.0154   0.0000   0.0476  -0.0054   -0.034
    91   0.8244  12.9404  21.3846   2.7933   0.0292   0.2961   0.2157   0.0084   0.0000   0.0277   0.0230    0.122
    92  -0.9182  12.9083  23.7257  -0.5214   0.0257  -0.0482  -0.0403  -0.0048   0.0000   0.0082  -0.0161    0.454
    93  -2.7484  12.2836  22.4535   0.2558   0.0247   0.0245   0.0204   0.0118   0.0000  -0.0272   0.0286    1.581
    94  -4.4877  11.7153  19.4048   0.3150   0.0236   0.0311   0.0269   0.0009   0.0000  -0.0121   0.0170    0.700
    95  -6.1324  11.2044  18.3531   0.4411   0.0227   0.0456   0.0393   0.0014   0.0000  -0.0074   0.0156    0.439
    96  -7.7566  10.6999  17.2824   0.5311   0.0219   0.0575   0.0496   0.0017   0.0000  -0.0057   0.0163    0.365
    97  -9.3557  10.2031  16.2020   0.5990   0.0211   0.0680   0.0587   0.0018   0.0000  -0.0044   0.0172    0.326
    98 -10.9254   9.7155  15.1207   0.6659   0.0204   0.0794   0.0685   0.0019   0.0000  -0.0034   0.0184    0.299
    99 -12.4615   9.2384  14.0466   0.7284   0.0196   0.0914   0.0788   0.0019   0.0000  -0.0024   0.0199    0.280
   100 -13.9597   8.7730  12.9878   0.7769   0.0190   0.1026   0.0885   0.0019   0.0000  -0.0017   0.0214    0.269
   101 -15.4158   8.3206  11.9513   0.8096   0.0183   0.1128   0.0973   0.0019   0.0000  -0.0012   0.0229    0.262
   102 -16.8260   7.8826  10.9433   0.8280   0.0177   0.1217   0.1050   0.0018   0.0000  -0.0008   0.0244    0.258
   103 -18.1863   7.4600   9.9701   0.8348   0.0171   0.1297   0.1119   0.0017   0.0000  -0.0006   0.0257    0.255
   104 -19.4930   7.0541   9.0360   0.8326   0.0165   0.1368   0.1180   0.0017   0.0000  -0.0004   0.0269    0.254
   105 -20.7425   6.6660   8.1454   0.8234   0.0159   0.1432   0.1235   0.0016   0.0000  -0.0004   0.0281    0.253
   106 -22.2285   6.2664  10.9447   0.8075   0.0157   0.1543   0.1289   0.0015   0.0000  -0.0002   0.0288    0.251
   107 -23.9231   5.8588   9.6545   0.7824   0.0160   0.1599   0.1336   0.0013   0.0000   0.0002   0.0295    0.248
   108 -25.2257   5.5456   5.3842   0.7534   0.0166   0.1626   0.1359   0.0012   0.0000   0.0007   0.0296    0.245
   109 -26.1614   5.3206   4.8063   0.7249   0.0173   0.1631   0.1363   0.0012   0.0000   0.0011   0.0293    0.242
   110 -27.0284   5.1121   4.2600   0.6928   0.0182   0.1622   0.1356   0.0010   0.0000   0.0017   0.0286    0.238
   111 -27.8244   4.9206   3.7446   0.6561   0.0192   0.1596   0.1334   0.0009   0.0000   0.0024   0.0275    0.232
   112 -28.5471   4.7468   3.2592   0.6140   0.0205   0.1549   0.1294   0.0008   0.0000   0.0032   0.0259    0.225
   113 -29.1945   4.5911   2.8021   0.5656   0.0218   0.1475   0.1233   0.0007   0.0000   0.0042   0.0237    0.216
   114 -29.7650   4.4539   2.3712   0.5103   0.0231   0.1372   0.1146   0.0005   0.0000   0.0051   0.0209    0.205
   115 -30.2570   4.3356   1.9639   0.4477   0.0244   0.1236   0.1033   0.0003   0.0000   0.0059   0.0177    0.192
   116 -30.6690   4.2365   1.5773   0.3780   0.0255   0.1068   0.0893   0.0002   0.0000   0.0064   0.0141    0.178
   117 -30.9999   4.1569   1.2082   0.3016   0.0264   0.0869   0.0726  -0.0000   0.0000   0.0062   0.0106    0.164
   118 -31.2490   4.0971   0.8529   0.2197   0.0270   0.0642   0.0537  -0.0002   0.0000   0.0053   0.0072    0.151
   119 -31.4154   4.0570   0.5077   0.1336   0.0275   0.0395   0.0330  -0.0004   0.0000   0.0036   0.0041    0.142
   120 -31.4987   4.0370   0.1685   0.0448   0.0277   0.0133   0.0111  -0.0005   0.0000   0.0012   0.0014    0.138

  Surface # 3     horizontal_stabilizer                   
     # Chordwise =  5   # Spanwise = 60     First strip =121
     Surface area =   43.732090       Ave. chord =    4.269336
     CLsurf  =   0.00662     Clsurf  =  -0.00043
     CYsurf  =  -0.00001     Cmsurf  =  -0.02429
     CDsurf  =   0.00013     Cnsurf  =  -0.00001
     CDisurf =   0.00013     CDvsurf =   0.00000

  Forces referred to Ssurf, Cave about hinge axis thru LE
     CLsurf  =   0.08552     CDsurf  =   0.00169
     Deflect =

 Strip Forces referred to Strip Area, Chord
    j      Yle    Chord     Area     c cl      ai      cl_norm  cl       cd       cdv    cm_c/4    cm_LE  C.P.x/c
   121   0.0017   6.4035   0.0424   0.4516   0.0218   0.0869   0.0673   0.0931   0.0000  -0.0033  -0.0177    0.300
   122   0.0149   6.3980   0.1269   0.4540   0.0219   0.0910   0.0706   0.0114   0.0000  -0.0032  -0.0177    0.296
   123   0.0413   6.3870   0.2107   0.4541   0.0220   0.0915   0.0710   0.0050   0.0000  -0.0032  -0.0177    0.296
   124   0.0808   6.3705   0.2934   0.4540   0.0221   0.0918   0.0712   0.0032   0.0000  -0.0032  -0.0177    0.295
   125   0.1334   6.3486   0.3745   0.4541   0.0222   0.0922   0.0715   0.0025   0.0000  -0.0031  -0.0177    0.294
   126   0.1988   6.3213   0.4537   0.4541   0.0224   0.0926   0.0718   0.0022   0.0000  -0.0031  -0.0177    0.293
   127   0.2769   6.2888   0.5305   0.4545   0.0225   0.0932   0.0722   0.0021   0.0000  -0.0029  -0.0177    0.291
   128   0.3674   6.2510   0.6045   0.4545   0.0226   0.0937   0.0727   0.0020   0.0000  -0.0028  -0.0177    0.288
   129   0.4702   6.2082   0.6754   0.4545   0.0228   0.0944   0.0732   0.0019   0.0000  -0.0026  -0.0176    0.286
   130   0.5850   6.1604   0.7429   0.4544   0.0229   0.0951   0.0737   0.0019   0.0000  -0.0024  -0.0176    0.283
   131   0.7113   6.1077   0.8065   0.4545   0.0230   0.0959   0.0744   0.0018   0.0000  -0.0022  -0.0175    0.280
   132   0.8490   6.0503   0.8661   0.4544   0.0231   0.0968   0.0751   0.0018   0.0000  -0.0020  -0.0175    0.277
   133   1.0027   5.9862   0.9844   0.4540   0.0231   0.0978   0.0758   0.0018   0.0000  -0.0018  -0.0175    0.274
   134   1.1727   5.9153   1.0378   0.4536   0.0232   0.0989   0.0767   0.0018   0.0000  -0.0016  -0.0175    0.271
   135   1.3535   5.8400   1.0860   0.4529   0.0233   0.1000   0.0775   0.0018   0.0000  -0.0014  -0.0175    0.268
   136   1.5445   5.7604   1.1288   0.4521   0.0233   0.1012   0.0785   0.0018   0.0000  -0.0012  -0.0176    0.266
   137   1.7453   5.6767   1.1661   0.4510   0.0234   0.1025   0.0794   0.0016   0.0000  -0.0011  -0.0176    0.263
   138   1.9552   5.5892   1.1979   0.4496   0.0234   0.1037   0.0804   0.0017   0.0000  -0.0009  -0.0177    0.261
   139   2.1737   5.4981   1.2240   0.4478   0.0234   0.1050   0.0814   0.0017   0.0000  -0.0008  -0.0178    0.259
   140   2.4003   5.4037   1.2446   0.4457   0.0235   0.1064   0.0825   0.0016   0.0000  -0.0006  -0.0179    0.258
   141   2.6343   5.3061   1.2597   0.4434   0.0235   0.1078   0.0836   0.0016   0.0000  -0.0005  -0.0180    0.256
   142   2.8750   5.2058   1.2693   0.4406   0.0234   0.1092   0.0846   0.0017   0.0000  -0.0004  -0.0181    0.255
   143   3.1217   5.1030   1.2736   0.4373   0.0234   0.1105   0.0857   0.0016   0.0000  -0.0003  -0.0183    0.253
   144   3.3739   4.9978   1.2727   0.4336   0.0234   0.1119   0.0868   0.0016   0.0000  -0.0002  -0.0184    0.252
   145   3.6309   4.8907   1.2668   0.4296   0.0234   0.1133   0.0878   0.0016   0.0000  -0.0001  -0.0186    0.251
   146   3.8918   4.7820   1.2561   0.4250   0.0233   0.1146   0.0889   0.0017   0.0000  -0.0000  -0.0187    0.251
   147   4.1560   4.6718   1.2409   0.4203   0.0233   0.1160   0.0900   0.0015   0.0000   0.0000  -0.0189    0.250
   148   4.4228   4.5606   1.2215   0.4149   0.0233   0.1173   0.0910   0.0016   0.0000   0.0001  -0.0191    0.249
   149   4.6915   4.4486   1.1980   0.4095   0.0232   0.1187   0.0920   0.0015   0.0000   0.0002  -0.0192    0.248
   150   4.9613   4.3362   1.1710   0.4031   0.0232   0.1199   0.0930   0.0015   0.0000   0.0002  -0.0194    0.248
   151   5.2314   4.2236   1.1406   0.3965   0.0232   0.1211   0.0939   0.0016   0.0000   0.0003  -0.0195    0.247
   152   5.5012   4.1111   1.1072   0.3895   0.0232   0.1222   0.0947   0.0016   0.0000   0.0003  -0.0196    0.246
   153   5.7698   3.9992   1.0711   0.3818   0.0232   0.1231   0.0955   0.0015   0.0000   0.0004  -0.0197    0.246
   154   6.0367   3.8879   1.0327   0.3743   0.0232   0.1242   0.0963   0.0016   0.0000   0.0005  -0.0198    0.245
   155   6.3009   3.7778   0.9923   0.3663   0.0233   0.1251   0.0970   0.0016   0.0000   0.0006  -0.0199    0.244
   156   6.5618   3.6690   0.9503   0.3575   0.0233   0.1257   0.0974   0.0015   0.0000   0.0007  -0.0199    0.243
   157   6.8188   3.5619   0.9070   0.3486   0.0234   0.1262   0.0979   0.0015   0.0000   0.0008  -0.0199    0.242
   158   7.0710   3.4568   0.8627   0.3384   0.0236   0.1263   0.0979   0.0014   0.0000   0.0010  -0.0198    0.240
   159   7.3177   3.3540   0.8178   0.3296   0.0237   0.1268   0.0983   0.0014   0.0000   0.0011  -0.0198    0.239
   160   7.5584   3.2536   0.7724   0.3194   0.0239   0.1266   0.0982   0.0014   0.0000   0.0012  -0.0196    0.238
   161   7.7924   3.1561   0.7270   0.3090   0.0241   0.1263   0.0979   0.0014   0.0000   0.0014  -0.0194    0.236
   162   8.0189   3.0617   0.6816   0.2980   0.0244   0.1255   0.0973   0.0013   0.0000   0.0016  -0.0191    0.233
   163   8.2375   2.9706   0.6366   0.2867   0.0247   0.1245   0.0965   0.0014   0.0000   0.0019  -0.0187    0.231
   164   8.4474   2.8831   0.5922   0.2745   0.0251   0.1228   0.0952   0.0013   0.0000   0.0021  -0.0182    0.228
   165   8.6482   2.7994   0.5486   0.2622   0.0254   0.1208   0.0937   0.0012   0.0000   0.0025  -0.0176    0.224
   166   8.8392   2.7198   0.5057   0.2516   0.0259   0.1193   0.0925   0.0012   0.0000   0.0024  -0.0174    0.224
   167   9.0200   2.6444   0.4639   0.2355   0.0263   0.1149   0.0891   0.0011   0.0000   0.0032  -0.0161    0.215
   168   9.1900   2.5736   0.4232   0.2213   0.0267   0.1109   0.0860   0.0011   0.0000   0.0035  -0.0151    0.209
   169   9.3488   2.5074   0.3837   0.2065   0.0272   0.1062   0.0824   0.0008   0.0000   0.0039  -0.0141    0.203
   170   9.4948   2.4465   0.3399   0.1899   0.0276   0.1001   0.0776   0.0008   0.0000   0.0044  -0.0126    0.193
   171   9.6277   2.3911   0.3034   0.1752   0.0280   0.0945   0.0733   0.0008   0.0000   0.0045  -0.0116    0.189
   172   9.7485   2.3408   0.2680   0.1586   0.0284   0.0874   0.0678   0.0006   0.0000   0.0047  -0.0103    0.181
   173   9.8566   2.2957   0.2336   0.1415   0.0287   0.0795   0.0617   0.0005   0.0000   0.0048  -0.0090    0.173
   174   9.9519   2.2560   0.2003   0.1257   0.0291   0.0719   0.0558   0.0004   0.0000   0.0043  -0.0081    0.172
   175  10.0341   2.2217   0.1678   0.1057   0.0293   0.0614   0.0476   0.0003   0.0000   0.0045  -0.0063    0.156
   176  10.1029   2.1930   0.1361   0.0871   0.0296   0.0512   0.0397   0.0001   0.0000   0.0040  -0.0050    0.149
   177  10.1582   2.1700   0.1052   0.0681   0.0298   0.0405   0.0314  -0.0000   0.0000   0.0034  -0.0038    0.143
   178  10.1998   2.1526   0.0747   0.0489   0.0299   0.0293   0.0227  -0.0002   0.0000   0.0025  -0.0027    0.139
   179  10.2276   2.1410   0.0447   0.0294   0.0300   0.0178   0.0138  -0.0004   0.0000   0.0016  -0.0016    0.136
   180  10.2416   2.1352   0.0149   0.0098   0.0300   0.0060   0.0046  -0.0004   0.0000   0.0005  -0.0005    0.135

  Surface # 4     horizontal_stabilizer (YDUP)            
     # Chordwise =  5   # Spanwise = 60     First strip =181
     Surface area =   43.732090       Ave. chord =    4.269336
     CLsurf  =   0.00662     Clsurf  =   0.00043
     CYsurf  =   0.00001     Cmsurf  =  -0.02429
     CDsurf  =   0.00013     Cnsurf  =   0.00001
     CDisurf =   0.00013     CDvsurf =   0.00000

  Forces referred to Ssurf, Cave about hinge axis thru LE
     CLsurf  =   0.08552     CDsurf  =   0.00169
     Deflect =

 Strip Forces referred to Strip Area, Chord
    j      Yle    Chord     Area     c cl      ai      cl_norm  cl       cd       cdv    cm_c/4    cm_LE  C.P.x/c
   181  -0.0017   6.4035   0.0424   0.4516   0.0218   0.0869   0.0673   0.0931   0.0000  -0.0033   0.0177    0.300
   182  -0.0149   6.3980   0.1269   0.4540   0.0219   0.0910   0.0706   0.0114   0.0000  -0.0032   0.0177    0.296
   183  -0.0413   6.3870   0.2107   0.4541   0.0220   0.0915   0.0710   0.0050   0.0000  -0.0032   0.0177    0.296
   184  -0.0808   6.3705   0.2934   0.4540   0.0221   0.0918   0.0712   0.0032   0.0000  -0.0032   0.0177    0.295
   185  -0.1334   6.3486   0.3745   0.4541   0.0222   0.0922   0.0715   0.0025   0.0000  -0.0031   0.0177    0.294
   186  -0.1988   6.3213   0.4537   0.4541   0.0224   0.0926   0.0718   0.0022   0.0000  -0.0031   0.0177    0.293
   187  -0.2769   6.2888   0.5305   0.4545   0.0225   0.0932   0.0722   0.0021   0.0000  -0.0029   0.0177    0.291
   188  -0.3674   6.2510   0.6045   0.4545   0.0226   0.0937   0.0727   0.0020   0.0000  -0.0028   0.0177    0.288
   189  -0.4702   6.2082   0.6754   0.4545   0.0228   0.0944   0.0732   0.0019   0.0000  -0.0026   0.0176    0.286
   190  -0.5850   6.1604   0.7429   0.4544   0.0229   0.0951   0.0737   0.0019   0.0000  -0.0024   0.0176    0.283
   191  -0.7113   6.1077   0.8065   0.4545   0.0230   0.0959   0.0744   0.0018   0.0000  -0.0022   0.0175    0.280
   192  -0.8490   6.0503   0.8661   0.4544   0.0231   0.0968   0.0751   0.0018   0.0000  -0.0020   0.0175    0.277
   193  -1.0027   5.9862   0.9844   0.4540   0.0231   0.0978   0.0758   0.0018   0.0000  -0.0018   0.0175    0.274
   194  -1.1727   5.9153   1.0378   0.4536   0.0232   0.0989   0.0767   0.0018   0.0000  -0.0016   0.0175    0.271
   195  -1.3535   5.8400   1.0860   0.4529   0.0233   0.1000   0.0775   0.0018   0.0000  -0.0014   0.0175    0.268
   196  -1.5445   5.7604   1.1288   0.4521   0.0233   0.1012   0.0785   0.0018   0.0000  -0.0012   0.0176    0.266
   197  -1.7453   5.6767   1.1661   0.4510   0.0234   0.1025   0.0794   0.0016   0.0000  -0.0011   0.0176    0.263
   198  -1.9552   5.5892   1.1979   0.4496   0.0234   0.1037   0.0804   0.0017   0.0000  -0.0009   0.0177    0.261
   199  -2.1737   5.4981   1.2240   0.4478   0.0234   0.1050   0.0814   0.0017   0.0000  -0.0008   0.0178    0.259
   200  -2.4003   5.4037   1.2446   0.4457   0.0235   0.1064   0.0825   0.0016   0.0000  -0.0006   0.0179    0.258
   201  -2.6343   5.3061   1.2597   0.4434   0.0235   0.1078   0.0836   0.0016   0.0000  -0.0005   0.0180    0.256
   202  -2.8750   5.2058   1.2693   0.4406   0.0234   0.1092   0.0846   0.0017   0.0000  -0.0004   0.0181    0.255
   203  -3.1217   5.1030   1.2736   0.4373   0.0234   0.1105   0.0857   0.0016   0.0000  -0.0003   0.0183    0.253
   204  -3.3739   4.9978   1.2727   0.4336   0.0234   0.1119   0.0868   0.0016   0.0000  -0.0002   0.0184    0.252
   205  -3.6309   4.8907   1.2668   0.4296   0.0234   0.1133   0.0878   0.0016   0.0000  -0.0001   0.0186    0.251
   206  -3.8918   4.7820   1.2561   0.4250   0.0233   0.1146   0.0889   0.0017   0.0000  -0.0000   0.0187    0.251
   207  -4.1560   4.6718   1.2409   0.4203   0.0233   0.1160   0.0900   0.0015   0.0000   0.0000   0.0189    0.250
   208  -4.4228   4.5606   1.2215   0.4149   0.0233   0.1173   0.0910   0.0016   0.0000   0.0001   0.0191    0.249
   209  -4.6915   4.4486   1.1980   0.4095   0.0232   0.1187   0.0920   0.0015   0.0000   0.0002   0.0192    0.248
   210  -4.9613   4.3362   1.1710   0.4031   0.0232   0.1199   0.0930   0.0015   0.0000   0.0002   0.0194    0.248
   211  -5.2314   4.2236   1.1406   0.3965   0.0232   0.1211   0.0939   0.0016   0.0000   0.0003   0.0195    0.247
   212  -5.5012   4.1111   1.1072   0.3895   0.0232   0.1222   0.0947   0.0016   0.0000   0.0003   0.0196    0.246
   213  -5.7698   3.9992   1.0711   0.3818   0.0232   0.1231   0.0955   0.0015   0.0000   0.0004   0.0197    0.246
   214  -6.0367   3.8879   1.0327   0.3743   0.0232   0.1242   0.0963   0.0016   0.0000   0.0005   0.0198    0.245
   215  -6.3009   3.7778   0.9923   0.3663   0.0233   0.1251   0.0970   0.0016   0.0000   0.0006   0.0199    0.244
   216  -6.5618   3.6690   0.9503   0.3575   0.0233   0.1257   0.0974   0.0015   0.0000   0.0007   0.0199    0.243
   217  -6.8188   3.5619   0.9070   0.3486   0.0234   0.1262   0.0979   0.0015   0.0000   0.0008   0.0199    0.242
   218  -7.0710   3.4568   0.8627   0.3384   0.0236   0.1263   0.0979   0.0014   0.0000   0.0010   0.0198    0.240
   219  -7.3177   3.3540   0.8178   0.3296   0.0237   0.1268   0.0983   0.0014   0.0000   0.0011   0.0198    0.239
   220  -7.5584   3.2536   0.7724   0.3194   0.0239   0.1266   0.0982   0.0014   0.0000   0.0012   0.0196    0.238
   221  -7.7924   3.1561   0.7270   0.3090   0.0241   0.1263   0.0979   0.0014   0.0000   0.0014   0.0194    0.236
   222  -8.0189   3.0617   0.6816   0.2980   0.0244   0.1255   0.0973   0.0013   0.0000   0.0016   0.0191    0.233
   223  -8.2375   2.9706   0.6366   0.2867   0.0247   0.1245   0.0965   0.0014   0.0000   0.0019   0.0187    0.231
   224  -8.4474   2.8831   0.5922   0.2745   0.0251   0.1228   0.0952   0.0013   0.0000   0.0021   0.0182    0.228
   225  -8.6482   2.7994   0.5486   0.2622   0.0254   0.1208   0.0937   0.0012   0.0000   0.0025   0.0176    0.224
   226  -8.8392   2.7198   0.5057   0.2516   0.0259   0.1193   0.0925   0.0012   0.0000   0.0024   0.0174    0.224
   227  -9.0200   2.6444   0.4639   0.2355   0.0263   0.1149   0.0891   0.0011   0.0000   0.0032   0.0161    0.215
   228  -9.1900   2.5736   0.4232   0.2213   0.0267   0.1109   0.0860   0.0011   0.0000   0.0035   0.0151    0.209
   229  -9.3488   2.5074   0.3837   0.2065   0.0272   0.1062   0.0824   0.0008   0.0000   0.0039   0.0141    0.203
   230  -9.4948   2.4465   0.3399   0.1899   0.0276   0.1001   0.0776   0.0008   0.0000   0.0044   0.0126    0.193
   231  -9.6277   2.3911   0.3034   0.1752   0.0280   0.0945   0.0733   0.0008   0.0000   0.0045   0.0116    0.189
   232  -9.7485   2.3408   0.2680   0.1586   0.0284   0.0874   0.0678   0.0006   0.0000   0.0047   0.0103    0.181
   233  -9.8566   2.2957   0.2336   0.1415   0.0287   0.0795   0.0617   0.0005   0.0000   0.0048   0.0090    0.173
   234  -9.9519   2.2560   0.2003   0.1257   0.0291   0.0719   0.0558   0.0004   0.0000   0.0043   0.0081    0.172
   235 -10.0341   2.2217   0.1678   0.1057   0.0293   0.0614   0.0476   0.0003   0.0000   0.0045   0.0063    0.156
   236 -10.1029   2.1930   0.1361   0.0871   0.0296   0.0512   0.0397   0.0001   0.0000   0.0040   0.0050    0.149
   237 -10.1582   2.1700   0.1052   0.0681   0.0298   0.0405   0.0314  -0.0000   0.0000   0.0034   0.0038    0.143
   238 -10.1998   2.1526   0.0747   0.0489   0.0299   0.0293   0.0227  -0.0002   0.0000   0.0025   0.0027    0.139
   239 -10.2276   2.1410   0.0447   0.0294   0.0300   0.0178   0.0138  -0.0004   0.0000   0.0016   0.0016    0.136
   240 -10.2416   2.1352   0.0149   0.0098   0.0300   0.0060   0.0046  -0.0004   0.0000   0.0005   0.0005    0.135

  Surface # 5     vertical_stabilizer                     
     # Chordwise =  5   # Spanwise = 60     First strip =241
     Surface area =  102.378899       Ave. chord =    8.848652
     CLsurf  =  -0.00000     Clsurf  =  -0.00000
     CYsurf  =  -0.00000     Cmsurf  =   0.00000
     CDsurf  =   0.00000     Cnsurf  =   0.00000
     CDisurf =   0.00000     CDvsurf =   0.00000

  Forces referred to Ssurf, Cave about hinge axis thru LE
     CLsurf  =   0.00000     CDsurf  =   0.00000
     Deflect =

 Strip Forces referred to Strip Area, Chord
    j      Yle    Chord     Area     c cl      ai      cl_norm  cl       cd       cdv    cm_c/4    cm_LE  C.P.x/c
   241   0.0000   9.4977   0.3694  -0.0000  -0.0000  -0.0000  -0.0000   0.0000   0.0000  -0.0000   0.0000    0.238
   242   0.0000   9.4916   0.5095  -0.0000  -0.0000  -0.0000  -0.0000   0.0000   0.0000  -0.0000   0.0000   -0.026
   243   0.0000   9.4835   0.6485  -0.0000  -0.0000  -0.0000  -0.0000   0.0000   0.0000  -0.0000  -0.0000   -0.046
   244   0.0000   9.4735   0.7860  -0.0000  -0.0000  -0.0000  -0.0000   0.0000   0.0000  -0.0000  -0.0000   -0.754
   245   0.0000   9.4616   0.9215  -0.0000  -0.0000  -0.0000  -0.0000   0.0000   0.0000  -0.0000  -0.0000   -0.559
   246   0.0000   9.4478   1.0544  -0.0000   0.0000  -0.0000  -0.0000   0.0000   0.0000  -0.0000  -0.0000   -0.599
   247   0.0000   9.4321   1.1845  -0.0000   0.0000  -0.0000  -0.0000   0.0000   0.0000  -0.0000  -0.0000   -0.377
   248   0.0000   9.4149   1.2715  -0.0000   0.0000  -0.0000  -0.0000   0.0000   0.0000  -0.0000  -0.0000   -0.577
   249   0.0000   9.3962   1.3909  -0.0000   0.0000  -0.0000  -0.0000   0.0000   0.0000  -0.0000  -0.0000   -0.706
   250   0.0000   9.3758   1.5062  -0.0000   0.0000  -0.0000  -0.0000  -0.0000   0.0000  -0.0000  -0.0000   -0.904
   251   0.0000   9.3538   1.6173  -0.0000   0.0000  -0.0000  -0.0000  -0.0000   0.0000  -0.0000  -0.0000   -0.390
   252   0.0000   9.3301   1.7236  -0.0000   0.0000  -0.0000  -0.0000  -0.0000   0.0000  -0.0000  -0.0000   -0.444
   253   0.0000   9.3050   1.8249  -0.0000   0.0000  -0.0000  -0.0000  -0.0000   0.0000  -0.0000  -0.0000   -0.327
   254   0.0000   9.2783   1.9209  -0.0000   0.0000  -0.0000  -0.0000  -0.0000   0.0000  -0.0000  -0.0000   -0.252
   255   0.0000   9.2503   2.0113  -0.0000   0.0000  -0.0000  -0.0000   0.0000   0.0000  -0.0000  -0.0000   -0.275
   256   0.0000   9.2209   2.0959  -0.0000   0.0000  -0.0000  -0.0000  -0.0000   0.0000  -0.0000  -0.0000   -0.535
   257   0.0000   9.1902   2.1743  -0.0000   0.0000  -0.0000  -0.0000   0.0000   0.0000  -0.0000  -0.0000   -0.558
   258   0.0000   9.1584   2.2465  -0.0000   0.0000  -0.0000  -0.0000  -0.0000   0.0000  -0.0000  -0.0000
   259   0.0000   9.1254   2.3123  -0.0000   0.0000  -0.0000  -0.0000  -0.0000   0.0000  -0.0000  -0.0000
   260   0.0000   9.0915   2.3714  -0.0000   0.0000  -0.0000  -0.0000   0.0000   0.0000  -0.0000  -0.0000
   261   0.0000   9.0566   2.4238   0.0000   0.0000   0.0000   0.0000   0.0000   0.0000  -0.0000  -0.0000
   262   0.0000   9.0208   2.4694   0.0000   0.0000   0.0000   0.0000   0.0000   0.0000  -0.0000  -0.0000
   263   0.0000   8.9842   2.5080   0.0000   0.0000   0.0000   0.0000   0.0000   0.0000  -0.0000  -0.0000    1.865
   264   0.0000   8.9470   2.5397   0.0000   0.0000   0.0000   0.0000  -0.0000   0.0000  -0.0000  -0.0000    1.863
   265   0.0000   8.9093   2.5643   0.0000   0.0000   0.0000   0.0000   0.0000   0.0000  -0.0000  -0.0000    1.226
   266   0.0000   8.8710   2.5820   0.0000   0.0000   0.0000   0.0000   0.0000   0.0000  -0.0000  -0.0000    1.004
   267   0.0000   8.8324   2.5928   0.0000   0.0000   0.0000   0.0000  -0.0000   0.0000  -0.0000  -0.0000    0.833
   268   0.0000   8.7935   2.5966   0.0000  -0.0000   0.0000   0.0000   0.0000   0.0000  -0.0000  -0.0000    0.820
   269   0.0000   8.7544   2.5935   0.0000  -0.0000   0.0000   0.0000  -0.0000   0.0000  -0.0000  -0.0000    0.758
   270   0.0000   8.7152   2.5837   0.0000   0.0000   0.0000   0.0000   0.0000   0.0000  -0.0000  -0.0000    0.686
   271   0.0000   8.6761   2.5672   0.0000  -0.0000   0.0000   0.0000   0.0000   0.0000  -0.0000  -0.0000    0.635
   272   0.0000   8.6371   2.5441   0.0000   0.0000   0.0000   0.0000   0.0000   0.0000  -0.0000  -0.0000    0.588
   273   0.0000   8.5983   2.5147   0.0000  -0.0000   0.0000   0.0000   0.0000   0.0000  -0.0000  -0.0000    0.555
   274   0.0000   8.5598   2.4789   0.0000   0.0000   0.0000   0.0000   0.0000   0.0000  -0.0000  -0.0000    0.529
   275   0.0000   8.5218   2.4372   0.0000  -0.0000   0.0000   0.0000   0.0000   0.0000  -0.0000  -0.0000    0.504
   276   0.0000   8.4843   2.3895   0.0000  -0.0000   0.0000   0.0000   0.0000   0.0000  -0.0000  -0.0000    0.479
   277   0.0000   8.4474   2.3361   0.0000  -0.0000   0.0000   0.0000  -0.0000   0.0000  -0.0000  -0.0000    0.458
   278   0.0000   8.4112   2.2772   0.0000  -0.0000   0.0000   0.0000   0.0000   0.0000  -0.0000  -0.0000    0.429
   279   0.0000   8.3759   2.2130   0.0000  -0.0000   0.0000   0.0000   0.0000   0.0000  -0.0000  -0.0000    0.411
   280   0.0000   8.3415   2.1438   0.0000  -0.0000   0.0000   0.0000   0.0000   0.0000  -0.0000  -0.0000    0.393
   281   0.0000   8.3161   1.0586   0.0000  -0.0000   0.0000   0.0000  -0.0000   0.0000  -0.0000  -0.0000    0.383
   282   0.0000   8.3408   2.0186   0.0000  -0.0000   0.0000   0.0000  -0.0000   0.0000  -0.0000  -0.0000    0.389
   283   0.0000   8.4051   1.9566   0.0000  -0.0000   0.0000   0.0000   0.0000   0.0000  -0.0000  -0.0000    0.383
   284   0.0000   8.4668   1.8878   0.0000  -0.0000   0.0000   0.0000   0.0000   0.0000  -0.0000  -0.0000    0.378
   285   0.0000   8.5257   1.8121   0.0000  -0.0000   0.0000   0.0000   0.0000   0.0000  -0.0000  -0.0000    0.377
   286   0.0000   8.5817   1.7299   0.0000  -0.0000   0.0000   0.0000  -0.0000   0.0000  -0.0000  -0.0000    0.381
   287   0.0000   8.6348   1.6413   0.0000  -0.0000   0.0000   0.0000   0.0000   0.0000  -0.0000  -0.0000    0.380
   288   0.0000   8.6846   1.5465   0.0000  -0.0000   0.0000   0.0000  -0.0000   0.0000  -0.0000  -0.0000    0.375
   289   0.0000   8.7311   1.4459   0.0000  -0.0000   0.0000   0.0000  -0.0000   0.0000  -0.0000  -0.0000    0.390
   290   0.0000   8.7742   1.3399   0.0000  -0.0000   0.0000   0.0000  -0.0000   0.0000  -0.0000  -0.0000    0.384
   291   0.0000   8.8137   1.2286   0.0000  -0.0000   0.0000   0.0000  -0.0000   0.0000  -0.0000  -0.0000    0.387
   292   0.0000   8.8496   1.1127   0.0000  -0.0000   0.0000   0.0000  -0.0000   0.0000  -0.0000  -0.0000    0.396
   293   0.0000   8.8817   0.9923   0.0000  -0.0000   0.0000   0.0000  -0.0000   0.0000  -0.0000  -0.0000    0.399
   294   0.0000   8.9100   0.8681   0.0000   0.0000   0.0000   0.0000  -0.0000   0.0000  -0.0000  -0.0000    0.409
   295   0.0000   8.9344   0.7405   0.0000   0.0000   0.0000   0.0000  -0.0000   0.0000  -0.0000  -0.0000    0.425
   296   0.0000   8.9548   0.6099   0.0000   0.0000   0.0000   0.0000  -0.0000   0.0000  -0.0000  -0.0000    0.425
   297   0.0000   8.9713   0.4769   0.0000   0.0000   0.0000   0.0000  -0.0000   0.0000  -0.0000  -0.0000    0.441
   298   0.0000   8.9836   0.3420   0.0000   0.0000   0.0000   0.0000  -0.0000   0.0000  -0.0000  -0.0000    0.451
   299   0.0000   8.9919   0.2058   0.0000   0.0000   0.0000   0.0000  -0.0000   0.0000  -0.0000  -0.0000    0.455
   300   0.0000   8.9960   0.0687   0.0000   0.0000   0.0000   0.0000  -0.0000   0.0000  -0.0000  -0.0000    0.458
 ---------------------------------------------------------------
