 ---------------------------------------------------------------
 Surface and Strip Forces by surface

  Forces referred to Sref, Cref, Bref about Xref, Yref, Zref
 Standard axis orientation,  X fwd, Z down         

  Surface # 1     main_wing                               
     # Chordwise =  5   # Spanwise = 60     First strip =  1
     Surface area =  531.821899       Ave. chord =    8.117932
     CLsurf  =   0.00000     Clsurf  =   0.00000
     CYsurf  =   0.00000     Cmsurf  =   0.00000
     CDsurf  =   0.00000     Cnsurf  =   0.00000
     CDisurf =   0.00000     CDvsurf =   0.00000

  Forces referred to Ssurf, Cave about hinge axis thru LE
     CLsurf  =   0.00000     CDsurf  =   0.00000
     Deflect =

 Strip Forces referred to Strip Area, Chord
    j      Yle    Chord     Area     c cl      ai      cl_norm  cl       cd       cdv    cm_c/4    cm_LE  C.P.x/c
     1 -33.8694   3.4668   0.1562   0.0000   0.0000   0.0000   0.0000   0.0000   0.0000   0.0000   0.0000
     2 -33.7795   3.4884   0.4712   0.0000   0.0000   0.0000   0.0000   0.0000   0.0000   0.0000   0.0000
     3 -33.5999   3.5316   0.7937   0.0000   0.0000   0.0000   0.0000   0.0000   0.0000   0.0000   0.0000
     4 -33.3310   3.5963   1.1284   0.0000   0.0000   0.0000   0.0000   0.0000   0.0000   0.0000   0.0000
     5 -32.9737   3.6822   1.4800   0.0000   0.0000   0.0000   0.0000   0.0000   0.0000   0.0000   0.0000
     6 -32.5289   3.7892   1.8529   0.0000   0.0000   0.0000   0.0000   0.0000   0.0000   0.0000   0.0000
     7 -31.9979   3.9169   2.2511   0.0000   0.0000   0.0000   0.0000   0.0000   0.0000   0.0000   0.0000
     8 -31.3820   4.0650   2.6784   0.0000   0.0000   0.0000   0.0000   0.0000   0.0000   0.0000   0.0000
     9 -30.6830   4.2331   3.1377   0.0000   0.0000   0.0000   0.0000   0.0000   0.0000   0.0000   0.0000
    10 -29.9028   4.4207   3.6318   0.0000   0.0000   0.0000   0.0000   0.0000   0.0000   0.0000   0.0000
    11 -29.0436   4.6274   4.1628   0.0000   0.0000   0.0000   0.0000   0.0000   0.0000   0.0000   0.0000
    12 -28.1076   4.8525   4.7322   0.0000   0.0000   0.0000   0.0000   0.0000   0.0000   0.0000   0.0000
    13 -27.0975   5.0954   5.3406   0.0000   0.0000   0.0000   0.0000   0.0000   0.0000   0.0000   0.0000
    14 -26.0160   5.3555   5.9884   0.0000   0.0000   0.0000   0.0000   0.0000   0.0000   0.0000   0.0000
    15 -24.8660   5.6320   6.6749   0.0000   0.0000   0.0000   0.0000   0.0000   0.0000   0.0000   0.0000
    16 -23.6509   5.9243   7.3989   0.0000   0.0000   0.0000   0.0000   0.0000   0.0000   0.0000   0.0000
    17 -22.3737   6.2314   8.1583   0.0000   0.0000   0.0000   0.0000   0.0000   0.0000   0.0000   0.0000
    18 -21.0382   6.5526   8.9505   0.0000   0.0000   0.0000   0.0000   0.0000   0.0000   0.0000   0.0000
    19 -19.6479   6.8870   9.7721   0.0000   0.0000   0.0000   0.0000   0.0000   0.0000   0.0000   0.0000
    20 -18.2066   7.2336  10.6191   0.0000   0.0000   0.0000   0.0000   0.0000   0.0000   0.0000   0.0000
    21 -16.7183   7.5915  11.4867   0.0000   0.0000   0.0000   0.0000   0.0000   0.0000   0.0000   0.0000
    22 -15.2178   8.0270  11.9769   0.0000   0.0000   0.0000   0.0000   0.0000   0.0000   0.0000   0.0000
    23 -13.7104   8.5416  13.0453   0.0000   0.0000   0.0000   0.0000   0.0000   0.0000   0.0000   0.0000
    24 -12.1700   9.0674  14.1297   0.0000   0.0000   0.0000   0.0000   0.0000   0.0000   0.0000   0.0000
    25 -10.6007   9.6031  15.2212   0.0000   0.0000   0.0000   0.0000   0.0000   0.0000   0.0000   0.0000
    26  -9.0069  10.1472  16.3110   0.0000   0.0000   0.0000   0.0000   0.0000   0.0000   0.0000   0.0000
    27  -7.3929  10.6981  17.3891   0.0000   0.0000   0.0000   0.0000   0.0000   0.0000   0.0000   0.0000
    28  -5.7632  11.2544  18.4457   0.0000   0.0000   0.0000   0.0000   0.0000   0.0000   0.0000   0.0000
    29  -4.1222  11.8146  19.4706   0.0000   0.0000   0.0000   0.0000   0.0000   0.0000   0.0000   0.0000
    30  -2.4745  12.3771  20.4537   0.0000   0.0000   0.0000   0.0000   0.0000   0.0000   0.0000   0.0000
    31  -0.8244  12.9404  21.3846   0.0000   0.0000   0.0000   0.0000   0.0000   0.0000   0.0000   0.0000
    32   0.9182  12.9083  23.7257   0.0000   0.0000   0.0000   0.0000   0.0000   0.0000   0.0000   0.0000
    33   2.7484  12.2836  22.4535   0.0000   0.0000   0.0000   0.0000   0.0000   0.0000   0.0000   0.0000
    34   4.4877  11.7153  19.4048   0.0000   0.0000   0.0000   0.0000   0.0000   0.0000   0.0000   0.0000
    35   6.1324  11.2044  18.3531   0.0000   0.0000   0.0000   0.0000   0.0000   0.0000   0.0000   0.0000
    36   7.7566  10.6999  17.2824   0.0000   0.0000   0.0000   0.0000   0.0000   0.0000   0.0000   0.0000
    37   9.3557  10.2031  16.2020   0.0000   0.0000   0.0000   0.0000   0.0000   0.0000   0.0000   0.0000
    38  10.9254   9.7155  15.1207   0.0000   0.0000   0.0000   0.0000   0.0000   0.0000   0.0000   0.0000
    39  12.4615   9.2384  14.0466   0.0000   0.0000   0.0000   0.0000   0.0000   0.0000   0.0000   0.0000
    40  13.9597   8.7730  12.9878   0.0000   0.0000   0.0000   0.0000   0.0000   0.0000   0.0000   0.0000
    41  15.4158   8.3206  11.9513   0.0000   0.0000   0.0000   0.0000   0.0000   0.0000   0.0000   0.0000
    42  16.8260   7.8826  10.9433   0.0000   0.0000   0.0000   0.0000   0.0000   0.0000   0.0000   0.0000
    43  18.1863   7.4600   9.9701   0.0000   0.0000   0.0000   0.0000   0.0000   0.0000   0.0000   0.0000
    44  19.4930   7.0541   9.0360   0.0000   0.0000   0.0000   0.0000   0.0000   0.0000   0.0000   0.0000
    45  20.7425   6.6660   8.1454   0.0000   0.0000   0.0000   0.0000   0.0000   0.0000   0.0000   0.0000
    46  22.2285   6.2664  10.9447   0.0000   0.0000   0.0000   0.0000   0.0000   0.0000   0.0000   0.0000
    47  23.9231   5.8588   9.6545   0.0000   0.0000   0.0000   0.0000   0.0000   0.0000   0.0000   0.0000
    48  25.2257   5.5456   5.3842   0.0000   0.0000   0.0000   0.0000   0.0000   0.0000   0.0000   0.0000
    49  26.1614   5.3206   4.8063   0.0000   0.0000   0.0000   0.0000   0.0000   0.0000   0.0000   0.0000
    50  27.0284   5.1121   4.2600   0.0000   0.0000   0.0000   0.0000   0.0000   0.0000   0.0000   0.0000
    51  27.8244   4.9206   3.7446   0.0000   0.0000   0.0000   0.0000   0.0000   0.0000   0.0000   0.0000
    52  28.5471   4.7468   3.2592   0.0000   0.0000   0.0000   0.0000   0.0000   0.0000   0.0000   0.0000
    53  29.1945   4.5911   2.8021   0.0000   0.0000   0.0000   0.0000   0.0000   0.0000   0.0000   0.0000
    54  29.7650   4.4539   2.3712   0.0000   0.0000   0.0000   0.0000   0.0000   0.0000   0.0000   0.0000
    55  30.2570   4.3356   1.9639   0.0000   0.0000   0.0000   0.0000   0.0000   0.0000   0.0000   0.0000
    56  30.6690   4.2365   1.5773   0.0000   0.0000   0.0000   0.0000   0.0000   0.0000   0.0000   0.0000
    57  30.9999   4.1569   1.2082   0.0000   0.0000   0.0000   0.0000   0.0000   0.0000   0.0000   0.0000
    58  31.2490   4.0971   0.8529   0.0000   0.0000   0.0000   0.0000   0.0000   0.0000   0.0000   0.0000
    59  31.4154   4.0570   0.5077   0.0000   0.0000   0.0000   0.0000   0.0000   0.0000   0.0000   0.0000
    60  31.4987   4.0370   0.1685   0.0000   0.0000   0.0000   0.0000   0.0000   0.0000   0.0000   0.0000

  Surface # 2     main_wing (YDUP)                        
     # Chordwise =  5   # Spanwise = 60     First strip = 61
     Surface area =  531.821899       Ave. chord =    8.117932
     CLsurf  =   0.00000     Clsurf  =   0.00000
     CYsurf  =   0.00000     Cmsurf  =   0.00000
     CDsurf  =   0.00000     Cnsurf  =   0.00000
     CDisurf =   0.00000     CDvsurf =   0.00000

  Forces referred to Ssurf, Cave about hinge axis thru LE
     CLsurf  =   0.00000     CDsurf  =   0.00000
     Deflect =

 Strip Forces referred to Strip Area, Chord
    j      Yle    Chord     Area     c cl      ai      cl_norm  cl       cd       cdv    cm_c/4    cm_LE  C.P.x/c
    61  33.8694   3.4668   0.1562   0.0000   0.0000   0.0000   0.0000   0.0000   0.0000   0.0000   0.0000
    62  33.7795   3.4884   0.4712   0.0000   0.0000   0.0000   0.0000   0.0000   0.0000   0.0000   0.0000
    63  33.5999   3.5316   0.7937   0.0000   0.0000   0.0000   0.0000   0.0000   0.0000   0.0000   0.0000
    64  33.3310   3.5963   1.1284   0.0000   0.0000   0.0000   0.0000   0.0000   0.0000   0.0000   0.0000
    65  32.9737   3.6822   1.4800   0.0000   0.0000   0.0000   0.0000   0.0000   0.0000   0.0000   0.0000
    66  32.5289   3.7892   1.8529   0.0000   0.0000   0.0000   0.0000   0.0000   0.0000   0.0000   0.0000
    67  31.9979   3.9169   2.2511   0.0000   0.0000   0.0000   0.0000   0.0000   0.0000   0.0000   0.0000
    68  31.3820   4.0650   2.6784   0.0000   0.0000   0.0000   0.0000   0.0000   0.0000   0.0000   0.0000
    69  30.6830   4.2331   3.1377   0.0000   0.0000   0.0000   0.0000   0.0000   0.0000   0.0000   0.0000
    70  29.9028   4.4207   3.6318   0.0000   0.0000   0.0000   0.0000   0.0000   0.0000   0.0000   0.0000
    71  29.0436   4.6274   4.1628   0.0000   0.0000   0.0000   0.0000   0.0000   0.0000   0.0000   0.0000
    72  28.1076   4.8525   4.7322   0.0000   0.0000   0.0000   0.0000   0.0000   0.0000   0.0000   0.0000
    73  27.0975   5.0954   5.3406   0.0000   0.0000   0.0000   0.0000   0.0000   0.0000   0.0000   0.0000
    74  26.0160   5.3555   5.9884   0.0000   0.0000   0.0000   0.0000   0.0000   0.0000   0.0000   0.0000
    75  24.8660   5.6320   6.6749   0.0000   0.0000   0.0000   0.0000   0.0000   0.0000   0.0000   0.0000
    76  23.6509   5.9243   7.3989   0.0000   0.0000   0.0000   0.0000   0.0000   0.0000   0.0000   0.0000
    77  22.3737   6.2314   8.1583   0.0000   0.0000   0.0000   0.0000   0.0000   0.0000   0.0000   0.0000
    78  21.0382   6.5526   8.9505   0.0000   0.0000   0.0000   0.0000   0.0000   0.0000   0.0000   0.0000
    79  19.6479   6.8870   9.7721   0.0000   0.0000   0.0000   0.0000   0.0000   0.0000   0.0000   0.0000
    80  18.2066   7.2336  10.6191   0.0000   0.0000   0.0000   0.0000   0.0000   0.0000   0.0000   0.0000
    81  16.7183   7.5915  11.4867   0.0000   0.0000   0.0000   0.0000   0.0000   0.0000   0.0000   0.0000
    82  15.2178   8.0270  11.9769   0.0000   0.0000   0.0000   0.0000   0.0000   0.0000   0.0000   0.0000
    83  13.7104   8.5416  13.0453   0.0000   0.0000   0.0000   0.0000   0.0000   0.0000   0.0000   0.0000
    84  12.1700   9.0674  14.1297   0.0000   0.0000   0.0000   0.0000   0.0000   0.0000   0.0000   0.0000
    85  10.6007   9.6031  15.2212   0.0000   0.0000   0.0000   0.0000   0.0000   0.0000   0.0000   0.0000
    86   9.0069  10.1472  16.3110   0.0000   0.0000   0.0000   0.0000   0.0000   0.0000   0.0000   0.0000
    87   7.3929  10.6981  17.3891   0.0000   0.0000   0.0000   0.0000   0.0000   0.0000   0.0000   0.0000
    88   5.7632  11.2544  18.4457   0.0000   0.0000   0.0000   0.0000   0.0000   0.0000   0.0000   0.0000
    89   4.1222  11.8146  19.4706   0.0000   0.0000   0.0000   0.0000   0.0000   0.0000   0.0000   0.0000
    90   2.4745  12.3771  20.4537   0.0000   0.0000   0.0000   0.0000   0.0000   0.0000   0.0000   0.0000
    91   0.8244  12.9404  21.3846   0.0000   0.0000   0.0000   0.0000   0.0000   0.0000   0.0000   0.0000
    92  -0.9182  12.9083  23.7257   0.0000   0.0000   0.0000   0.0000   0.0000   0.0000   0.0000   0.0000
    93  -2.7484  12.2836  22.4535   0.0000   0.0000   0.0000   0.0000   0.0000   0.0000   0.0000   0.0000
    94  -4.4877  11.7153  19.4048   0.0000   0.0000   0.0000   0.0000   0.0000   0.0000   0.0000   0.0000
    95  -6.1324  11.2044  18.3531   0.0000   0.0000   0.0000   0.0000   0.0000   0.0000   0.0000   0.0000
    96  -7.7566  10.6999  17.2824   0.0000   0.0000   0.0000   0.0000   0.0000   0.0000   0.0000   0.0000
    97  -9.3557  10.2031  16.2020   0.0000   0.0000   0.0000   0.0000   0.0000   0.0000   0.0000   0.0000
    98 -10.9254   9.7155  15.1207   0.0000   0.0000   0.0000   0.0000   0.0000   0.0000   0.0000   0.0000
    99 -12.4615   9.2384  14.0466   0.0000   0.0000   0.0000   0.0000   0.0000   0.0000   0.0000   0.0000
   100 -13.9597   8.7730  12.9878   0.0000   0.0000   0.0000   0.0000   0.0000   0.0000   0.0000   0.0000
   101 -15.4158   8.3206  11.9513   0.0000   0.0000   0.0000   0.0000   0.0000   0.0000   0.0000   0.0000
   102 -16.8260   7.8826  10.9433   0.0000   0.0000   0.0000   0.0000   0.0000   0.0000   0.0000   0.0000
   103 -18.1863   7.4600   9.9701   0.0000   0.0000   0.0000   0.0000   0.0000   0.0000   0.0000   0.0000
   104 -19.4930   7.0541   9.0360   0.0000   0.0000   0.0000   0.0000   0.0000   0.0000   0.0000   0.0000
   105 -20.7425   6.6660   8.1454   0.0000   0.0000   0.0000   0.0000   0.0000   0.0000   0.0000   0.0000
   106 -22.2285   6.2664  10.9447   0.0000   0.0000   0.0000   0.0000   0.0000   0.0000   0.0000   0.0000
   107 -23.9231   5.8588   9.6545   0.0000   0.0000   0.0000   0.0000   0.0000   0.0000   0.0000   0.0000
   108 -25.2257   5.5456   5.3842   0.0000   0.0000   0.0000   0.0000   0.0000   0.0000   0.0000   0.0000
   109 -26.1614   5.3206   4.8063   0.0000   0.0000   0.0000   0.0000   0.0000   0.0000   0.0000   0.0000
   110 -27.0284   5.1121   4.2600   0.0000   0.0000   0.0000   0.0000   0.0000   0.0000   0.0000   0.0000
   111 -27.8244   4.9206   3.7446   0.0000   0.0000   0.0000   0.0000   0.0000   0.0000   0.0000   0.0000
   112 -28.5471   4.7468   3.2592   0.0000   0.0000   0.0000   0.0000   0.0000   0.0000   0.0000   0.0000
   113 -29.1945   4.5911   2.8021   0.0000   0.0000   0.0000   0.0000   0.0000   0.0000   0.0000   0.0000
   114 -29.7650   4.4539   2.3712   0.0000   0.0000   0.0000   0.0000   0.0000   0.0000   0.0000   0.0000
   115 -30.2570   4.3356   1.9639   0.0000   0.0000   0.0000   0.0000   0.0000   0.0000   0.0000   0.0000
   116 -30.6690   4.2365   1.5773   0.0000   0.0000   0.0000   0.0000   0.0000   0.0000   0.0000   0.0000
   117 -30.9999   4.1569   1.2082   0.0000   0.0000   0.0000   0.0000   0.0000   0.0000   0.0000   0.0000
   118 -31.2490   4.0971   0.8529   0.0000   0.0000   0.0000   0.0000   0.0000   0.0000   0.0000   0.0000
   119 -31.4154   4.0570   0.5077   0.0000   0.0000   0.0000   0.0000   0.0000   0.0000   0.0000   0.0000
   120 -31.4987   4.0370   0.1685   0.0000   0.0000   0.0000   0.0000   0.0000   0.0000   0.0000   0.0000

  Surface # 3     horizontal_stabilizer                   
     # Chordwise =  5   # Spanwise = 60     First strip =121
     Surface area =   43.732090       Ave. chord =    4.269336
     CLsurf  =   0.00000     Clsurf  =   0.00000
     CYsurf  =   0.00000     Cmsurf  =   0.00000
     CDsurf  =   0.00000     Cnsurf  =   0.00000
     CDisurf =   0.00000     CDvsurf =   0.00000

  Forces referred to Ssurf, Cave about hinge axis thru LE
     CLsurf  =   0.00000     CDsurf  =   0.00000
     Deflect =

 Strip Forces referred to Strip Area, Chord
    j      Yle    Chord     Area     c cl      ai      cl_norm  cl       cd       cdv    cm_c/4    cm_LE  C.P.x/c
   121   0.0017   6.4035   0.0424   0.0000   0.0000   0.0000   0.0000   0.0000   0.0000   0.0000   0.0000
   122   0.0149   6.3980   0.1269   0.0000   0.0000   0.0000   0.0000   0.0000   0.0000   0.0000   0.0000
   123   0.0413   6.3870   0.2107   0.0000   0.0000   0.0000   0.0000   0.0000   0.0000   0.0000   0.0000
   124   0.0808   6.3705   0.2934   0.0000   0.0000   0.0000   0.0000   0.0000   0.0000   0.0000   0.0000
   125   0.1334   6.3486   0.3745   0.0000   0.0000   0.0000   0.0000   0.0000   0.0000   0.0000   0.0000
   126   0.1988   6.3213   0.4537   0.0000   0.0000   0.0000   0.0000   0.0000   0.0000   0.0000   0.0000
   127   0.2769   6.2888   0.5305   0.0000   0.0000   0.0000   0.0000   0.0000   0.0000   0.0000   0.0000
   128   0.3674   6.2510   0.6045   0.0000   0.0000   0.0000   0.0000   0.0000   0.0000   0.0000   0.0000
   129   0.4702   6.2082   0.6754   0.0000   0.0000   0.0000   0.0000   0.0000   0.0000   0.0000   0.0000
   130   0.5850   6.1604   0.7429   0.0000   0.0000   0.0000   0.0000   0.0000   0.0000   0.0000   0.0000
   131   0.7113   6.1077   0.8065   0.0000   0.0000   0.0000   0.0000   0.0000   0.0000   0.0000   0.0000
   132   0.8490   6.0503   0.8661   0.0000   0.0000   0.0000   0.0000   0.0000   0.0000   0.0000   0.0000
   133   1.0027   5.9862   0.9844   0.0000   0.0000   0.0000   0.0000   0.0000   0.0000   0.0000   0.0000
   134   1.1727   5.9153   1.0378   0.0000   0.0000   0.0000   0.0000   0.0000   0.0000   0.0000   0.0000
   135   1.3535   5.8400   1.0860   0.0000   0.0000   0.0000   0.0000   0.0000   0.0000   0.0000   0.0000
   136   1.5445   5.7604   1.1288   0.0000   0.0000   0.0000   0.0000   0.0000   0.0000   0.0000   0.0000
   137   1.7453   5.6767   1.1661   0.0000   0.0000   0.0000   0.0000   0.0000   0.0000   0.0000   0.0000
   138   1.9552   5.5892   1.1979   0.0000   0.0000   0.0000   0.0000   0.0000   0.0000   0.0000   0.0000
   139   2.1737   5.4981   1.2240   0.0000   0.0000   0.0000   0.0000   0.0000   0.0000   0.0000   0.0000
   140   2.4003   5.4037   1.2446   0.0000   0.0000   0.0000   0.0000   0.0000   0.0000   0.0000   0.0000
   141   2.6343   5.3061   1.2597   0.0000   0.0000   0.0000   0.0000   0.0000   0.0000   0.0000   0.0000
   142   2.8750   5.2058   1.2693   0.0000   0.0000   0.0000   0.0000   0.0000   0.0000   0.0000   0.0000
   143   3.1217   5.1030   1.2736   0.0000   0.0000   0.0000   0.0000   0.0000   0.0000   0.0000   0.0000
   144   3.3739   4.9978   1.2727   0.0000   0.0000   0.0000   0.0000   0.0000   0.0000   0.0000   0.0000
   145   3.6309   4.8907   1.2668   0.0000   0.0000   0.0000   0.0000   0.0000   0.0000   0.0000   0.0000
   146   3.8918   4.7820   1.2561   0.0000   0.0000   0.0000   0.0000   0.0000   0.0000   0.0000   0.0000
   147   4.1560   4.6718   1.2409   0.0000   0.0000   0.0000   0.0000   0.0000   0.0000   0.0000   0.0000
   148   4.4228   4.5606   1.2215   0.0000   0.0000   0.0000   0.0000   0.0000   0.0000   0.0000   0.0000
   149   4.6915   4.4486   1.1980   0.0000   0.0000   0.0000   0.0000   0.0000   0.0000   0.0000   0.0000
   150   4.9613   4.3362   1.1710   0.0000   0.0000   0.0000   0.0000   0.0000   0.0000   0.0000   0.0000
   151   5.2314   4.2236   1.1406   0.0000   0.0000   0.0000   0.0000   0.0000   0.0000   0.0000   0.0000
   152   5.5012   4.1111   1.1072   0.0000   0.0000   0.0000   0.0000   0.0000   0.0000   0.0000   0.0000
   153   5.7698   3.9992   1.0711   0.0000   0.0000   0.0000   0.0000   0.0000   0.0000   0.0000   0.0000
   154   6.0367   3.8879   1.0327   0.0000   0.0000   0.0000   0.0000   0.0000   0.0000   0.0000   0.0000
   155   6.3009   3.7778   0.9923   0.0000   0.0000   0.0000   0.0000   0.0000   0.0000   0.0000   0.0000
   156   6.5618   3.6690   0.9503   0.0000   0.0000   0.0000   0.0000   0.0000   0.0000   0.0000   0.0000
   157   6.8188   3.5619   0.9070   0.0000   0.0000   0.0000   0.0000   0.0000   0.0000   0.0000   0.0000
   158   7.0710   3.4568   0.8627   0.0000   0.0000   0.0000   0.0000   0.0000   0.0000   0.0000   0.0000
   159   7.3177   3.3540   0.8178   0.0000   0.0000   0.0000   0.0000   0.0000   0.0000   0.0000   0.0000
   160   7.5584   3.2536   0.7724   0.0000   0.0000   0.0000   0.0000   0.0000   0.0000   0.0000   0.0000
   161   7.7924   3.1561   0.7270   0.0000   0.0000   0.0000   0.0000   0.0000   0.0000   0.0000   0.0000
   162   8.0189   3.0617   0.6816   0.0000   0.0000   0.0000   0.0000   0.0000   0.0000   0.0000   0.0000
   163   8.2375   2.9706   0.6366   0.0000   0.0000   0.0000   0.0000   0.0000   0.0000   0.0000   0.0000
   164   8.4474   2.8831   0.5922   0.0000   0.0000   0.0000   0.0000   0.0000   0.0000   0.0000   0.0000
   165   8.6482   2.7994   0.5486   0.0000   0.0000   0.0000   0.0000   0.0000   0.0000   0.0000   0.0000
   166   8.8392   2.7198   0.5057   0.0000   0.0000   0.0000   0.0000   0.0000   0.0000   0.0000   0.0000
   167   9.0200   2.6444   0.4639   0.0000   0.0000   0.0000   0.0000   0.0000   0.0000   0.0000   0.0000
   168   9.1900   2.5736   0.4232   0.0000   0.0000   0.0000   0.0000   0.0000   0.0000   0.0000   0.0000
   169   9.3488   2.5074   0.3837   0.0000   0.0000   0.0000   0.0000   0.0000   0.0000   0.0000   0.0000
   170   9.4948   2.4465   0.3399   0.0000   0.0000   0.0000   0.0000   0.0000   0.0000   0.0000   0.0000
   171   9.6277   2.3911   0.3034   0.0000   0.0000   0.0000   0.0000   0.0000   0.0000   0.0000   0.0000
   172   9.7485   2.3408   0.2680   0.0000   0.0000   0.0000   0.0000   0.0000   0.0000   0.0000   0.0000
   173   9.8566   2.2957   0.2336   0.0000   0.0000   0.0000   0.0000   0.0000   0.0000   0.0000   0.0000
   174   9.9519   2.2560   0.2003   0.0000   0.0000   0.0000   0.0000   0.0000   0.0000   0.0000   0.0000
   175  10.0341   2.2217   0.1678   0.0000   0.0000   0.0000   0.0000   0.0000   0.0000   0.0000   0.0000
   176  10.1029   2.1930   0.1361   0.0000   0.0000   0.0000   0.0000   0.0000   0.0000   0.0000   0.0000
   177  10.1582   2.1700   0.1052   0.0000   0.0000   0.0000   0.0000   0.0000   0.0000   0.0000   0.0000
   178  10.1998   2.1526   0.0747   0.0000   0.0000   0.0000   0.0000   0.0000   0.0000   0.0000   0.0000
   179  10.2276   2.1410   0.0447   0.0000   0.0000   0.0000   0.0000   0.0000   0.0000   0.0000   0.0000
   180  10.2416   2.1352   0.0149   0.0000   0.0000   0.0000   0.0000   0.0000   0.0000   0.0000   0.0000

  Surface # 4     horizontal_stabilizer (YDUP)            
     # Chordwise =  5   # Spanwise = 60     First strip =181
     Surface area =   43.732090       Ave. chord =    4.269336
     CLsurf  =   0.00000     Clsurf  =   0.00000
     CYsurf  =   0.00000     Cmsurf  =   0.00000
     CDsurf  =   0.00000     Cnsurf  =   0.00000
     CDisurf =   0.00000     CDvsurf =   0.00000

  Forces referred to Ssurf, Cave about hinge axis thru LE
     CLsurf  =   0.00000     CDsurf  =   0.00000
     Deflect =

 Strip Forces referred to Strip Area, Chord
    j      Yle    Chord     Area     c cl      ai      cl_norm  cl       cd       cdv    cm_c/4    cm_LE  C.P.x/c
   181  -0.0017   6.4035   0.0424   0.0000   0.0000   0.0000   0.0000   0.0000   0.0000   0.0000   0.0000
   182  -0.0149   6.3980   0.1269   0.0000   0.0000   0.0000   0.0000   0.0000   0.0000   0.0000   0.0000
   183  -0.0413   6.3870   0.2107   0.0000   0.0000   0.0000   0.0000   0.0000   0.0000   0.0000   0.0000
   184  -0.0808   6.3705   0.2934   0.0000   0.0000   0.0000   0.0000   0.0000   0.0000   0.0000   0.0000
   185  -0.1334   6.3486   0.3745   0.0000   0.0000   0.0000   0.0000   0.0000   0.0000   0.0000   0.0000
   186  -0.1988   6.3213   0.4537   0.0000   0.0000   0.0000   0.0000   0.0000   0.0000   0.0000   0.0000
   187  -0.2769   6.2888   0.5305   0.0000   0.0000   0.0000   0.0000   0.0000   0.0000   0.0000   0.0000
   188  -0.3674   6.2510   0.6045   0.0000   0.0000   0.0000   0.0000   0.0000   0.0000   0.0000   0.0000
   189  -0.4702   6.2082   0.6754   0.0000   0.0000   0.0000   0.0000   0.0000   0.0000   0.0000   0.0000
   190  -0.5850   6.1604   0.7429   0.0000   0.0000   0.0000   0.0000   0.0000   0.0000   0.0000   0.0000
   191  -0.7113   6.1077   0.8065   0.0000   0.0000   0.0000   0.0000   0.0000   0.0000   0.0000   0.0000
   192  -0.8490   6.0503   0.8661   0.0000   0.0000   0.0000   0.0000   0.0000   0.0000   0.0000   0.0000
   193  -1.0027   5.9862   0.9844   0.0000   0.0000   0.0000   0.0000   0.0000   0.0000   0.0000   0.0000
   194  -1.1727   5.9153   1.0378   0.0000   0.0000   0.0000   0.0000   0.0000   0.0000   0.0000   0.0000
   195  -1.3535   5.8400   1.0860   0.0000   0.0000   0.0000   0.0000   0.0000   0.0000   0.0000   0.0000
   196  -1.5445   5.7604   1.1288   0.0000   0.0000   0.0000   0.0000   0.0000   0.0000   0.0000   0.0000
   197  -1.7453   5.6767   1.1661   0.0000   0.0000   0.0000   0.0000   0.0000   0.0000   0.0000   0.0000
   198  -1.9552   5.5892   1.1979   0.0000   0.0000   0.0000   0.0000   0.0000   0.0000   0.0000   0.0000
   199  -2.1737   5.4981   1.2240   0.0000   0.0000   0.0000   0.0000   0.0000   0.0000   0.0000   0.0000
   200  -2.4003   5.4037   1.2446   0.0000   0.0000   0.0000   0.0000   0.0000   0.0000   0.0000   0.0000
   201  -2.6343   5.3061   1.2597   0.0000   0.0000   0.0000   0.0000   0.0000   0.0000   0.0000   0.0000
   202  -2.8750   5.2058   1.2693   0.0000   0.0000   0.0000   0.0000   0.0000   0.0000   0.0000   0.0000
   203  -3.1217   5.1030   1.2736   0.0000   0.0000   0.0000   0.0000   0.0000   0.0000   0.0000   0.0000
   204  -3.3739   4.9978   1.2727   0.0000   0.0000   0.0000   0.0000   0.0000   0.0000   0.0000   0.0000
   205  -3.6309   4.8907   1.2668   0.0000   0.0000   0.0000   0.0000   0.0000   0.0000   0.0000   0.0000
   206  -3.8918   4.7820   1.2561   0.0000   0.0000   0.0000   0.0000   0.0000   0.0000   0.0000   0.0000
   207  -4.1560   4.6718   1.2409   0.0000   0.0000   0.0000   0.0000   0.0000   0.0000   0.0000   0.0000
   208  -4.4228   4.5606   1.2215   0.0000   0.0000   0.0000   0.0000   0.0000   0.0000   0.0000   0.0000
   209  -4.6915   4.4486   1.1980   0.0000   0.0000   0.0000   0.0000   0.0000   0.0000   0.0000   0.0000
   210  -4.9613   4.3362   1.1710   0.0000   0.0000   0.0000   0.0000   0.0000   0.0000   0.0000   0.0000
   211  -5.2314   4.2236   1.1406   0.0000   0.0000   0.0000   0.0000   0.0000   0.0000   0.0000   0.0000
   212  -5.5012   4.1111   1.1072   0.0000   0.0000   0.0000   0.0000   0.0000   0.0000   0.0000   0.0000
   213  -5.7698   3.9992   1.0711   0.0000   0.0000   0.0000   0.0000   0.0000   0.0000   0.0000   0.0000
   214  -6.0367   3.8879   1.0327   0.0000   0.0000   0.0000   0.0000   0.0000   0.0000   0.0000   0.0000
   215  -6.3009   3.7778   0.9923   0.0000   0.0000   0.0000   0.0000   0.0000   0.0000   0.0000   0.0000
   216  -6.5618   3.6690   0.9503   0.0000   0.0000   0.0000   0.0000   0.0000   0.0000   0.0000   0.0000
   217  -6.8188   3.5619   0.9070   0.0000   0.0000   0.0000   0.0000   0.0000   0.0000   0.0000   0.0000
   218  -7.0710   3.4568   0.8627   0.0000   0.0000   0.0000   0.0000   0.0000   0.0000   0.0000   0.0000
   219  -7.3177   3.3540   0.8178   0.0000   0.0000   0.0000   0.0000   0.0000   0.0000   0.0000   0.0000
   220  -7.5584   3.2536   0.7724   0.0000   0.0000   0.0000   0.0000   0.0000   0.0000   0.0000   0.0000
   221  -7.7924   3.1561   0.7270   0.0000   0.0000   0.0000   0.0000   0.0000   0.0000   0.0000   0.0000
   222  -8.0189   3.0617   0.6816   0.0000   0.0000   0.0000   0.0000   0.0000   0.0000   0.0000   0.0000
   223  -8.2375   2.9706   0.6366   0.0000   0.0000   0.0000   0.0000   0.0000   0.0000   0.0000   0.0000
   224  -8.4474   2.8831   0.5922   0.0000   0.0000   0.0000   0.0000   0.0000   0.0000   0.0000   0.0000
   225  -8.6482   2.7994   0.5486   0.0000   0.0000   0.0000   0.0000   0.0000   0.0000   0.0000   0.0000
   226  -8.8392   2.7198   0.5057   0.0000   0.0000   0.0000   0.0000   0.0000   0.0000   0.0000   0.0000
   227  -9.0200   2.6444   0.4639   0.0000   0.0000   0.0000   0.0000   0.0000   0.0000   0.0000   0.0000
   228  -9.1900   2.5736   0.4232   0.0000   0.0000   0.0000   0.0000   0.0000   0.0000   0.0000   0.0000
   229  -9.3488   2.5074   0.3837   0.0000   0.0000   0.0000   0.0000   0.0000   0.0000   0.0000   0.0000
   230  -9.4948   2.4465   0.3399   0.0000   0.0000   0.0000   0.0000   0.0000   0.0000   0.0000   0.0000
   231  -9.6277   2.3911   0.3034   0.0000   0.0000   0.0000   0.0000   0.0000   0.0000   0.0000   0.0000
   232  -9.7485   2.3408   0.2680   0.0000   0.0000   0.0000   0.0000   0.0000   0.0000   0.0000   0.0000
   233  -9.8566   2.2957   0.2336   0.0000   0.0000   0.0000   0.0000   0.0000   0.0000   0.0000   0.0000
   234  -9.9519   2.2560   0.2003   0.0000   0.0000   0.0000   0.0000   0.0000   0.0000   0.0000   0.0000
   235 -10.0341   2.2217   0.1678   0.0000   0.0000   0.0000   0.0000   0.0000   0.0000   0.0000   0.0000
   236 -10.1029   2.1930   0.1361   0.0000   0.0000   0.0000   0.0000   0.0000   0.0000   0.0000   0.0000
   237 -10.1582   2.1700   0.1052   0.0000   0.0000   0.0000   0.0000   0.0000   0.0000   0.0000   0.0000
   238 -10.1998   2.1526   0.0747   0.0000   0.0000   0.0000   0.0000   0.0000   0.0000   0.0000   0.0000
   239 -10.2276   2.1410   0.0447   0.0000   0.0000   0.0000   0.0000   0.0000   0.0000   0.0000   0.0000
   240 -10.2416   2.1352   0.0149   0.0000   0.0000   0.0000   0.0000   0.0000   0.0000   0.0000   0.0000

  Surface # 5     vertical_stabilizer                     
     # Chordwise =  5   # Spanwise = 60     First strip =241
     Surface area =  102.378899       Ave. chord =    8.848652
     CLsurf  =   0.00000     Clsurf  =   0.00000
     CYsurf  =   0.00000     Cmsurf  =   0.00000
     CDsurf  =   0.00000     Cnsurf  =   0.00000
     CDisurf =   0.00000     CDvsurf =   0.00000

  Forces referred to Ssurf, Cave about hinge axis thru LE
     CLsurf  =   0.00000     CDsurf  =   0.00000
     Deflect =

 Strip Forces referred to Strip Area, Chord
    j      Yle    Chord     Area     c cl      ai      cl_norm  cl       cd       cdv    cm_c/4    cm_LE  C.P.x/c
   241   0.0000   9.4977   0.3694   0.0000   0.0000   0.0000   0.0000   0.0000   0.0000   0.0000   0.0000
   242   0.0000   9.4916   0.5095   0.0000   0.0000   0.0000   0.0000   0.0000   0.0000   0.0000   0.0000
   243   0.0000   9.4835   0.6485   0.0000   0.0000   0.0000   0.0000   0.0000   0.0000   0.0000   0.0000
   244   0.0000   9.4735   0.7860   0.0000   0.0000   0.0000   0.0000   0.0000   0.0000   0.0000   0.0000
   245   0.0000   9.4616   0.9215   0.0000   0.0000   0.0000   0.0000   0.0000   0.0000   0.0000   0.0000
   246   0.0000   9.4478   1.0544   0.0000   0.0000   0.0000   0.0000   0.0000   0.0000   0.0000   0.0000
   247   0.0000   9.4321   1.1845   0.0000   0.0000   0.0000   0.0000   0.0000   0.0000   0.0000   0.0000
   248   0.0000   9.4149   1.2715   0.0000   0.0000   0.0000   0.0000   0.0000   0.0000   0.0000   0.0000
   249   0.0000   9.3962   1.3909   0.0000   0.0000   0.0000   0.0000   0.0000   0.0000   0.0000   0.0000
   250   0.0000   9.3758   1.5062   0.0000   0.0000   0.0000   0.0000   0.0000   0.0000   0.0000   0.0000
   251   0.0000   9.3538   1.6173   0.0000   0.0000   0.0000   0.0000   0.0000   0.0000   0.0000   0.0000
   252   0.0000   9.3301   1.7236   0.0000   0.0000   0.0000   0.0000   0.0000   0.0000   0.0000   0.0000
   253   0.0000   9.3050   1.8249   0.0000   0.0000   0.0000   0.0000   0.0000   0.0000   0.0000   0.0000
   254   0.0000   9.2783   1.9209   0.0000   0.0000   0.0000   0.0000   0.0000   0.0000   0.0000   0.0000
   255   0.0000   9.2503   2.0113   0.0000   0.0000   0.0000   0.0000   0.0000   0.0000   0.0000   0.0000
   256   0.0000   9.2209   2.0959   0.0000   0.0000   0.0000   0.0000   0.0000   0.0000   0.0000   0.0000
   257   0.0000   9.1902   2.1743   0.0000   0.0000   0.0000   0.0000   0.0000   0.0000   0.0000   0.0000
   258   0.0000   9.1584   2.2465   0.0000   0.0000   0.0000   0.0000   0.0000   0.0000   0.0000   0.0000
   259   0.0000   9.1254   2.3123   0.0000   0.0000   0.0000   0.0000   0.0000   0.0000   0.0000   0.0000
   260   0.0000   9.0915   2.3714   0.0000   0.0000   0.0000   0.0000   0.0000   0.0000   0.0000   0.0000
   261   0.0000   9.0566   2.4238   0.0000   0.0000   0.0000   0.0000   0.0000   0.0000   0.0000   0.0000
   262   0.0000   9.0208   2.4694   0.0000   0.0000   0.0000   0.0000   0.0000   0.0000   0.0000   0.0000
   263   0.0000   8.9842   2.5080   0.0000   0.0000   0.0000   0.0000   0.0000   0.0000   0.0000   0.0000
   264   0.0000   8.9470   2.5397   0.0000   0.0000   0.0000   0.0000   0.0000   0.0000   0.0000   0.0000
   265   0.0000   8.9093   2.5643   0.0000   0.0000   0.0000   0.0000   0.0000   0.0000   0.0000   0.0000
   266   0.0000   8.8710   2.5820   0.0000   0.0000   0.0000   0.0000   0.0000   0.0000   0.0000   0.0000
   267   0.0000   8.8324   2.5928   0.0000   0.0000   0.0000   0.0000   0.0000   0.0000   0.0000   0.0000
   268   0.0000   8.7935   2.5966   0.0000   0.0000   0.0000   0.0000   0.0000   0.0000   0.0000   0.0000
   269   0.0000   8.7544   2.5935   0.0000   0.0000   0.0000   0.0000   0.0000   0.0000   0.0000   0.0000
   270   0.0000   8.7152   2.5837   0.0000   0.0000   0.0000   0.0000   0.0000   0.0000   0.0000   0.0000
   271   0.0000   8.6761   2.5672   0.0000   0.0000   0.0000   0.0000   0.0000   0.0000   0.0000   0.0000
   272   0.0000   8.6371   2.5441   0.0000   0.0000   0.0000   0.0000   0.0000   0.0000   0.0000   0.0000
   273   0.0000   8.5983   2.5147   0.0000   0.0000   0.0000   0.0000   0.0000   0.0000   0.0000   0.0000
   274   0.0000   8.5598   2.4789   0.0000   0.0000   0.0000   0.0000   0.0000   0.0000   0.0000   0.0000
   275   0.0000   8.5218   2.4372   0.0000   0.0000   0.0000   0.0000   0.0000   0.0000   0.0000   0.0000
   276   0.0000   8.4843   2.3895   0.0000   0.0000   0.0000   0.0000   0.0000   0.0000   0.0000   0.0000
   277   0.0000   8.4474   2.3361   0.0000   0.0000   0.0000   0.0000   0.0000   0.0000   0.0000   0.0000
   278   0.0000   8.4112   2.2772   0.0000   0.0000   0.0000   0.0000   0.0000   0.0000   0.0000   0.0000
   279   0.0000   8.3759   2.2130   0.0000   0.0000   0.0000   0.0000   0.0000   0.0000   0.0000   0.0000
   280   0.0000   8.3415   2.1438   0.0000   0.0000   0.0000   0.0000   0.0000   0.0000   0.0000   0.0000
   281   0.0000   8.3161   1.0586   0.0000   0.0000   0.0000   0.0000   0.0000   0.0000   0.0000   0.0000
   282   0.0000   8.3408   2.0186   0.0000   0.0000   0.0000   0.0000   0.0000   0.0000   0.0000   0.0000
   283   0.0000   8.4051   1.9566   0.0000   0.0000   0.0000   0.0000   0.0000   0.0000   0.0000   0.0000
   284   0.0000   8.4668   1.8878   0.0000   0.0000   0.0000   0.0000   0.0000   0.0000   0.0000   0.0000
   285   0.0000   8.5257   1.8121   0.0000   0.0000   0.0000   0.0000   0.0000   0.0000   0.0000   0.0000
   286   0.0000   8.5817   1.7299   0.0000   0.0000   0.0000   0.0000   0.0000   0.0000   0.0000   0.0000
   287   0.0000   8.6348   1.6413   0.0000   0.0000   0.0000   0.0000   0.0000   0.0000   0.0000   0.0000
   288   0.0000   8.6846   1.5465   0.0000   0.0000   0.0000   0.0000   0.0000   0.0000   0.0000   0.0000
   289   0.0000   8.7311   1.4459   0.0000   0.0000   0.0000   0.0000   0.0000   0.0000   0.0000   0.0000
   290   0.0000   8.7742   1.3399   0.0000   0.0000   0.0000   0.0000   0.0000   0.0000   0.0000   0.0000
   291   0.0000   8.8137   1.2286   0.0000   0.0000   0.0000   0.0000   0.0000   0.0000   0.0000   0.0000
   292   0.0000   8.8496   1.1127   0.0000   0.0000   0.0000   0.0000   0.0000   0.0000   0.0000   0.0000
   293   0.0000   8.8817   0.9923   0.0000   0.0000   0.0000   0.0000   0.0000   0.0000   0.0000   0.0000
   294   0.0000   8.9100   0.8681   0.0000   0.0000   0.0000   0.0000   0.0000   0.0000   0.0000   0.0000
   295   0.0000   8.9344   0.7405   0.0000   0.0000   0.0000   0.0000   0.0000   0.0000   0.0000   0.0000
   296   0.0000   8.9548   0.6099   0.0000   0.0000   0.0000   0.0000   0.0000   0.0000   0.0000   0.0000
   297   0.0000   8.9713   0.4769   0.0000   0.0000   0.0000   0.0000   0.0000   0.0000   0.0000   0.0000
   298   0.0000   8.9836   0.3420   0.0000   0.0000   0.0000   0.0000   0.0000   0.0000   0.0000   0.0000
   299   0.0000   8.9919   0.2058   0.0000   0.0000   0.0000   0.0000   0.0000   0.0000   0.0000   0.0000
   300   0.0000   8.9960   0.0687   0.0000   0.0000   0.0000   0.0000   0.0000   0.0000   0.0000   0.0000
 ---------------------------------------------------------------
