
 241.5250  33.8897    -51.00
 241.5417  33.8897    -39.00
 241.5583  33.8897    -23.00
 241.5750  33.8897    -11.00
 241.5917  33.8897     39.00
 241.6083  33.8897     41.00
 241.6250  33.8897     29.00
 241.6416  33.8897     23.00
 241.6583  33.8897     19.00
 241.6750  33.8897     19.00
 241.6917  33.8897     19.00
 241.7083  33.8897     19.00
 241.7250  33.8897     25.00
 241.7417  33.8897     31.00
 241.7583  33.8897     31.00
 241.7750  33.8897     25.00
 241.7917  33.8897     23.00
 241.8083  33.8897     25.00
 241.8250  33.8897     25.00
 241.8417  33.8897     25.00
 241.8583  33.8897     27.00
 241.8750  33.8897     27.00
 241.8916  33.8897     27.00
 241.9083  33.8897     27.00
 241.9250  33.8897     27.00
 241.9417  33.8897     27.00
 241.9583  33.8897     25.00
 241.9750  33.8897     29.00
 241.9917  33.8897     39.00
 242.0083  33.8897     47.00
 242.0250  33.8897     83.00
 242.0417  33.8897     89.00
 242.0583  33.8897     83.00
 242.0750  33.8897     87.00
 242.0917  33.8897    105.00
 242.1083  33.8897    103.00
 242.1250  33.8897     93.00
 242.1416  33.8897     99.00
 241.5250  33.8759    -61.00
 241.5417  33.8759    -51.00
 241.5583  33.8759    -33.00
 241.5750  33.8759    -19.00
 241.5917  33.8759     17.00
 241.6083  33.8759     51.00
 241.6250  33.8759     37.00
 241.6416  33.8759     33.00
 241.6583  33.8759     23.00
 241.6750  33.8759     19.00
 241.6917  33.8759     15.00
 241.7083  33.8759     13.00
 241.7250  33.8759     15.00
 241.7417  33.8759     27.00
 241.7583  33.8759     41.00
 241.7750  33.8759     29.00
 241.7917  33.8759     23.00
 241.8083  33.8759     21.00
 241.8250  33.8759     21.00
 241.8417  33.8759     21.00
 241.8583  33.8759     23.00
 241.8750  33.8759     23.00
 241.8916  33.8759     23.00
 241.9083  33.8759     23.00
 241.9250  33.8759     23.00
 241.9417  33.8759     23.00
 241.9583  33.8759     23.00
 241.9750  33.8759     21.00
 241.9917  33.8759     25.00
 242.0083  33.8759     29.00
 242.0250  33.8759     39.00
 242.0417  33.8759     43.00
 242.0583  33.8759     53.00
 242.0750  33.8759     61.00
 242.0917  33.8759     61.00
 242.1083  33.8759     69.00
 242.1250  33.8759     75.00
 242.1416  33.8759     83.00
 241.5250  33.8620    -77.00
 241.5417  33.8620    -71.00
 241.5583  33.8620    -57.00
 241.5750  33.8620    -25.00
 241.5917  33.8620    -13.00
 241.6083  33.8620     39.00
 241.6250  33.8620     41.00
 241.6416  33.8620     35.00
 241.6583  33.8620     25.00
 241.6750  33.8620     23.00
 241.6917  33.8620     21.00
 241.7083  33.8620     15.00
 241.7250  33.8620     11.00
 241.7417  33.8620     27.00
 241.7583  33.8620     53.00
 241.7750  33.8620     43.00
 241.7917  33.8620     19.00
 241.8083  33.8620     19.00
 241.8250  33.8620     19.00
 241.8417  33.8620     19.00
 241.8583  33.8620     21.00
 241.8750  33.8620     21.00
 241.8916  33.8620     21.00
 241.9083  33.8620     21.00
 241.9250  33.8620     19.00
 241.9417  33.8620     19.00
 241.9583  33.8620     19.00
 241.9750  33.8620     21.00
 241.9917  33.8620     23.00
 242.0083  33.8620     27.00
 242.0250  33.8620     31.00
 242.0417  33.8620     37.00
 242.0583  33.8620     43.00
 242.0750  33.8620     49.00
 242.0917  33.8620     55.00
 242.1083  33.8620     61.00
 242.1250  33.8620     65.00
 242.1416  33.8620     69.00
 241.5250  33.8482   -111.00
 241.5417  33.8482    -77.00
 241.5583  33.8482    -77.00
 241.5750  33.8482    -85.00
 241.5917  33.8482    -19.00
 241.6083  33.8482     23.00
 241.6250  33.8482     39.00
 241.6416  33.8482     33.00
 241.6583  33.8482     29.00
 241.6750  33.8482     25.00
 241.6917  33.8482     21.00
 241.7083  33.8482     15.00
 241.7250  33.8482     11.00
 241.7417  33.8482      9.00
 241.7583  33.8482     19.00
 241.7750  33.8482     25.00
 241.7917  33.8482     17.00
 241.8083  33.8482     17.00
 241.8250  33.8482     21.00
 241.8417  33.8482     19.00
 241.8583  33.8482     19.00
 241.8750  33.8482     19.00
 241.8916  33.8482     19.00
 241.9083  33.8482     19.00
 241.9250  33.8482     17.00
 241.9417  33.8482     17.00
 241.9583  33.8482     19.00
 241.9750  33.8482     21.00
 241.9917  33.8482     25.00
 242.0083  33.8482     29.00
 242.0250  33.8482     33.00
 242.0417  33.8482     37.00
 242.0583  33.8482     45.00
 242.0750  33.8482     49.00
 242.0917  33.8482     53.00
 242.1083  33.8482     59.00
 242.1250  33.8482     63.00
 242.1416  33.8482     67.00
 241.5250  33.8344   -135.00
 241.5417  33.8344    -85.00
 241.5583  33.8344    -91.00
 241.5750  33.8344   -129.00
 241.5917  33.8344    -41.00
 241.6083  33.8344    -15.00
 241.6250  33.8344     43.00
 241.6416  33.8344     33.00
 241.6583  33.8344     33.00
 241.6750  33.8344     31.00
 241.6917  33.8344     21.00
 241.7083  33.8344     15.00
 241.7250  33.8344     13.00
 241.7417  33.8344      9.00
 241.7583  33.8344     11.00
 241.7750  33.8344     13.00
 241.7917  33.8344     15.00
 241.8083  33.8344     33.00
 241.8250  33.8344     29.00
 241.8417  33.8344     23.00
 241.8583  33.8344     19.00
 241.8750  33.8344     17.00
 241.8916  33.8344     17.00
 241.9083  33.8344     15.00
 241.9250  33.8344     13.00
 241.9417  33.8344     15.00
 241.9583  33.8344     17.00
 241.9750  33.8344     19.00
 241.9917  33.8344     25.00
 242.0083  33.8344     29.00
 242.0250  33.8344     33.00
 242.0417  33.8344     37.00
 242.0583  33.8344     41.00
 242.0750  33.8344     47.00
 242.0917  33.8344     51.00
 242.1083  33.8344     55.00
 242.1250  33.8344     61.00
 242.1416  33.8344     63.00
 241.5250  33.8205   -171.00
 241.5417  33.8205   -205.00
 241.5583  33.8205   -175.00
 241.5750  33.8205    -83.00
 241.5917  33.8205    -23.00
 241.6083  33.8205    -17.00
 241.6250  33.8205     37.00
 241.6416  33.8205     29.00
 241.6583  33.8205     31.00
 241.6750  33.8205     29.00
 241.6917  33.8205     23.00
 241.7083  33.8205     17.00
 241.7250  33.8205     15.00
 241.7417  33.8205     13.00
 241.7583  33.8205     11.00
 241.7750  33.8205     11.00
 241.7917  33.8205     13.00
 241.8083  33.8205     27.00
 241.8250  33.8205     27.00
 241.8417  33.8205     19.00
 241.8583  33.8205     15.00
 241.8750  33.8205     13.00
 241.8916  33.8205     13.00
 241.9083  33.8205     13.00
 241.9250  33.8205     13.00
 241.9417  33.8205     13.00
 241.9583  33.8205     15.00
 241.9750  33.8205     19.00
 241.9917  33.8205     23.00
 242.0083  33.8205     27.00
 242.0250  33.8205     31.00
 242.0417  33.8205     35.00
 242.0583  33.8205     39.00
 242.0750  33.8205     43.00
 242.0917  33.8205     47.00
 242.1083  33.8205     53.00
 242.1250  33.8205     55.00
 242.1416  33.8205     59.00
 241.5250  33.8067   -179.00
 241.5417  33.8067    -95.00
 241.5583  33.8067    -67.00
 241.5750  33.8067    -51.00
 241.5917  33.8067    -17.00
 241.6083  33.8067     51.00
 241.6250  33.8067     87.00
 241.6416  33.8067     47.00
 241.6583  33.8067     31.00
 241.6750  33.8067     29.00
 241.6917  33.8067     25.00
 241.7083  33.8067     17.00
 241.7250  33.8067     15.00
 241.7417  33.8067     15.00
 241.7583  33.8067     13.00
 241.7750  33.8067      9.00
 241.7917  33.8067     11.00
 241.8083  33.8067     13.00
 241.8250  33.8067     33.00
 241.8417  33.8067     29.00
 241.8583  33.8067     13.00
 241.8750  33.8067     11.00
 241.8916  33.8067     11.00
 241.9083  33.8067     13.00
 241.9250  33.8067     11.00
 241.9417  33.8067     11.00
 241.9583  33.8067     13.00
 241.9750  33.8067     17.00
 241.9917  33.8067     21.00
 242.0083  33.8067     25.00
 242.0250  33.8067     29.00
 242.0417  33.8067     33.00
 242.0583  33.8067     37.00
 242.0750  33.8067     43.00
 242.0917  33.8067     45.00
 242.1083  33.8067     49.00
 242.1250  33.8067     53.00
 242.1416  33.8067     57.00
 241.5250  33.7928    -77.00
 241.5417  33.7928    -73.00
 241.5583  33.7928    -59.00
 241.5750  33.7928    -21.00
 241.5917  33.7928    129.00
 241.6083  33.7928    227.00
 241.6250  33.7928    205.00
 241.6416  33.7928    143.00
 241.6583  33.7928     81.00
 241.6750  33.7928     45.00
 241.6917  33.7928     29.00
 241.7083  33.7928     15.00
 241.7250  33.7928     15.00
 241.7417  33.7928     15.00
 241.7583  33.7928     13.00
 241.7750  33.7928      7.00
 241.7917  33.7928      7.00
 241.8083  33.7928     11.00
 241.8250  33.7928     15.00
 241.8417  33.7928     35.00
 241.8583  33.7928     17.00
 241.8750  33.7928     11.00
 241.8916  33.7928      9.00
 241.9083  33.7928      9.00
 241.9250  33.7928      9.00
 241.9417  33.7928      9.00
 241.9583  33.7928     11.00
 241.9750  33.7928     15.00
 241.9917  33.7928     19.00
 242.0083  33.7928     23.00
 242.0250  33.7928     27.00
 242.0417  33.7928     31.00
 242.0583  33.7928     35.00
 242.0750  33.7928     39.00
 242.0917  33.7928     41.00
 242.1083  33.7928     45.00
 242.1250  33.7928     47.00
 242.1416  33.7928     57.00
 241.5250  33.7790   -115.00
 241.5417  33.7790    -71.00
 241.5583  33.7790    -49.00
 241.5750  33.7790     29.00
 241.5917  33.7790    159.00
 241.6083  33.7790    319.00
 241.6250  33.7790    303.00
 241.6416  33.7790    191.00
 241.6583  33.7790    129.00
 241.6750  33.7790    101.00
 241.6917  33.7790     71.00
 241.7083  33.7790     15.00
 241.7250  33.7790     13.00
 241.7417  33.7790      9.00
 241.7583  33.7790      7.00
 241.7750  33.7790      7.00
 241.7917  33.7790      7.00
 241.8083  33.7790     17.00
 241.8250  33.7790     15.00
 241.8417  33.7790     17.00
 241.8583  33.7790     15.00
 241.8750  33.7790     21.00
 241.8916  33.7790     15.00
 241.9083  33.7790      7.00
 241.9250  33.7790      9.00
 241.9417  33.7790      9.00
 241.9583  33.7790     11.00
 241.9750  33.7790     13.00
 241.9917  33.7790     17.00
 242.0083  33.7790     21.00
 242.0250  33.7790     25.00
 242.0417  33.7790     27.00
 242.0583  33.7790     31.00
 242.0750  33.7790     33.00
 242.0917  33.7790     37.00
 242.1083  33.7790     41.00
 242.1250  33.7790     47.00
 242.1416  33.7790     57.00
 241.5250  33.7651   -341.00
 241.5417  33.7651    -97.00
 241.5583  33.7651    -51.00
 241.5750  33.7651    -19.00
 241.5917  33.7651    145.00
 241.6083  33.7651    307.00
 241.6250  33.7651    351.00
 241.6416  33.7651    295.00
 241.6583  33.7651    241.00
 241.6750  33.7651    153.00
 241.6917  33.7651     61.00
 241.7083  33.7651     29.00
 241.7250  33.7651      7.00
 241.7417  33.7651      5.00
 241.7583  33.7651      5.00
 241.7750  33.7651      5.00
 241.7917  33.7651      9.00
 241.8083  33.7651     13.00
 241.8250  33.7651     13.00
 241.8417  33.7651     17.00
 241.8583  33.7651     17.00
 241.8750  33.7651      9.00
 241.8916  33.7651      7.00
 241.9083  33.7651      7.00
 241.9250  33.7651      7.00
 241.9417  33.7651      7.00
 241.9583  33.7651      9.00
 241.9750  33.7651     13.00
 241.9917  33.7651     15.00
 242.0083  33.7651     19.00
 242.0250  33.7651     21.00
 242.0417  33.7651     25.00
 242.0583  33.7651     27.00
 242.0750  33.7651     31.00
 242.0917  33.7651     33.00
 242.1083  33.7651     37.00
 242.1250  33.7651     45.00
 242.1416  33.7651     53.00
 241.5250  33.7512   -625.00
 241.5417  33.7512   -375.00
 241.5583  33.7512    -73.00
 241.5750  33.7512    -25.00
 241.5917  33.7512     87.00
 241.6083  33.7512    185.00
 241.6250  33.7512    179.00
 241.6416  33.7512    247.00
 241.6583  33.7512    373.00
 241.6750  33.7512    241.00
 241.6917  33.7512     99.00
 241.7083  33.7512     31.00
 241.7250  33.7512      7.00
 241.7417  33.7512      7.00
 241.7583  33.7512      5.00
 241.7750  33.7512      3.00
 241.7917  33.7512      7.00
 241.8083  33.7512      5.00
 241.8250  33.7512    -11.00
 241.8417  33.7512     -7.00
 241.8583  33.7512      3.00
 241.8750  33.7512      5.00
 241.8916  33.7512      5.00
 241.9083  33.7512      9.00
 241.9250  33.7512      5.00
 241.9417  33.7512      5.00
 241.9583  33.7512      9.00
 241.9750  33.7512     11.00
 241.9917  33.7512     13.00
 242.0083  33.7512     15.00
 242.0250  33.7512     17.00
 242.0417  33.7512     19.00
 242.0583  33.7512     23.00
 242.0750  33.7512     25.00
 242.0917  33.7512     29.00
 242.1083  33.7512     31.00
 242.1250  33.7512     39.00
 242.1416  33.7512     45.00
 241.5250  33.7374   -711.00
 241.5417  33.7374   -679.00
 241.5583  33.7374   -379.00
 241.5750  33.7374    -77.00
 241.5917  33.7374    -25.00
 241.6083  33.7374     13.00
 241.6250  33.7374     13.00
 241.6416  33.7374     59.00
 241.6583  33.7374    225.00
 241.6750  33.7374    235.00
 241.6917  33.7374     97.00
 241.7083  33.7374     39.00
 241.7250  33.7374      9.00
 241.7417  33.7374      7.00
 241.7583  33.7374     -9.00
 241.7750  33.7374    -13.00
 241.7917  33.7374    -21.00
 241.8083  33.7374      5.00
 241.8250  33.7374    -15.00
 241.8417  33.7374    -13.00
 241.8583  33.7374    -13.00
 241.8750  33.7374     -7.00
 241.8916  33.7374     -5.00
 241.9083  33.7374      5.00
 241.9250  33.7374      3.00
 241.9417  33.7374      3.00
 241.9583  33.7374      7.00
 241.9750  33.7374      9.00
 241.9917  33.7374     11.00
 242.0083  33.7374     13.00
 242.0250  33.7374     15.00
 242.0417  33.7374     15.00
 242.0583  33.7374     19.00
 242.0750  33.7374     21.00
 242.0917  33.7374     25.00
 242.1083  33.7374     27.00
 242.1250  33.7374     31.00
 242.1416  33.7374     35.00
 241.5250  33.7235   -763.00
 241.5417  33.7235   -771.00
 241.5583  33.7235   -749.00
 241.5750  33.7235   -539.00
 241.5917  33.7235   -169.00
 241.6083  33.7235    -75.00
 241.6250  33.7235    -49.00
 241.6416  33.7235    -23.00
 241.6583  33.7235    101.00
 241.6750  33.7235    111.00
 241.6917  33.7235    105.00
 241.7083  33.7235     43.00
 241.7250  33.7235      7.00
 241.7417  33.7235      7.00
 241.7583  33.7235      3.00
 241.7750  33.7235    -13.00
 241.7917  33.7235    -19.00
 241.8083  33.7235    -19.00
 241.8250  33.7235    -19.00
 241.8417  33.7235    -17.00
 241.8583  33.7235    -17.00
 241.8750  33.7235    -13.00
 241.8916  33.7235    -10.00
 241.9083  33.7235     -7.00
 241.9250  33.7235      3.00
 241.9417  33.7235      5.00
 241.9583  33.7235      7.00
 241.9750  33.7235      7.00
 241.9917  33.7235      9.00
 242.0083  33.7235     11.00
 242.0250  33.7235     13.00
 242.0417  33.7235     15.00
 242.0583  33.7235     17.00
 242.0750  33.7235     19.00
 242.0917  33.7235     21.00
 242.1083  33.7235     21.00
 242.1250  33.7235     23.00
 242.1416  33.7235     27.00
 241.5250  33.7097   -797.00
 241.5417  33.7097   -805.00
 241.5583  33.7097   -801.00
 241.5750  33.7097   -763.00
 241.5917  33.7097   -593.00
 241.6083  33.7097   -383.00
 241.6250  33.7097   -187.00
 241.6416  33.7097    -71.00
 241.6583  33.7097    -39.00
 241.6750  33.7097    -25.00
 241.6917  33.7097     25.00
 241.7083  33.7097     27.00
 241.7250  33.7097     -7.00
 241.7417  33.7097    -13.00
 241.7583  33.7097    -17.00
 241.7750  33.7097    -19.00
 241.7917  33.7097    -19.00
 241.8083  33.7097    -21.00
 241.8250  33.7097    -21.00
 241.8417  33.7097    -21.00
 241.8583  33.7097    -21.00
 241.8750  33.7097    -19.00
 241.8916  33.7097    -12.00
 241.9083  33.7097    -11.00
 241.9250  33.7097     -9.00
 241.9417  33.7097      7.00
 241.9583  33.7097      9.00
 241.9750  33.7097      5.00
 241.9917  33.7097      7.00
 242.0083  33.7097     15.00
 242.0250  33.7097     13.00
 242.0417  33.7097     13.00
 242.0583  33.7097     15.00
 242.0750  33.7097     17.00
 242.0917  33.7097     17.00
 242.1083  33.7097     15.00
 242.1250  33.7097     15.00
 242.1416  33.7097     19.00
 241.5250  33.6958   -805.00
 241.5417  33.6958   -817.00
 241.5583  33.6958   -821.00
 241.5750  33.6958   -817.00
 241.5917  33.6958   -753.00
 241.6083  33.6958   -557.00
 241.6250  33.6958   -495.00
 241.6416  33.6958   -439.00
 241.6583  33.6958   -115.00
 241.6750  33.6958    -53.00
 241.6917  33.6958    -37.00
 241.7083  33.6958    -29.00
 241.7250  33.6958    -23.00
 241.7417  33.6958    -25.00
 241.7583  33.6958    -21.00
 241.7750  33.6958    -21.00
 241.7917  33.6958    -25.00
 241.8083  33.6958    -23.00
 241.8250  33.6958    -23.00
 241.8417  33.6958    -23.00
 241.8583  33.6958    -23.00
 241.8750  33.6958    -23.00
 241.8916  33.6958    -19.00
 241.9083  33.6958    -17.00
 241.9250  33.6958    -15.00
 241.9417  33.6958     -9.00
 241.9583  33.6958      1.00
 241.9750  33.6958      3.00
 241.9917  33.6958     15.00
 242.0083  33.6958     21.00
 242.0250  33.6958     11.00
 242.0417  33.6958     11.00
 242.0583  33.6958     13.00
 242.0750  33.6958     15.00
 242.0917  33.6958     15.00
 242.1083  33.6958     15.00
 242.1250  33.6958     13.00
 242.1416  33.6958     17.00
 241.5250  33.6819   -839.00
 241.5417  33.6819   -843.00
 241.5583  33.6819   -841.00
 241.5750  33.6819   -841.00
 241.5917  33.6819   -819.00
 241.6083  33.6819   -787.00
 241.6250  33.6819   -681.00
 241.6416  33.6819   -635.00
 241.6583  33.6819   -549.00
 241.6750  33.6819   -439.00
 241.6917  33.6819    -67.00
 241.7083  33.6819    -47.00
 241.7250  33.6819    -39.00
 241.7417  33.6819    -29.00
 241.7583  33.6819    -27.00
 241.7750  33.6819    -25.00
 241.7917  33.6819    -23.00
 241.8083  33.6819    -25.00
 241.8250  33.6819    -25.00
 241.8417  33.6819    -27.00
 241.8583  33.6819    -27.00
 241.8750  33.6819    -25.00
 241.8916  33.6819    -21.00
 241.9083  33.6819    -21.00
 241.9250  33.6819    -19.00
 241.9417  33.6819    -15.00
 241.9583  33.6819    -11.00
 241.9750  33.6819     11.00
 241.9917  33.6819     25.00
 242.0083  33.6819     21.00
 242.0250  33.6819      9.00
 242.0417  33.6819      9.00
 242.0583  33.6819     11.00
 242.0750  33.6819     17.00
 242.0917  33.6819     15.00
 242.1083  33.6819     15.00
 242.1250  33.6819     17.00
 242.1416  33.6819     15.00