Airfoil Transition 6 between Circle_Section.txt and NACA_4412.txt
 61. 61.

0.0 0.0
0.0025922934229037956 0.007735397682835998
0.0048529482703774975 0.0145455251733408
0.0068653340031644 0.020541401115767948
0.00871282008200779 0.02583404415437098
0.010478775967650966 0.030534472933403445
0.012246571120837208 0.034753706097118885
0.014099575002309819 0.03860276228977083
0.01612115707281208 0.04219266015561282
0.018394686793087284 0.04563441833889842
0.021003533551232505 0.049039055504850104
0.024030970333805364 0.052517618144531306
0.02755868331160656 0.05617984352624478
0.03160025893120241 0.06006264770084924
0.03606917909959473 0.0640957959286404
0.04087091261984144 0.06820047659853126
0.045910854423904746 0.0722979179837076
0.0510942095376319 0.07630945089092633
0.056327608305791976 0.08015859828290223
0.061546949089623396 0.08381264003626004
0.06671523571126721 0.08727938070431951
0.07179641026278316 0.09056821292101966
0.07675422761176853 0.09368866290240088
0.08155241729312375 0.09665027493903738
0.08617039333568757 0.09946546222640665
0.09074620215710563 0.10217565473695733
0.09550992095495543 0.10483921041779243
0.10069260746912881 0.10751484972892439
0.10652530174107196 0.11026131093682812
0.11323904381223109 0.1131373323079784
0.1210101348307271 0.11618586233785111
0.1297023014616589 0.11935979869525487
0.1390684209929168 0.12258026785185855
0.1488612288884003 0.12576837543453984
0.158833460612009 0.12884522707017632
0.16873786209426822 0.13173193420771706
0.17839489054906144 0.13437035771093536
0.18785229141999987 0.13677174477816073
0.19720543475265861 0.13896185456274096
0.2065496905926125 0.14096644621802368
0.2159804278033796 0.14281128253465708
0.22559244369488077 0.14452219816069511
0.2354065221617431 0.14611542656014587
0.2452938767377596 0.14758742424349713
0.2551076780554522 0.14893226045256686
0.2647010958955113 0.15014400980733822
0.27392727494757163 0.1512169053438991
0.2826466101671976 0.15214548591320465
0.2909837407509763 0.15292884936447249
0.29939611723689913 0.15357182313029544
0.3083624113158877 0.15407960745015914
0.31836129467886365 0.15445757436638036
0.3298714390167483 0.15471126772410665
0.34333901293290964 0.15484506905109446
0.3587004391086096 0.154845014104331
0.37548741333415436 0.15468258227148146
0.39322051143034453 0.1543290322074497
0.4114203343090366 0.15375578098324394
0.42960748373391844 0.15293425104803765
0.4473474971144655 0.15183971401419694
0.4645784092410716 0.15047936135307521
0.4814224955221414 0.14887634505836234
0.49800338632233876 0.14705407065235943
0.514444713188384 0.14503594729466845
0.5308701076669983 0.14284538414489095
0.5473821526763178 0.1405017923081074
0.5639830081409547 0.13800560833124714
0.5806449363674103 0.13535168118006857
0.5973401956838349 0.13253486112335594
0.6140410444183791 0.12954999842989384
0.630719753849086 0.12639196527336444
0.6473494666972 0.12306034414626044
0.6639055069001903 0.1195676293406448
0.6803635685284493 0.1159285604026779
0.6966993456523684 0.1121578768785198
0.7128885500407852 0.10827033612079318
0.7289076353912343 0.10428065152687363
0.7447808617079547 0.10018746575796825
0.7606146856133875 0.09596160750047694
0.7765236906753047 0.09157115532990667
0.792622485794175 0.0869842058962979
0.8090258670949304 0.08216898943179285
0.825839026675511 0.07709635318331501
0.8429102562827835 0.07180495391652078
0.8598104546497276 0.066406666589924
0.8760967566417586 0.06101702334339554
0.8913264870304063 0.0557516588503775
0.9050570444582963 0.050726247668584745
0.9168815184232084 0.046047865456050066
0.9268388773029325 0.04171616188372927
0.9352712317403897 0.037657778338367254
0.942526770850353 0.03379804340910779
0.9489537801491338 0.030062313510935718
0.9549005452256912 0.02637594507980462
0.9607153516689829 0.022664294551668233
0.9667464850679673 0.01885271836248026
0.9733422310116031 0.014866572948194275
0.9808508750888483 0.010631214744764087
0.9896207028886611 0.006072000188143344
1.0 0.0011142857142857141

0.0 0.0
0.0025922934229037956 -0.005408061788098724
0.0048529482703774975 -0.010312006134212546
0.0068653340031644 -0.014765930438579322
0.00871282008200779 -0.018823932101436888
0.010478775967650966 -0.0225401085230231
0.012246571120837208 -0.025968557103575804
0.014099575002309819 -0.02916337524333286
0.01612115707281208 -0.0321786603425321
0.018394686793087284 -0.03506850980141135
0.021003533551232505 -0.03788702104117751
0.024030970333805364 -0.040688319308878174
0.02755868331160656 -0.043525910474744745
0.03160025893120241 -0.046416577935580405
0.03606917909959473 -0.049323059660405094
0.04087091261984144 -0.05220376760311418
0.045910854423904746 -0.055017153601875673
0.0510942095376319 -0.05772177202842882
0.056327608305791976 -0.06027768587736562
0.061546949089623396 -0.06267496938459396
0.06671523571126721 -0.06493149124465344
0.07179641026278316 -0.06706622816555632
0.07675422761176853 -0.06909829043741639
0.08155241729312375 -0.07104680642488104
0.08617039333568757 -0.07292954550148345
0.09074620215710563 -0.07475053285783162
0.09550992095495543 -0.07650589255688056
0.10069260746912881 -0.07819180533710912
0.10652530174107196 -0.07980446974345856
0.11323904381223109 -0.08134008432087025
0.1210101348307271 -0.08279468107125404
0.1297023014616589 -0.0841634347569582
0.1390684209929168 -0.08544135184017981
0.1488612288884003 -0.08662345497116108
0.158833460612009 -0.08770476680014438
0.16873786209426822 -0.08868031245039792
0.17839489054906144 -0.08954634822359758
0.18785229141999987 -0.09030303287185404
0.19720543475265861 -0.09095131941246043
0.2065496905926125 -0.09149216086270978
0.2159804278033796 -0.09192651387719564
0.22559244369488077 -0.09225549880931339
0.2354065221617431 -0.09248355719985712
0.2452938767377596 -0.09262148825339561
0.2551076780554522 -0.0926808566487557
0.2647010958955113 -0.09267323244292924
0.27392727494757163 -0.09261034410901275
0.2826466101671976 -0.09250367850704849
0.2909837407509763 -0.0923494081061711
0.29939611723689913 -0.09212440489445606
0.3083624113158877 -0.09180431766709912
0.31836129467886365 -0.0913649670221266
0.3298714390167483 -0.09078234536039625
0.34333901293290964 -0.0900341999683501
0.3587004391086096 -0.0891256828559297
0.37548741333415436 -0.08808371467520881
0.39322051143034453 -0.08693599594612039
0.4114203343090366 -0.08571038560470184
0.42960748373391844 -0.08443474796515577
0.4473474971144655 -0.08313399874718441
0.4645784092410716 -0.081808623614544
0.4814224955221414 -0.08044720630087959
0.49800338632233876 -0.07903838604546565
0.514444713188384 -0.07757080572487685
0.5308701076669983 -0.07603310821568798
0.5473821526763178 -0.07441648026743608
0.5639830081409547 -0.0727243631506308
0.5806449363674103 -0.07096391874635288
0.5973401956838349 -0.06914231183585917
0.6140410444183791 -0.06726670720040667
0.630719753849086 -0.06534428495792949
0.6473494666972 -0.06338133038979443
0.6639055069001903 -0.061381221017276166
0.6803635685284493 -0.0593468086476201
0.6966993456523684 -0.05728094508807158
0.7128885500407852 -0.05518649995233843
0.7289076353912343 -0.05306648768439143
0.7447808617079547 -0.05092317835489174
0.7606146856133875 -0.0487574232945851
0.7765236906753047 -0.04656993349421676
0.792622485794175 -0.04436143801906575
0.8090258670949304 -0.04213279951651275
0.825839026675511 -0.03988500586929927
0.8429102562827835 -0.03762077852344639
0.8598104546497276 -0.035344710464894236
0.8760967566417586 -0.03306150399531976
0.8913264870304063 -0.03077596394997123
0.9050570444582963 -0.028492935048369472
0.9168815184232084 -0.02621692567472647
0.9268388773029325 -0.023948241306865264
0.9352712317403897 -0.02168434575380644
0.942526770850353 -0.019422730908941505
0.9489537801491338 -0.017160916491502948
0.9549005452256912 -0.014896422241692062
0.9607153516689829 -0.012626767899710303
0.9667464850679673 -0.010349473205758991
0.9733422310116031 -0.008062057900039464
0.9808508750888483 -0.00576204172275319
0.9896207028886611 -0.003446944414101455
1.0 -0.0011142857142857141
