Airfoil Transition 1 between Circle_Section.txt and NACA_4412.txt
 61. 61.

0.0 0.0
0.0006359182208059443 0.01451014392495907
0.0016406953017271725 0.028852039349803613
0.003025551235079172 0.04303116009979729
0.00480170601317743 0.057052980000203736
0.006980379628337436 0.07092297287628663
0.009572792072874673 0.08464661255330964
0.012590163339104635 0.09822937285653645
0.016043713419342805 0.11167672761123065
0.01994466230590467 0.12499415064265594
0.02430422955522838 0.1381871159018899
0.029133056314515394 0.15126126429505515
0.03443984833798041 0.16422250082857093
0.040221652497730874 0.17706468280988408
0.046458831575946824 0.18976380908134757
0.05313041187266982 0.20229444952767042
0.060214976461366795 0.21463141333919744
0.067689968978815 0.22675012490770077
0.0755328950544473 0.23862646877240512
0.08372613832044142 0.2502436222915204
0.09225659767682248 0.2615915185834574
0.10111083890034556 0.2726607046994406
0.110274304420991 0.2834425291833032
0.11973228467255795 0.29392844902608123
0.1294726841711689 0.30411039936962797
0.1395098423406756 0.31398515533236704
0.14987297439592215 0.32355277885793216
0.16059056039697966 0.3328142963714502
0.17169097421324533 0.3417708411368227
0.18320258971411632 0.35042354641795126
0.19514465207555443 0.35877092146621614
0.20748388174263177 0.36679705631296544
0.22016779710703868 0.3744817446115038
0.23314382248684087 0.3818048732921385
0.2463593822001039 0.38874632928517683
0.2597618955292963 0.39528601380692385
0.2733097050196957 0.40140799716345943
0.2869984979375564 0.4071089680051992
0.30083185555498826 0.41238811893178207
0.3148133591441015 0.417244642542847
0.32894658288466394 0.42167775326183543
0.34323473764144974 0.42568750232206276
0.35766835049571416 0.4292734122475754
0.37221299686349163 0.4324317810128514
0.3868312450106047 0.4351585087142569
0.4014856580918867 0.43744952771714907
0.41613864871583506 0.4393017208835123
0.43075367109637375 0.44071307498568113
0.44533821108188737 0.4416823939088289
0.4599552230776614 0.44220943646869154
0.4746711983478029 0.4422940671886688
0.4895526281564193 0.44193718140914695
0.5046660037676173 0.44114070528749816
0.5200723992642452 0.43990641483471155
0.5357479310754667 0.4382330284333146
0.5516012702209964 0.436116895684076
0.5675394011645258 0.4335553823401769
0.5834694589160825 0.4305468046514251
0.5992985835966834 0.42708951113661986
0.6149414046016437 0.4231824918417587
0.6303746574948459 0.4188301283986889
0.6456061328241451 0.41404053401438545
0.6606441150195 0.40882268898423224
0.6754968956032118 0.40318559542741494
0.6901727660975814 0.3971382554631195
0.7046765533479507 0.39068909015816533
0.7189968836847184 0.38384441210825626
0.7331177624530156 0.37661031349953883
0.7470232011149505 0.36899290005098234
0.76069721113263 0.3609982774815566
0.7741238765627698 0.35263265191218224
0.7872881538597999 0.3439040133383948
0.8001757919979068 0.33482309297340357
0.8127726071846454 0.3254010038554131
0.82506441562757 0.3156488590226274
0.83703713972491 0.30557787835202577
0.8486777241081684 0.29520017845738733
0.8599815437989627 0.28452566299256443
0.8709576770790162 0.2735596037960168
0.8816165567209393 0.26230681435438863
0.8919687674935249 0.2507722166015267
0.9020260175123398 0.2389615339638869
0.9117989037233754 0.22688127528976557
0.9212552086564147 0.21454925266133296
0.9303164826722584 0.20199548119290256
0.938902157714279 0.18925068031713999
0.9469328051625372 0.17634618466813876
0.9543294396236701 0.16331356818562764
0.961019025144987 0.1501829721803082
0.9670028389204657 0.13696663363170308
0.9723329907830082 0.12366471064256752
0.9770642745678515 0.11027762482014644
0.9812520625194693 0.09680596472673066
0.9849517273182136 0.08325031905042388
0.988218641644435 0.06961127647933078
0.9911081781784852 0.05588942570155538
0.9936757096007157 0.04208535540520163
0.9959766085914772 0.028199654278374203
0.9980662478311217 0.01423291100917687
1.0 0.0001857142857142857

0.0 0.0
0.0006359182208059443 -0.014122254609169526
0.0016406953017271725 -0.028146452843282235
0.003025551235079172 -0.04206858165359918
0.00480170601317743 -0.055884627991381386
0.006980379628337436 -0.06959057880788991
0.009572792072874673 -0.0831824210543858
0.012590163339104635 -0.09665614168213012
0.016043713419342805 -0.11000772764238387
0.01994466230590467 -0.12323316588640809
0.02430422955522838 -0.1363284434912778
0.029133056314515394 -0.14928971448911296
0.03443984833798041 -0.16211351198665425
0.040221652497730874 -0.17479033784900594
0.046458831575946824 -0.18730168636997502
0.05313041187266982 -0.19962833136176758
0.060214976461366795 -0.21175128594222545
0.067689968978815 -0.22365217843061785
0.0755328950544473 -0.23531298337148235
0.08372613832044142 -0.2467206771829094
0.09225659767682248 -0.25786687034017974
0.10111083890034556 -0.2687437072401967
0.110274304420991 -0.27934413377247247
0.11973228467255795 -0.28966120427372183
0.1294726841711689 -0.29968774658214076
0.1395098423406756 -0.30941430168584605
0.14987297439592215 -0.31883055921444686
0.16059056039697966 -0.3279271223061476
0.17169097421324533 -0.33669470093792775
0.18320258971411632 -0.34512400508676655
0.19514465207555443 -0.35320572458845
0.20748388174263177 -0.36093099565658265
0.22016779710703868 -0.368291925276224
0.23314382248684087 -0.37528071988157535
0.2463593822001039 -0.3818895859068382
0.2597618955292963 -0.38811074351403735
0.2733097050196957 -0.39393732891556976
0.2869984979375564 -0.3993641826874814
0.30083185555498826 -0.404386363073402
0.3148133591441015 -0.4089989283169614
0.32894658288466394 -0.4131969584855919
0.34323473764144974 -0.41697638576349916
0.35766835049571416 -0.420334767354194
0.37221299686349163 -0.4232707916811678
0.3868312450106047 -0.42578327474695504
0.4014856580918867 -0.4278710648230809
0.41613864871583506 -0.42953396067769795
0.43075367109637375 -0.4307727737513218
0.44533821108188737 -0.4315858203657787
0.4599552230776614 -0.43196820009605164
0.4746711983478029 -0.4319148522248255
0.4895526281564193 -0.4314217468517713
0.5046660037676173 -0.4304858848935464
0.5200723992642452 -0.4291046033209208
0.5357479310754667 -0.427279806558581
0.5516012702209964 -0.4250170844180306
0.5675394011645258 -0.42232320962995534
0.5834694589160825 -0.4192059054216681
0.5992985835966834 -0.41567292728947286
0.6149414046016437 -0.41173153929725664
0.6303746574948459 -0.407385005442267
0.6456061328241451 -0.402635677554805
0.6606441150195 -0.39748674154974994
0.6754968956032118 -0.391941405165783
0.6901727660975814 -0.3860028761415857
0.7046765533479507 -0.3796748714847201
0.7189968836847184 -0.37296420457815355
0.7331177624530156 -0.3658790197605862
0.7470232011149505 -0.3584274751697329
0.76069721113263 -0.3506177289433088
0.7741238765627698 -0.34245803852627643
0.7872881538597999 -0.3339575110456505
0.8001757919979068 -0.32512535825284217
0.8127726071846454 -0.31597071189623677
0.82506441562757 -0.3065027037242194
0.83703713972491 -0.29673057232394995
0.8486777241081684 -0.2866644844836403
0.8599815437989627 -0.276314948425385
0.8709576770790162 -0.2656922397617015
0.8816165567209393 -0.25480661071510696
0.8919687674935249 -0.24366842195532132
0.9020260175123398 -0.23228883564467354
0.9117989037233754 -0.22067938407076293
0.9212552086564147 -0.20885189009582056
0.9303164826722584 -0.1968184885053976
0.938902157714279 -0.1845914270924607
0.9469328051625372 -0.17218356885140437
0.9543294396236701 -0.15960801608225844
0.961019025144987 -0.1468778155500876
0.9670028389204657 -0.13400531353555908
0.9723329907830082 -0.12100247187847406
0.9770642745678515 -0.10788173940345205
0.9812520625194693 -0.09465573189015852
0.9849517273182136 -0.08133706524407178
0.988218641644435 -0.06793835537067112
0.9911081781784852 -0.054472218175435176
0.9936757096007157 -0.04095126956384249
0.9959766085914772 -0.02738812544137239
0.9980662478311217 -0.013795401713503222
1.0 -0.0001857142857142857
