Airfoil Transition 2 between Circle_Section.txt and NACA_4412.txt
 61. 61.

0.0 0.0
0.0010271932612255146 0.013155194676534457
0.0022831458954572373 0.02599073651451105
0.0037935077886962175 0.038533208302991416
0.0055839288269435025 0.05080919283103719
0.007680058896200142 0.06284527288771
0.01010754788246718 0.07466803126207149
0.012892045671745673 0.08630405074318331
0.016059202150036662 0.09777991412010709
0.019634667203341193 0.10912220418190444
0.023644090354429208 0.12035750382248192
0.02811263911837339 0.13151253506495036
0.03306361533270564 0.1426139693681057
0.038497373784425186 0.15366427578807712
0.0443809010806764 0.16463020645080612
0.05067851202210414 0.17547565494184258
0.05735415205387439 0.1861647142680995
0.06437081709057839 0.1966619901043459
0.07169183770471622 0.20693289467450454
0.07929030047427782 0.21695742584046834
0.08714832528371143 0.22672909100762983
0.09524795317283308 0.2362422063437564
0.1035702890591465 0.24549175592712275
0.11209631119667111 0.25447281420867246
0.12081222600407263 0.2631814119409837
0.12975711430396158 0.27162325521328506
0.1390003637077288 0.2798100651699042
0.1486109698114095 0.287754407042945
0.15865783971881067 0.29546893509682376
0.16920988053373925 0.30296630359595667
0.18031774862658898 0.31025390964054317
0.1919275656864372 0.3173096047894233
0.2039479218842143 0.32410144925957474
0.21628730376715277 0.33059757372061876
0.22885419788248493 0.3367661088421767
0.24155708884229066 0.3425751978870825
0.2543267421255689 0.3480004692729546
0.2671692566340451 0.3530415233597915
0.28010657139452233 0.35770286605797386
0.2931606254338037 0.36198900327788236
0.30635335186840706 0.3659044591163998
0.319706278852136 0.36945444148978923
0.33321598482891995 0.37264181511008954
0.3468291728383452 0.37546290965898055
0.36048653161957417 0.37791325906191886
0.3741287456526116 0.3799884241351869
0.3876963739621824 0.38168475777558963
0.40113225891053855 0.38299955717118583
0.41446731701570516 0.38393168499995767
0.427843401909509 0.3844819138010123
0.4414094409414199 0.3846511752409669
0.45531436146090815 0.38444126000059364
0.4697070908174435 0.38385481777481983
0.48472572199797803 0.38289414567798813
0.5003384326820952 0.38155542556751787
0.516378498843628 0.37983003300155715
0.5326756232176896 0.37771011231363144
0.5490596339946733 0.37518859991778886
0.5653603636241304 0.37225845911890343
0.581422623104208 0.36891393627624636
0.597215407844091 0.36515997498956615
0.6127694053637445 0.36100769622318085
0.6281159692800679 0.3564689653178577
0.6432864591202462 0.3515556658008656
0.6583122344114648 0.3462796811994738
0.673217673213624 0.34065163058815373
0.6879941085759655 0.33467665135285446
0.7026231972358946 0.32835858703564474
0.7170866000287274 0.3217012922654571
0.7313659777897799 0.31470862167122404
0.745443052020033 0.3073845145844187
0.75930041642728 0.299735279499968
0.7729217349783635 0.29177200024685185
0.7862907994534062 0.283506515164866
0.7993914016325298 0.2749506625938059
0.812207421788085 0.26611636990577925
0.8247237063647815 0.2570162730712846
0.8369414073807612 0.2476580235456452
0.8488890787858904 0.23804000453690882
0.8605979835118124 0.2281596825494922
0.872099511153655 0.21801461446048093
0.8834259874288579 0.20760302505746808
0.8946069283138025 0.19692429086847546
0.9055862181816885 0.18600039291237053
0.9162152770677522 0.17487771827230683
0.9263410774997749 0.1636039489223911
0.935811541536111 0.1522272795045865
0.9444749605905953 0.14079610408221907
0.9521915238006313 0.1293559508354566
0.9589700465969591 0.11791653928210832
0.9649206389744844 0.10646332418172746
0.9701567738243517 0.0949817085379387
0.9747924060454022 0.08345723448357166
0.978941490899709 0.07187544425630002
0.9827179836493445 0.060221880093798266
0.9862358395563816 0.04848208423374036
0.9896090138828931 0.03664159891380016
0.9929514618909514 0.02468596637165218
0.9963771388426296 0.012600728844970165
1.0 0.0003714285714285714

0.0 0.0
0.0010271932612255146 -0.012379416044955365
0.0022831458954572373 -0.024579563501468296
0.0037935077886962175 -0.036608051410595206
0.0055839288269435025 -0.048472488813392486
0.007680058896200142 -0.060180484750916544
0.01010754788246718 -0.0717396482642238
0.012892045671745673 -0.08315758839437067
0.016059202150036662 -0.09444191418241352
0.019634667203341193 -0.10560023466940874
0.023644090354429208 -0.11664015900125774
0.02811263911837339 -0.127569435453066
0.03306361533270564 -0.13839599168427236
0.038497373784425186 -0.14911558586632084
0.0443809010806764 -0.15970596102806103
0.05067851202210414 -0.1701434186100369
0.05735415205387439 -0.1804044594741555
0.06437081709057839 -0.19046609715018004
0.07169183770471622 -0.200305923872659
0.07929030047427782 -0.20991153562324633
0.08714832528371143 -0.2192797945210745
0.09524795317283308 -0.22840821142526863
0.1035702890591465 -0.23729496510546122
0.11209631119667111 -0.24593832470395366
0.12081222600407263 -0.25433610636600934
0.12975711430396158 -0.2624815479202432
0.1390003637077288 -0.2703656258829336
0.1486109698114095 -0.27798005891233996
0.15865783971881067 -0.28531665469903394
0.16920988053373925 -0.29236722093358725
0.18031774862658898 -0.2991235158850108
0.1919275656864372 -0.3055774834766578
0.2039479218842143 -0.31172181058901516
0.21628730376715277 -0.31754926689949253
0.22885419788248493 -0.3230526220854994
0.24155708884229066 -0.32822465730130945
0.2543267421255689 -0.33305913277717536
0.2671692566340451 -0.3375519527243559
0.28010657139452233 -0.3416993543412137
0.2931606254338037 -0.34549757482611104
0.30635335186840706 -0.3489428695639126
0.319706278852136 -0.352032208372662
0.33321598482891995 -0.3547645253233266
0.3468291728383452 -0.3571409309956134
0.36048653161957417 -0.3591627911273152
0.3741287456526116 -0.3608314983470505
0.3876963739621824 -0.3621492373639609
0.40113225891053855 -0.36311895470246713
0.41446731701570516 -0.36373853791385713
0.427843401909509 -0.36399944105573256
0.4414094409414199 -0.3638927453132802
0.45531436146090815 -0.36341039088584237
0.4697070908174435 -0.36254517698691635
0.48472572199797803 -0.3612905226504067
0.5003384326820952 -0.3596489818180507
0.516378498843628 -0.3576304104694662
0.5326756232176896 -0.3552457668931883
0.5490596339946733 -0.35250680145827484
0.5653603636241304 -0.34942529142460943
0.581422623104208 -0.3460120311872422
0.597215407844091 -0.3422697290767224
0.6127694053637445 -0.33819798330401996
0.6281159692800679 -0.33379707044889306
0.6432864591202462 -0.32906728527760176
0.6583122344114648 -0.3240089225564061
0.673217673213624 -0.3186231932412633
0.6879941085759655 -0.31291623629264903
0.7026231972358946 -0.30689599955773955
0.7170866000287274 -0.3005704425029581
0.7313659777897799 -0.29394752459472834
0.745443052020033 -0.287035287812607
0.75930041642728 -0.27984227491447927
0.7729217349783635 -0.27237653080572893
0.7862907994534062 -0.2646459312465135
0.7993914016325298 -0.25665835199698983
0.812207421788085 -0.24842175784962767
0.8247237063647815 -0.23994488512379053
0.8369414073807612 -0.23123659441128636
0.8488890787858904 -0.2223052764682782
0.8605979835118124 -0.21315927527092893
0.872099511153655 -0.2038070251680702
0.8834259874288579 -0.19425762841904137
0.8946069283138025 -0.1845205084304702
0.9055862181816885 -0.17460566778134573
0.9162152770677522 -0.16452373289729694
0.9263410774997749 -0.1542854424730325
0.935811541536111 -0.14390204787111777
0.9444749605905953 -0.13338499987548064
0.9521915238006313 -0.12274563757501539
0.9589700465969591 -0.11199389908982031
0.9649206389744844 -0.10113884665354053
0.9701567738243517 -0.09018993770454994
0.9747924060454022 -0.07915676881042741
0.978941490899709 -0.06804893664359583
0.9827179836493445 -0.056876037876478956
0.9862358395563816 -0.04564766918149994
0.9896090138828931 -0.03437342723108189
0.9929514618909514 -0.02306290869764855
0.9963771388426296 -0.01172571025362287
1.0 -0.0003714285714285714
