
 241.3417  34.2487    557.00
 241.3583  34.2487    515.00
 241.3750  34.2487    361.00
 241.3916  34.2487    291.00
 241.4083  34.2487    291.00
 241.4250  34.2487    281.00
 241.4417  34.2487    283.00
 241.4583  34.2487    281.00
 241.4750  34.2487    289.00
 241.4917  34.2487    287.00
 241.5083  34.2487    279.00
 241.5250  34.2487    277.00
 241.5417  34.2487    275.00
 241.5583  34.2487    281.00
 241.5750  34.2487    287.00
 241.5917  34.2487    283.00
 241.6083  34.2487    283.00
 241.6250  34.2487    287.00
 241.6416  34.2487    331.00
 241.6583  34.2487    403.00
 241.6750  34.2487    479.00
 241.6917  34.2487    501.00
 241.7083  34.2487    545.00
 241.7250  34.2487    605.00
 241.7417  34.2487    713.00
 241.7583  34.2487    853.00
 241.7750  34.2487    997.00
 241.7917  34.2487   1097.00
 241.8083  34.2487    815.00
 241.8250  34.2487    749.00
 241.8417  34.2487    913.00
 241.8583  34.2487   1049.00
 241.8750  34.2487   1387.00
 241.8916  34.2487   1581.00
 241.9083  34.2487   1431.00
 241.9250  34.2487   1207.00
 241.9417  34.2487   1099.00
 241.9583  34.2487   1047.00
 241.9750  34.2487    963.00
 241.9917  34.2487    911.00
 242.0083  34.2487    923.00
 242.0250  34.2487    869.00
 242.0417  34.2487    829.00
 242.0583  34.2487    823.00
 242.0750  34.2487    759.00
 242.0917  34.2487    663.00
 242.1083  34.2487    629.00
 242.1250  34.2487    639.00
 242.1416  34.2487    613.00
 242.1583  34.2487    721.00
 242.1750  34.2487    725.00
 242.1917  34.2487    831.00
 242.2083  34.2487    865.00
 242.2250  34.2487   1009.00
 242.2417  34.2487    797.00
 242.2583  34.2487   1037.00
 242.2750  34.2487   1109.00
 242.2917  34.2487   1253.00
 242.3083  34.2487   1467.00
 242.3250  34.2487   1809.00
 242.3417  34.2487   1793.00
 242.3583  34.2487   1649.00
 242.3750  34.2487   1899.00
 242.3916  34.2487   2167.00
 242.4083  34.2487   2291.00
 242.4250  34.2487   1861.00
 242.4417  34.2487   1667.00
 242.4583  34.2487   1409.00
 242.4750  34.2487   1261.00
 242.4917  34.2487   1143.00
 241.3417  34.2349    423.00
 241.3583  34.2349    295.00
 241.3750  34.2349    275.00
 241.3916  34.2349    285.00
 241.4083  34.2349    271.00
 241.4250  34.2349    265.00
 241.4417  34.2349    257.00
 241.4583  34.2349    253.00
 241.4750  34.2349    259.00
 241.4917  34.2349    257.00
 241.5083  34.2349    259.00
 241.5250  34.2349    259.00
 241.5417  34.2349    259.00
 241.5583  34.2349    261.00
 241.5750  34.2349    263.00
 241.5917  34.2349    265.00
 241.6083  34.2349    271.00
 241.6250  34.2349    271.00
 241.6416  34.2349    303.00
 241.6583  34.2349    381.00
 241.6750  34.2349    453.00
 241.6917  34.2349    507.00
 241.7083  34.2349    603.00
 241.7250  34.2349    581.00
 241.7417  34.2349    513.00
 241.7583  34.2349    551.00
 241.7750  34.2349    645.00
 241.7917  34.2349    791.00
 241.8083  34.2349    809.00
 241.8250  34.2349    645.00
 241.8417  34.2349    923.00
 241.8583  34.2349   1157.00
 241.8750  34.2349   1205.00
 241.8916  34.2349   1479.00
 241.9083  34.2349   1439.00
 241.9250  34.2349   1481.00
 241.9417  34.2349   1481.00
 241.9583  34.2349   1205.00
 241.9750  34.2349   1167.00
 241.9917  34.2349   1117.00
 242.0083  34.2349    943.00
 242.0250  34.2349    943.00
 242.0417  34.2349    941.00
 242.0583  34.2349    917.00
 242.0750  34.2349    917.00
 242.0917  34.2349    945.00
 242.1083  34.2349    789.00
 242.1250  34.2349    789.00
 242.1416  34.2349    615.00
 242.1583  34.2349    525.00
 242.1750  34.2349    651.00
 242.1917  34.2349    639.00
 242.2083  34.2349    653.00
 242.2250  34.2349    711.00
 242.2417  34.2349    765.00
 242.2583  34.2349    861.00
 242.2750  34.2349    931.00
 242.2917  34.2349   1035.00
 242.3083  34.2349   1205.00
 242.3250  34.2349   1401.00
 242.3417  34.2349   1383.00
 242.3583  34.2349   1765.00
 242.3750  34.2349   2335.00
 242.3916  34.2349   2337.00
 242.4083  34.2349   2309.00
 242.4250  34.2349   2343.00
 242.4417  34.2349   2147.00
 242.4583  34.2349   1755.00
 242.4750  34.2349   1399.00
 242.4917  34.2349   1143.00
 241.3417  34.2211    367.00
 241.3583  34.2211    287.00
 241.3750  34.2211    265.00
 241.3916  34.2211    261.00
 241.4083  34.2211    259.00
 241.4250  34.2211    253.00
 241.4417  34.2211    245.00
 241.4583  34.2211    239.00
 241.4750  34.2211    239.00
 241.4917  34.2211    245.00
 241.5083  34.2211    247.00
 241.5250  34.2211    247.00
 241.5417  34.2211    247.00
 241.5583  34.2211    249.00
 241.5750  34.2211    247.00
 241.5917  34.2211    251.00
 241.6083  34.2211    255.00
 241.6250  34.2211    253.00
 241.6416  34.2211    259.00
 241.6583  34.2211    385.00
 241.6750  34.2211    519.00
 241.6917  34.2211    655.00
 241.7083  34.2211    807.00
 241.7250  34.2211    757.00
 241.7417  34.2211    503.00
 241.7583  34.2211    449.00
 241.7750  34.2211    501.00
 241.7917  34.2211    549.00
 241.8083  34.2211    565.00
 241.8250  34.2211    539.00
 241.8417  34.2211    627.00
 241.8583  34.2211    779.00
 241.8750  34.2211   1085.00
 241.8916  34.2211   1311.00
 241.9083  34.2211   1139.00
 241.9250  34.2211   1271.00
 241.9417  34.2211   1547.00
 241.9583  34.2211   1221.00
 241.9750  34.2211    959.00
 241.9917  34.2211   1085.00
 242.0083  34.2211   1245.00
 242.0250  34.2211   1327.00
 242.0417  34.2211   1283.00
 242.0583  34.2211   1271.00
 242.0750  34.2211   1135.00
 242.0917  34.2211   1081.00
 242.1083  34.2211   1031.00
 242.1250  34.2211    853.00
 242.1416  34.2211    591.00
 242.1583  34.2211    581.00
 242.1750  34.2211    921.00
 242.1917  34.2211    851.00
 242.2083  34.2211    783.00
 242.2250  34.2211    841.00
 242.2417  34.2211    959.00
 242.2583  34.2211   1093.00
 242.2750  34.2211   1257.00
 242.2917  34.2211   1295.00
 242.3083  34.2211   1423.00
 242.3250  34.2211   1337.00
 242.3417  34.2211   1369.00
 242.3583  34.2211   2093.00
 242.3750  34.2211   2297.00
 242.3916  34.2211   2025.00
 242.4083  34.2211   2361.00
 242.4250  34.2211   2157.00
 242.4417  34.2211   1889.00
 242.4583  34.2211   1697.00
 242.4750  34.2211   1661.00
 242.4917  34.2211   1501.00
 241.3417  34.2073    357.00
 241.3583  34.2073    287.00
 241.3750  34.2073    257.00
 241.3916  34.2073    253.00
 241.4083  34.2073    249.00
 241.4250  34.2073    245.00
 241.4417  34.2073    237.00
 241.4583  34.2073    233.00
 241.4750  34.2073    233.00
 241.4917  34.2073    239.00
 241.5083  34.2073    237.00
 241.5250  34.2073    239.00
 241.5417  34.2073    239.00
 241.5583  34.2073    237.00
 241.5750  34.2073    235.00
 241.5917  34.2073    237.00
 241.6083  34.2073    239.00
 241.6250  34.2073    239.00
 241.6416  34.2073    233.00
 241.6583  34.2073    243.00
 241.6750  34.2073    303.00
 241.6917  34.2073    427.00
 241.7083  34.2073    551.00
 241.7250  34.2073    763.00
 241.7417  34.2073    583.00
 241.7583  34.2073    411.00
 241.7750  34.2073    409.00
 241.7917  34.2073    437.00
 241.8083  34.2073    427.00
 241.8250  34.2073    433.00
 241.8417  34.2073    459.00
 241.8583  34.2073    555.00
 241.8750  34.2073    729.00
 241.8916  34.2073    965.00
 241.9083  34.2073    947.00
 241.9250  34.2073   1109.00
 241.9417  34.2073   1295.00
 241.9583  34.2073   1085.00
 241.9750  34.2073    805.00
 241.9917  34.2073    929.00
 242.0083  34.2073   1219.00
 242.0250  34.2073   1419.00
 242.0417  34.2073   1175.00
 242.0583  34.2073    891.00
 242.0750  34.2073    909.00
 242.0917  34.2073    773.00
 242.1083  34.2073    917.00
 242.1250  34.2073    711.00
 242.1416  34.2073    469.00
 242.1583  34.2073    729.00
 242.1750  34.2073    923.00
 242.1917  34.2073    959.00
 242.2083  34.2073    943.00
 242.2250  34.2073    929.00
 242.2417  34.2073    887.00
 242.2583  34.2073   1003.00
 242.2750  34.2073   1133.00
 242.2917  34.2073   1375.00
 242.3083  34.2073   1487.00
 242.3250  34.2073   1115.00
 242.3417  34.2073   1481.00
 242.3583  34.2073   1969.00
 242.3750  34.2073   1781.00
 242.3916  34.2073   1631.00
 242.4083  34.2073   1931.00
 242.4250  34.2073   1849.00
 242.4417  34.2073   1571.00
 242.4583  34.2073   1605.00
 242.4750  34.2073   1645.00
 242.4917  34.2073   1587.00
 241.3417  34.1936    309.00
 241.3583  34.1936    267.00
 241.3750  34.1936    255.00
 241.3916  34.1936    251.00
 241.4083  34.1936    247.00
 241.4250  34.1936    239.00
 241.4417  34.1936    233.00
 241.4583  34.1936    229.00
 241.4750  34.1936    225.00
 241.4917  34.1936    227.00
 241.5083  34.1936    227.00
 241.5250  34.1936    227.00
 241.5417  34.1936    227.00
 241.5583  34.1936    225.00
 241.5750  34.1936    221.00
 241.5917  34.1936    221.00
 241.6083  34.1936    221.00
 241.6250  34.1936    217.00
 241.6416  34.1936    213.00
 241.6583  34.1936    203.00
 241.6750  34.1936    195.00
 241.6917  34.1936    237.00
 241.7083  34.1936    311.00
 241.7250  34.1936    453.00
 241.7417  34.1936    631.00
 241.7583  34.1936    447.00
 241.7750  34.1936    343.00
 241.7917  34.1936    455.00
 241.8083  34.1936    379.00
 241.8250  34.1936    339.00
 241.8417  34.1936    367.00
 241.8583  34.1936    409.00
 241.8750  34.1936    441.00
 241.8916  34.1936    457.00
 241.9083  34.1936    651.00
 241.9250  34.1936    865.00
 241.9417  34.1936    983.00
 241.9583  34.1936    911.00
 241.9750  34.1936    707.00
 241.9917  34.1936    829.00
 242.0083  34.1936    901.00
 242.0250  34.1936    927.00
 242.0417  34.1936    907.00
 242.0583  34.1936    841.00
 242.0750  34.1936    687.00
 242.0917  34.1936    589.00
 242.1083  34.1936    727.00
 242.1250  34.1936    557.00
 242.1416  34.1936    463.00
 242.1583  34.1936    781.00
 242.1750  34.1936    861.00
 242.1917  34.1936    825.00
 242.2083  34.1936    755.00
 242.2250  34.1936    767.00
 242.2417  34.1936    771.00
 242.2583  34.1936    853.00
 242.2750  34.1936   1197.00
 242.2917  34.1936   1445.00
 242.3083  34.1936   1397.00
 242.3250  34.1936   1001.00
 242.3417  34.1936   1277.00
 242.3583  34.1936   1281.00
 242.3750  34.1936   1165.00
 242.3916  34.1936   1343.00
 242.4083  34.1936   1503.00
 242.4250  34.1936   1327.00
 242.4417  34.1936   1347.00
 242.4583  34.1936   1111.00
 242.4750  34.1936   1127.00
 242.4917  34.1936   1215.00
 241.3417  34.1798    325.00
 241.3583  34.1798    273.00
 241.3750  34.1798    265.00
 241.3916  34.1798    265.00
 241.4083  34.1798    267.00
 241.4250  34.1798    263.00
 241.4417  34.1798    243.00
 241.4583  34.1798    237.00
 241.4750  34.1798    231.00
 241.4917  34.1798    223.00
 241.5083  34.1798    219.00
 241.5250  34.1798    217.00
 241.5417  34.1798    215.00
 241.5583  34.1798    215.00
 241.5750  34.1798    213.00
 241.5917  34.1798    211.00
 241.6083  34.1798    209.00
 241.6250  34.1798    203.00
 241.6416  34.1798    199.00
 241.6583  34.1798    189.00
 241.6750  34.1798    181.00
 241.6917  34.1798    183.00
 241.7083  34.1798    199.00
 241.7250  34.1798    261.00
 241.7417  34.1798    405.00
 241.7583  34.1798    367.00
 241.7750  34.1798    309.00
 241.7917  34.1798    435.00
 241.8083  34.1798    447.00
 241.8250  34.1798    353.00
 241.8417  34.1798    327.00
 241.8583  34.1798    341.00
 241.8750  34.1798    357.00
 241.8916  34.1798    343.00
 241.9083  34.1798    353.00
 241.9250  34.1798    481.00
 241.9417  34.1798    597.00
 241.9583  34.1798    569.00
 241.9750  34.1798    443.00
 241.9917  34.1798    561.00
 242.0083  34.1798    543.00
 242.0250  34.1798    573.00
 242.0417  34.1798    889.00
 242.0583  34.1798    853.00
 242.0750  34.1798    589.00
 242.0917  34.1798    563.00
 242.1083  34.1798    645.00
 242.1250  34.1798    391.00
 242.1416  34.1798    549.00
 242.1583  34.1798    643.00
 242.1750  34.1798    765.00
 242.1917  34.1798    679.00
 242.2083  34.1798    731.00
 242.2250  34.1798    709.00
 242.2417  34.1798    635.00
 242.2583  34.1798    899.00
 242.2750  34.1798   1183.00
 242.2917  34.1798   1319.00
 242.3083  34.1798   1149.00
 242.3250  34.1798    877.00
 242.3417  34.1798   1071.00
 242.3583  34.1798   1019.00
 242.3750  34.1798    969.00
 242.3916  34.1798   1123.00
 242.4083  34.1798   1073.00
 242.4250  34.1798    981.00
 242.4417  34.1798    915.00
 242.4583  34.1798    859.00
 242.4750  34.1798    809.00
 242.4917  34.1798    775.00
 241.3417  34.1660    327.00
 241.3583  34.1660    287.00
 241.3750  34.1660    281.00
 241.3916  34.1660    293.00
 241.4083  34.1660    287.00
 241.4250  34.1660    293.00
 241.4417  34.1660    273.00
 241.4583  34.1660    257.00
 241.4750  34.1660    249.00
 241.4917  34.1660    239.00
 241.5083  34.1660    223.00
 241.5250  34.1660    215.00
 241.5417  34.1660    211.00
 241.5583  34.1660    209.00
 241.5750  34.1660    207.00
 241.5917  34.1660    205.00
 241.6083  34.1660    201.00
 241.6250  34.1660    195.00
 241.6416  34.1660    189.00
 241.6583  34.1660    179.00
 241.6750  34.1660    169.00
 241.6917  34.1660    159.00
 241.7083  34.1660    159.00
 241.7250  34.1660    173.00
 241.7417  34.1660    209.00
 241.7583  34.1660    249.00
 241.7750  34.1660    299.00
 241.7917  34.1660    333.00
 241.8083  34.1660    419.00
 241.8250  34.1660    301.00
 241.8417  34.1660    293.00
 241.8583  34.1660    305.00
 241.8750  34.1660    303.00
 241.8916  34.1660    297.00
 241.9083  34.1660    275.00
 241.9250  34.1660    313.00
 241.9417  34.1660    309.00
 241.9583  34.1660    269.00
 241.9750  34.1660    253.00
 241.9917  34.1660    311.00
 242.0083  34.1660    337.00
 242.0250  34.1660    451.00
 242.0417  34.1660    641.00
 242.0583  34.1660    619.00
 242.0750  34.1660    455.00
 242.0917  34.1660    373.00
 242.1083  34.1660    385.00
 242.1250  34.1660    623.00
 242.1416  34.1660    639.00
 242.1583  34.1660    535.00
 242.1750  34.1660    599.00
 242.1917  34.1660    647.00
 242.2083  34.1660    775.00
 242.2250  34.1660    599.00
 242.2417  34.1660    765.00
 242.2583  34.1660    871.00
 242.2750  34.1660    905.00
 242.2917  34.1660    923.00
 242.3083  34.1660    863.00
 242.3250  34.1660    773.00
 242.3417  34.1660    903.00
 242.3583  34.1660    781.00
 242.3750  34.1660    747.00
 242.3916  34.1660    741.00
 242.4083  34.1660    737.00
 242.4250  34.1660    723.00
 242.4417  34.1660    685.00
 242.4583  34.1660    677.00
 242.4750  34.1660    649.00
 242.4917  34.1660    585.00
 241.3417  34.1522    357.00
 241.3583  34.1522    325.00
 241.3750  34.1522    329.00
 241.3916  34.1522    339.00
 241.4083  34.1522    353.00
 241.4250  34.1522    363.00
 241.4417  34.1522    339.00
 241.4583  34.1522    311.00
 241.4750  34.1522    325.00
 241.4917  34.1522    303.00
 241.5083  34.1522    267.00
 241.5250  34.1522    247.00
 241.5417  34.1522    235.00
 241.5583  34.1522    217.00
 241.5750  34.1522    203.00
 241.5917  34.1522    199.00
 241.6083  34.1522    193.00
 241.6250  34.1522    187.00
 241.6416  34.1522    179.00
 241.6583  34.1522    177.00
 241.6750  34.1522    191.00
 241.6917  34.1522    213.00
 241.7083  34.1522    179.00
 241.7250  34.1522    145.00
 241.7417  34.1522    171.00
 241.7583  34.1522    189.00
 241.7750  34.1522    227.00
 241.7917  34.1522    291.00
 241.8083  34.1522    343.00
 241.8250  34.1522    309.00
 241.8417  34.1522    267.00
 241.8583  34.1522    269.00
 241.8750  34.1522    255.00
 241.8916  34.1522    245.00
 241.9083  34.1522    229.00
 241.9250  34.1522    219.00
 241.9417  34.1522    203.00
 241.9583  34.1522    179.00
 241.9750  34.1522    171.00
 241.9917  34.1522    173.00
 242.0083  34.1522    193.00
 242.0250  34.1522    217.00
 242.0417  34.1522    249.00
 242.0583  34.1522    251.00
 242.0750  34.1522    221.00
 242.0917  34.1522    245.00
 242.1083  34.1522    355.00
 242.1250  34.1522    333.00
 242.1416  34.1522    325.00
 242.1583  34.1522    331.00
 242.1750  34.1522    467.00
 242.1917  34.1522    663.00
 242.2083  34.1522    723.00
 242.2250  34.1522    511.00
 242.2417  34.1522    537.00
 242.2583  34.1522    571.00
 242.2750  34.1522    653.00
 242.2917  34.1522    585.00
 242.3083  34.1522    599.00
 242.3250  34.1522    617.00
 242.3417  34.1522    599.00
 242.3583  34.1522    585.00
 242.3750  34.1522    583.00
 242.3916  34.1522    555.00
 242.4083  34.1522    547.00
 242.4250  34.1522    555.00
 242.4417  34.1522    545.00
 242.4583  34.1522    533.00
 242.4750  34.1522    515.00
 242.4917  34.1522    483.00
 241.3417  34.1384    375.00
 241.3583  34.1384    389.00
 241.3750  34.1384    353.00
 241.3916  34.1384    431.00
 241.4083  34.1384    455.00
 241.4250  34.1384    455.00
 241.4417  34.1384    403.00
 241.4583  34.1384    379.00
 241.4750  34.1384    403.00
 241.4917  34.1384    387.00
 241.5083  34.1384    339.00
 241.5250  34.1384    305.00
 241.5417  34.1384    319.00
 241.5583  34.1384    305.00
 241.5750  34.1384    279.00
 241.5917  34.1384    263.00
 241.6083  34.1384    227.00
 241.6250  34.1384    225.00
 241.6416  34.1384    207.00
 241.6583  34.1384    253.00
 241.6750  34.1384    401.00
 241.6917  34.1384    363.00
 241.7083  34.1384    229.00
 241.7250  34.1384    137.00
 241.7417  34.1384    153.00
 241.7583  34.1384    165.00
 241.7750  34.1384    197.00
 241.7917  34.1384    189.00
 241.8083  34.1384    231.00
 241.8250  34.1384    261.00
 241.8417  34.1384    251.00
 241.8583  34.1384    247.00
 241.8750  34.1384    235.00
 241.8916  34.1384    219.00
 241.9083  34.1384    207.00
 241.9250  34.1384    191.00
 241.9417  34.1384    165.00
 241.9583  34.1384    143.00
 241.9750  34.1384    145.00
 241.9917  34.1384    143.00
 242.0083  34.1384    153.00
 242.0250  34.1384    155.00
 242.0417  34.1384    165.00
 242.0583  34.1384    177.00
 242.0750  34.1384    175.00
 242.0917  34.1384    193.00
 242.1083  34.1384    205.00
 242.1250  34.1384    223.00
 242.1416  34.1384    253.00
 242.1583  34.1384    273.00
 242.1750  34.1384    309.00
 242.1917  34.1384    421.00
 242.2083  34.1384    453.00
 242.2250  34.1384    395.00
 242.2417  34.1384    453.00
 242.2583  34.1384    521.00
 242.2750  34.1384    571.00
 242.2917  34.1384    499.00
 242.3083  34.1384    535.00
 242.3250  34.1384    547.00
 242.3417  34.1384    527.00
 242.3583  34.1384    517.00
 242.3750  34.1384    513.00
 242.3916  34.1384    491.00
 242.4083  34.1384    477.00
 242.4250  34.1384    467.00
 242.4417  34.1384    471.00
 242.4583  34.1384    461.00
 242.4750  34.1384    447.00
 242.4917  34.1384    435.00
 241.3417  34.1246    441.00
 241.3583  34.1246    455.00
 241.3750  34.1246    443.00
 241.3916  34.1246    453.00
 241.4083  34.1246    391.00
 241.4250  34.1246    409.00
 241.4417  34.1246    473.00
 241.4583  34.1246    461.00
 241.4750  34.1246    503.00
 241.4917  34.1246    481.00
 241.5083  34.1246    417.00
 241.5250  34.1246    381.00
 241.5417  34.1246    363.00
 241.5583  34.1246    347.00
 241.5750  34.1246    329.00
 241.5917  34.1246    319.00
 241.6083  34.1246    317.00
 241.6250  34.1246    327.00
 241.6416  34.1246    305.00
 241.6583  34.1246    265.00
 241.6750  34.1246    277.00
 241.6917  34.1246    299.00
 241.7083  34.1246    293.00
 241.7250  34.1246    175.00
 241.7417  34.1246    137.00
 241.7583  34.1246    169.00
 241.7750  34.1246    167.00
 241.7917  34.1246    187.00
 241.8083  34.1246    213.00
 241.8250  34.1246    227.00
 241.8417  34.1246    229.00
 241.8583  34.1246    227.00
 241.8750  34.1246    209.00
 241.8916  34.1246    191.00
 241.9083  34.1246    179.00
 241.9250  34.1246    165.00
 241.9417  34.1246    151.00
 241.9583  34.1246    133.00
 241.9750  34.1246    129.00
 241.9917  34.1246    123.00
 242.0083  34.1246    125.00
 242.0250  34.1246    135.00
 242.0417  34.1246    149.00
 242.0583  34.1246    159.00
 242.0750  34.1246    161.00
 242.0917  34.1246    173.00
 242.1083  34.1246    187.00
 242.1250  34.1246    209.00
 242.1416  34.1246    249.00
 242.1583  34.1246    275.00
 242.1750  34.1246    283.00
 242.1917  34.1246    333.00
 242.2083  34.1246    345.00
 242.2250  34.1246    369.00
 242.2417  34.1246    415.00
 242.2583  34.1246    433.00
 242.2750  34.1246    441.00
 242.2917  34.1246    461.00
 242.3083  34.1246    481.00
 242.3250  34.1246    491.00
 242.3417  34.1246    479.00
 242.3583  34.1246    465.00
 242.3750  34.1246    461.00
 242.3916  34.1246    447.00
 242.4083  34.1246    427.00
 242.4250  34.1246    417.00
 242.4417  34.1246    421.00
 242.4583  34.1246    415.00
 242.4750  34.1246    411.00
 242.4917  34.1246    405.00
 241.3417  34.1108    427.00
 241.3583  34.1108    425.00
 241.3750  34.1108    371.00
 241.3916  34.1108    429.00
 241.4083  34.1108    343.00
 241.4250  34.1108    461.00
 241.4417  34.1108    545.00
 241.4583  34.1108    491.00
 241.4750  34.1108    419.00
 241.4917  34.1108    445.00
 241.5083  34.1108    419.00
 241.5250  34.1108    333.00
 241.5417  34.1108    319.00
 241.5583  34.1108    277.00
 241.5750  34.1108    303.00
 241.5917  34.1108    283.00
 241.6083  34.1108    369.00
 241.6250  34.1108    301.00
 241.6416  34.1108    239.00
 241.6583  34.1108    185.00
 241.6750  34.1108    161.00
 241.6917  34.1108    173.00
 241.7083  34.1108    165.00
 241.7250  34.1108    155.00
 241.7417  34.1108    131.00
 241.7583  34.1108    121.00
 241.7750  34.1108    197.00
 241.7917  34.1108    197.00
 241.8083  34.1108    171.00
 241.8250  34.1108    205.00
 241.8417  34.1108    207.00
 241.8583  34.1108    183.00
 241.8750  34.1108    165.00
 241.8916  34.1108    151.00
 241.9083  34.1108    143.00
 241.9250  34.1108    135.00
 241.9417  34.1108    127.00
 241.9583  34.1108    115.00
 241.9750  34.1108    109.00
 241.9917  34.1108    103.00
 242.0083  34.1108     97.00
 242.0250  34.1108    121.00
 242.0417  34.1108    137.00
 242.0583  34.1108    143.00
 242.0750  34.1108    147.00
 242.0917  34.1108    159.00
 242.1083  34.1108    177.00
 242.1250  34.1108    199.00
 242.1416  34.1108    223.00
 242.1583  34.1108    245.00
 242.1750  34.1108    271.00
 242.1917  34.1108    297.00
 242.2083  34.1108    317.00
 242.2250  34.1108    331.00
 242.2417  34.1108    349.00
 242.2583  34.1108    367.00
 242.2750  34.1108    389.00
 242.2917  34.1108    407.00
 242.3083  34.1108    417.00
 242.3250  34.1108    423.00
 242.3417  34.1108    417.00
 242.3583  34.1108    411.00
 242.3750  34.1108    409.00
 242.3916  34.1108    383.00
 242.4083  34.1108    375.00
 242.4250  34.1108    375.00
 242.4417  34.1108    377.00
 242.4583  34.1108    375.00
 242.4750  34.1108    373.00
 242.4917  34.1108    373.00
 241.3417  34.0970    359.00
 241.3583  34.0970    531.00
 241.3750  34.0970    391.00
 241.3916  34.0970    307.00
 241.4083  34.0970    345.00
 241.4250  34.0970    431.00
 241.4417  34.0970    499.00
 241.4583  34.0970    479.00
 241.4750  34.0970    363.00
 241.4917  34.0970    393.00
 241.5083  34.0970    405.00
 241.5250  34.0970    299.00
 241.5417  34.0970    293.00
 241.5583  34.0970    249.00
 241.5750  34.0970    227.00
 241.5917  34.0970    209.00
 241.6083  34.0970    211.00
 241.6250  34.0970    157.00
 241.6416  34.0970    113.00
 241.6583  34.0970    105.00
 241.6750  34.0970    109.00
 241.6917  34.0970    113.00
 241.7083  34.0970    117.00
 241.7250  34.0970    147.00
 241.7417  34.0970    163.00
 241.7583  34.0970    127.00
 241.7750  34.0970    147.00
 241.7917  34.0970    153.00
 241.8083  34.0970    215.00
 241.8250  34.0970    195.00
 241.8417  34.0970    173.00
 241.8583  34.0970    163.00
 241.8750  34.0970    149.00
 241.8916  34.0970    129.00
 241.9083  34.0970    123.00
 241.9250  34.0970    117.00
 241.9417  34.0970    107.00
 241.9583  34.0970    101.00
 241.9750  34.0970     97.00
 241.9917  34.0970    103.00
 242.0083  34.0970     97.00
 242.0250  34.0970    115.00
 242.0417  34.0970    115.00
 242.0583  34.0970    117.00
 242.0750  34.0970    139.00
 242.0917  34.0970    153.00
 242.1083  34.0970    173.00
 242.1250  34.0970    191.00
 242.1416  34.0970    211.00
 242.1583  34.0970    229.00
 242.1750  34.0970    249.00
 242.1917  34.0970    289.00
 242.2083  34.0970    313.00
 242.2250  34.0970    315.00
 242.2417  34.0970    327.00
 242.2583  34.0970    339.00
 242.2750  34.0970    355.00
 242.2917  34.0970    367.00
 242.3083  34.0970    373.00
 242.3250  34.0970    381.00
 242.3417  34.0970    379.00
 242.3583  34.0970    375.00
 242.3750  34.0970    363.00
 242.3916  34.0970    347.00
 242.4083  34.0970    347.00
 242.4250  34.0970    351.00
 242.4417  34.0970    353.00
 242.4583  34.0970    351.00
 242.4750  34.0970    351.00
 242.4917  34.0970    351.00
 241.3417  34.0832    651.00
 241.3583  34.0832    659.00
 241.3750  34.0832    573.00
 241.3916  34.0832    383.00
 241.4083  34.0832    327.00
 241.4250  34.0832    301.00
 241.4417  34.0832    371.00
 241.4583  34.0832    471.00
 241.4750  34.0832    329.00
 241.4917  34.0832    291.00
 241.5083  34.0832    299.00
 241.5250  34.0832    237.00
 241.5417  34.0832    231.00
 241.5583  34.0832    179.00
 241.5750  34.0832    147.00
 241.5917  34.0832    123.00
 241.6083  34.0832     93.00
 241.6250  34.0832     69.00
 241.6416  34.0832     77.00
 241.6583  34.0832     85.00
 241.6750  34.0832     89.00
 241.6917  34.0832     95.00
 241.7083  34.0832     97.00
 241.7250  34.0832    123.00
 241.7417  34.0832    153.00
 241.7583  34.0832    177.00
 241.7750  34.0832    119.00
 241.7917  34.0832    147.00
 241.8083  34.0832    177.00
 241.8250  34.0832    153.00
 241.8417  34.0832    145.00
 241.8583  34.0832    147.00
 241.8750  34.0832    137.00
 241.8916  34.0832    117.00
 241.9083  34.0832    105.00
 241.9250  34.0832    101.00
 241.9417  34.0832     91.00
 241.9583  34.0832     89.00
 241.9750  34.0832     95.00
 241.9917  34.0832     99.00
 242.0083  34.0832     95.00
 242.0250  34.0832    107.00
 242.0417  34.0832    115.00
 242.0583  34.0832    123.00
 242.0750  34.0832    133.00
 242.0917  34.0832    149.00
 242.1083  34.0832    163.00
 242.1250  34.0832    177.00
 242.1416  34.0832    199.00
 242.1583  34.0832    231.00
 242.1750  34.0832    285.00
 242.1917  34.0832    305.00
 242.2083  34.0832    329.00
 242.2250  34.0832    315.00
 242.2417  34.0832    305.00
 242.2583  34.0832    311.00
 242.2750  34.0832    321.00
 242.2917  34.0832    331.00
 242.3083  34.0832    341.00
 242.3250  34.0832    347.00
 242.3417  34.0832    349.00
 242.3583  34.0832    345.00
 242.3750  34.0832    337.00
 242.3916  34.0832    325.00
 242.4083  34.0832    325.00
 242.4250  34.0832    327.00
 242.4417  34.0832    329.00
 242.4583  34.0832    331.00
 242.4750  34.0832    331.00
 242.4917  34.0832    335.00
 241.3417  34.0694    511.00
 241.3583  34.0694    413.00
 241.3750  34.0694    509.00
 241.3916  34.0694    497.00
 241.4083  34.0694    317.00
 241.4250  34.0694    353.00
 241.4417  34.0694    275.00
 241.4583  34.0694    325.00
 241.4750  34.0694    293.00
 241.4917  34.0694    209.00
 241.5083  34.0694    171.00
 241.5250  34.0694    159.00
 241.5417  34.0694    137.00
 241.5583  34.0694    123.00
 241.5750  34.0694    113.00
 241.5917  34.0694     89.00
 241.6083  34.0694     67.00
 241.6250  34.0694     53.00
 241.6416  34.0694     61.00
 241.6583  34.0694     71.00
 241.6750  34.0694     73.00
 241.6917  34.0694     75.00
 241.7083  34.0694     85.00
 241.7250  34.0694    107.00
 241.7417  34.0694    131.00
 241.7583  34.0694    127.00
 241.7750  34.0694    101.00
 241.7917  34.0694    111.00
 241.8083  34.0694    135.00
 241.8250  34.0694    145.00
 241.8417  34.0694    137.00
 241.8583  34.0694    137.00
 241.8750  34.0694    125.00
 241.8916  34.0694    111.00
 241.9083  34.0694     91.00
 241.9250  34.0694     81.00
 241.9417  34.0694     79.00
 241.9583  34.0694     85.00
 241.9750  34.0694     89.00
 241.9917  34.0694     93.00
 242.0083  34.0694     97.00
 242.0250  34.0694    103.00
 242.0417  34.0694    107.00
 242.0583  34.0694    117.00
 242.0750  34.0694    125.00
 242.0917  34.0694    137.00
 242.1083  34.0694    153.00
 242.1250  34.0694    173.00
 242.1416  34.0694    223.00
 242.1583  34.0694    307.00
 242.1750  34.0694    299.00
 242.1917  34.0694    277.00
 242.2083  34.0694    253.00
 242.2250  34.0694    259.00
 242.2417  34.0694    275.00
 242.2583  34.0694    281.00
 242.2750  34.0694    287.00
 242.2917  34.0694    297.00
 242.3083  34.0694    305.00
 242.3250  34.0694    311.00
 242.3417  34.0694    315.00
 242.3583  34.0694    311.00
 242.3750  34.0694    305.00
 242.3916  34.0694    301.00
 242.4083  34.0694    299.00
 242.4250  34.0694    301.00
 242.4417  34.0694    303.00
 242.4583  34.0694    307.00
 242.4750  34.0694    307.00
 242.4917  34.0694    311.00
 241.3417  34.0556    281.00
 241.3583  34.0556    247.00
 241.3750  34.0556    371.00
 241.3916  34.0556    415.00
 241.4083  34.0556    301.00
 241.4250  34.0556    213.00
 241.4417  34.0556    193.00
 241.4583  34.0556    163.00
 241.4750  34.0556    151.00
 241.4917  34.0556    137.00
 241.5083  34.0556    125.00
 241.5250  34.0556    111.00
 241.5417  34.0556    105.00
 241.5583  34.0556     93.00
 241.5750  34.0556     81.00
 241.5917  34.0556     87.00
 241.6083  34.0556     59.00
 241.6250  34.0556     43.00
 241.6416  34.0556     55.00
 241.6583  34.0556     59.00
 241.6750  34.0556     57.00
 241.6917  34.0556     61.00
 241.7083  34.0556     73.00
 241.7250  34.0556     93.00
 241.7417  34.0556    115.00
 241.7583  34.0556    101.00
 241.7750  34.0556     95.00
 241.7917  34.0556    109.00
 241.8083  34.0556    131.00
 241.8250  34.0556    153.00
 241.8417  34.0556    147.00
 241.8583  34.0556    155.00
 241.8750  34.0556    141.00
 241.8916  34.0556    125.00
 241.9083  34.0556     91.00
 241.9250  34.0556     73.00
 241.9417  34.0556     75.00
 241.9583  34.0556     81.00
 241.9750  34.0556     85.00
 241.9917  34.0556     89.00
 242.0083  34.0556     93.00
 242.0250  34.0556     99.00
 242.0417  34.0556    105.00
 242.0583  34.0556    113.00
 242.0750  34.0556    123.00
 242.0917  34.0556    145.00
 242.1083  34.0556    187.00
 242.1250  34.0556    239.00
 242.1416  34.0556    293.00
 242.1583  34.0556    303.00
 242.1750  34.0556    249.00
 242.1917  34.0556    223.00
 242.2083  34.0556    251.00
 242.2250  34.0556    249.00
 242.2417  34.0556    259.00
 242.2583  34.0556    265.00
 242.2750  34.0556    269.00
 242.2917  34.0556    275.00
 242.3083  34.0556    283.00
 242.3250  34.0556    287.00
 242.3417  34.0556    291.00
 242.3583  34.0556    291.00
 242.3750  34.0556    285.00
 242.3916  34.0556    283.00
 242.4083  34.0556    281.00
 242.4250  34.0556    281.00
 242.4417  34.0556    285.00
 242.4583  34.0556    287.00
 242.4750  34.0556    287.00
 242.4917  34.0556    289.00
 241.3417  34.0418     73.00
 241.3583  34.0418     91.00
 241.3750  34.0418    151.00
 241.3916  34.0418    139.00
 241.4083  34.0418     89.00
 241.4250  34.0418     39.00
 241.4417  34.0418     51.00
 241.4583  34.0418     59.00
 241.4750  34.0418     89.00
 241.4917  34.0418     83.00
 241.5083  34.0418     95.00
 241.5250  34.0418     81.00
 241.5417  34.0418     69.00
 241.5583  34.0418     69.00
 241.5750  34.0418     59.00
 241.5917  34.0418     73.00
 241.6083  34.0418     53.00
 241.6250  34.0418     35.00
 241.6416  34.0418     37.00
 241.6583  34.0418     47.00
 241.6750  34.0418     63.00
 241.6917  34.0418     67.00
 241.7083  34.0418     67.00
 241.7250  34.0418     75.00
 241.7417  34.0418     87.00
 241.7583  34.0418     83.00
 241.7750  34.0418     87.00
 241.7917  34.0418     99.00
 241.8083  34.0418    109.00
 241.8250  34.0418    103.00
 241.8417  34.0418    103.00
 241.8583  34.0418    107.00
 241.8750  34.0418    113.00
 241.8916  34.0418    131.00
 241.9083  34.0418    109.00
 241.9250  34.0418     75.00
 241.9417  34.0418     71.00
 241.9583  34.0418     75.00
 241.9750  34.0418     81.00
 241.9917  34.0418     93.00
 242.0083  34.0418     95.00
 242.0250  34.0418     95.00
 242.0417  34.0418    101.00
 242.0583  34.0418    107.00
 242.0750  34.0418    125.00
 242.0917  34.0418    195.00
 242.1083  34.0418    289.00
 242.1250  34.0418    303.00
 242.1416  34.0418    265.00
 242.1583  34.0418    231.00
 242.1750  34.0418    237.00
 242.1917  34.0418    227.00
 242.2083  34.0418    311.00
 242.2250  34.0418    277.00
 242.2417  34.0418    249.00
 242.2583  34.0418    251.00
 242.2750  34.0418    253.00
 242.2917  34.0418    257.00
 242.3083  34.0418    263.00
 242.3250  34.0418    269.00
 242.3417  34.0418    271.00
 242.3583  34.0418    271.00
 242.3750  34.0418    269.00
 242.3916  34.0418    267.00
 242.4083  34.0418    265.00
 242.4250  34.0418    267.00
 242.4417  34.0418    271.00
 242.4583  34.0418    271.00
 242.4750  34.0418    271.00
 242.4917  34.0418    273.00
 241.3417  34.0280    -17.00
 241.3583  34.0280    -21.00
 241.3750  34.0280    -33.00
 241.3916  34.0280    -31.00
 241.4083  34.0280    -14.00
 241.4250  34.0280    -15.00
 241.4417  34.0280    -11.00
 241.4583  34.0280    -11.00
 241.4750  34.0280     13.00
 241.4917  34.0280     53.00
 241.5083  34.0280     59.00
 241.5250  34.0280     53.00
 241.5417  34.0280     51.00
 241.5583  34.0280     47.00
 241.5750  34.0280     49.00
 241.5917  34.0280     47.00
 241.6083  34.0280     39.00
 241.6250  34.0280     33.00
 241.6416  34.0280     33.00
 241.6583  34.0280     35.00
 241.6750  34.0280     49.00
 241.6917  34.0280     57.00
 241.7083  34.0280     61.00
 241.7250  34.0280     67.00
 241.7417  34.0280     73.00
 241.7583  34.0280     75.00
 241.7750  34.0280     81.00
 241.7917  34.0280     89.00
 241.8083  34.0280     87.00
 241.8250  34.0280     81.00
 241.8417  34.0280     73.00
 241.8583  34.0280     81.00
 241.8750  34.0280     93.00
 241.8916  34.0280    145.00
 241.9083  34.0280    123.00
 241.9250  34.0280     79.00
 241.9417  34.0280     67.00
 241.9583  34.0280     71.00
 241.9750  34.0280     95.00
 241.9917  34.0280    117.00
 242.0083  34.0280     99.00
 242.0250  34.0280     93.00
 242.0417  34.0280    101.00
 242.0583  34.0280    121.00
 242.0750  34.0280    123.00
 242.0917  34.0280    161.00
 242.1083  34.0280    221.00
 242.1250  34.0280    221.00
 242.1416  34.0280    211.00
 242.1583  34.0280    207.00
 242.1750  34.0280    203.00
 242.1917  34.0280    243.00
 242.2083  34.0280    299.00
 242.2250  34.0280    281.00
 242.2417  34.0280    251.00
 242.2583  34.0280    237.00
 242.2750  34.0280    239.00
 242.2917  34.0280    239.00
 242.3083  34.0280    245.00
 242.3250  34.0280    251.00
 242.3417  34.0280    255.00
 242.3583  34.0280    255.00
 242.3750  34.0280    253.00
 242.3916  34.0280    251.00
 242.4083  34.0280    249.00
 242.4250  34.0280    253.00
 242.4417  34.0280    253.00
 242.4583  34.0280    253.00
 242.4750  34.0280    255.00
 242.4917  34.0280    261.00
 241.3417  34.0142    -49.00
 241.3583  34.0142    -49.00
 241.3750  34.0142    -47.00
 241.3916  34.0142    -45.00
 241.4083  34.0142    -33.00
 241.4250  34.0142    -31.00
 241.4417  34.0142    -29.00
 241.4583  34.0142    -21.00
 241.4750  34.0142     -6.00
 241.4917  34.0142     21.00
 241.5083  34.0142     33.00
 241.5250  34.0142     43.00
 241.5417  34.0142     47.00
 241.5583  34.0142     45.00
 241.5750  34.0142     37.00
 241.5917  34.0142     27.00
 241.6083  34.0142     35.00
 241.6250  34.0142     71.00
 241.6416  34.0142     65.00
 241.6583  34.0142     41.00
 241.6750  34.0142     41.00
 241.6917  34.0142     49.00
 241.7083  34.0142     57.00
 241.7250  34.0142     63.00
 241.7417  34.0142     67.00
 241.7583  34.0142     69.00
 241.7750  34.0142     69.00
 241.7917  34.0142     65.00
 241.8083  34.0142     61.00
 241.8250  34.0142     57.00
 241.8417  34.0142     57.00
 241.8583  34.0142     61.00
 241.8750  34.0142     71.00
 241.8916  34.0142     75.00
 241.9083  34.0142     65.00
 241.9250  34.0142     61.00
 241.9417  34.0142     67.00
 241.9583  34.0142     91.00
 241.9750  34.0142    215.00
 241.9917  34.0142    255.00
 242.0083  34.0142    143.00
 242.0250  34.0142    101.00
 242.0417  34.0142    101.00
 242.0583  34.0142    133.00
 242.0750  34.0142    145.00
 242.0917  34.0142    143.00
 242.1083  34.0142    165.00
 242.1250  34.0142    185.00
 242.1416  34.0142    173.00
 242.1583  34.0142    177.00
 242.1750  34.0142    215.00
 242.1917  34.0142    259.00
 242.2083  34.0142    341.00
 242.2250  34.0142    345.00
 242.2417  34.0142    309.00
 242.2583  34.0142    251.00
 242.2750  34.0142    223.00
 242.2917  34.0142    223.00
 242.3083  34.0142    229.00
 242.3250  34.0142    233.00
 242.3417  34.0142    235.00
 242.3583  34.0142    237.00
 242.3750  34.0142    235.00
 242.3916  34.0142    235.00
 242.4083  34.0142    237.00
 242.4250  34.0142    239.00
 242.4417  34.0142    241.00
 242.4583  34.0142    239.00
 242.4750  34.0142    239.00
 242.4917  34.0142    243.00
 241.3417  34.0003    -63.00
 241.3583  34.0003    -63.00
 241.3750  34.0003    -61.00
 241.3916  34.0003    -57.00
 241.4083  34.0003    -53.00
 241.4250  34.0003    -49.00
 241.4417  34.0003    -37.00
 241.4583  34.0003    -33.00
 241.4750  34.0003    -23.00
 241.4917  34.0003     -4.00
 241.5083  34.0003      7.00
 241.5250  34.0003     17.00
 241.5417  34.0003     11.00
 241.5583  34.0003     17.00
 241.5750  34.0003     21.00
 241.5917  34.0003     15.00
 241.6083  34.0003     29.00
 241.6250  34.0003     95.00
 241.6416  34.0003    123.00
 241.6583  34.0003     89.00
 241.6750  34.0003     47.00
 241.6917  34.0003     47.00
 241.7083  34.0003     51.00
 241.7250  34.0003     55.00
 241.7417  34.0003     59.00
 241.7583  34.0003     61.00
 241.7750  34.0003     61.00
 241.7917  34.0003     59.00
 241.8083  34.0003     53.00
 241.8250  34.0003     49.00
 241.8417  34.0003     47.00
 241.8583  34.0003     51.00
 241.8750  34.0003     57.00
 241.8916  34.0003     59.00
 241.9083  34.0003     53.00
 241.9250  34.0003     57.00
 241.9417  34.0003     85.00
 241.9583  34.0003    181.00
 241.9750  34.0003    255.00
 241.9917  34.0003    307.00
 242.0083  34.0003    225.00
 242.0250  34.0003    131.00
 242.0417  34.0003    127.00
 242.0583  34.0003    125.00
 242.0750  34.0003    125.00
 242.0917  34.0003    131.00
 242.1083  34.0003    139.00
 242.1250  34.0003    153.00
 242.1416  34.0003    171.00
 242.1583  34.0003    203.00
 242.1750  34.0003    265.00
 242.1917  34.0003    299.00
 242.2083  34.0003    337.00
 242.2250  34.0003    335.00
 242.2417  34.0003    299.00
 242.2583  34.0003    253.00
 242.2750  34.0003    213.00
 242.2917  34.0003    205.00
 242.3083  34.0003    207.00
 242.3250  34.0003    211.00
 242.3417  34.0003    213.00
 242.3583  34.0003    215.00
 242.3750  34.0003    215.00
 242.3916  34.0003    217.00
 242.4083  34.0003    219.00
 242.4250  34.0003    223.00
 242.4417  34.0003    223.00
 242.4583  34.0003    223.00
 242.4750  34.0003    223.00
 242.4917  34.0003    223.00
 241.3417  33.9865    -77.00
 241.3583  33.9865    -77.00
 241.3750  33.9865    -77.00
 241.3916  33.9865    -75.00
 241.4083  33.9865    -65.00
 241.4250  33.9865    -57.00
 241.4417  33.9865    -49.00
 241.4583  33.9865    -43.00
 241.4750  33.9865    -37.00
 241.4917  33.9865    -25.00
 241.5083  33.9865    -12.00
 241.5250  33.9865     -1.00
 241.5417  33.9865      7.00
 241.5583  33.9865     11.00
 241.5750  33.9865     11.00
 241.5917  33.9865     11.00
 241.6083  33.9865     25.00
 241.6250  33.9865     59.00
 241.6416  33.9865     85.00
 241.6583  33.9865     71.00
 241.6750  33.9865     49.00
 241.6917  33.9865     45.00
 241.7083  33.9865     47.00
 241.7250  33.9865     51.00
 241.7417  33.9865     53.00
 241.7583  33.9865     55.00
 241.7750  33.9865     57.00
 241.7917  33.9865     53.00
 241.8083  33.9865     49.00
 241.8250  33.9865     45.00
 241.8417  33.9865     45.00
 241.8583  33.9865     47.00
 241.8750  33.9865     55.00
 241.8916  33.9865     51.00
 241.9083  33.9865     53.00
 241.9250  33.9865     53.00
 241.9417  33.9865     67.00
 241.9583  33.9865    113.00
 241.9750  33.9865    195.00
 241.9917  33.9865    305.00
 242.0083  33.9865    253.00
 242.0250  33.9865    161.00
 242.0417  33.9865    181.00
 242.0583  33.9865    173.00
 242.0750  33.9865    167.00
 242.0917  33.9865    153.00
 242.1083  33.9865    151.00
 242.1250  33.9865    167.00
 242.1416  33.9865    225.00
 242.1583  33.9865    265.00
 242.1750  33.9865    287.00
 242.1917  33.9865    341.00
 242.2083  33.9865    309.00
 242.2250  33.9865    337.00
 242.2417  33.9865    297.00
 242.2583  33.9865    251.00
 242.2750  33.9865    209.00
 242.2917  33.9865    197.00
 242.3083  33.9865    191.00
 242.3250  33.9865    193.00
 242.3417  33.9865    197.00
 242.3583  33.9865    201.00
 242.3750  33.9865    203.00
 242.3916  33.9865    207.00
 242.4083  33.9865    207.00
 242.4250  33.9865    211.00
 242.4417  33.9865    211.00
 242.4583  33.9865    211.00
 242.4750  33.9865    215.00
 242.4917  33.9865    215.00
 241.3417  33.9727   -165.00
 241.3583  33.9727   -167.00
 241.3750  33.9727   -153.00
 241.3916  33.9727   -145.00
 241.4083  33.9727   -113.00
 241.4250  33.9727    -73.00
 241.4417  33.9727    -57.00
 241.4583  33.9727    -51.00
 241.4750  33.9727    -45.00
 241.4917  33.9727    -39.00
 241.5083  33.9727    -25.00
 241.5250  33.9727     -7.00
 241.5417  33.9727      7.00
 241.5583  33.9727      5.00
 241.5750  33.9727     13.00
 241.5917  33.9727     33.00
 241.6083  33.9727     33.00
 241.6250  33.9727     35.00
 241.6416  33.9727     49.00
 241.6583  33.9727     59.00
 241.6750  33.9727     57.00
 241.6917  33.9727     49.00
 241.7083  33.9727     47.00
 241.7250  33.9727     47.00
 241.7417  33.9727     49.00
 241.7583  33.9727     51.00
 241.7750  33.9727     51.00
 241.7917  33.9727     49.00
 241.8083  33.9727     47.00
 241.8250  33.9727     43.00
 241.8417  33.9727     41.00
 241.8583  33.9727     45.00
 241.8750  33.9727     49.00
 241.8916  33.9727     49.00
 241.9083  33.9727     51.00
 241.9250  33.9727     51.00
 241.9417  33.9727     55.00
 241.9583  33.9727     85.00
 241.9750  33.9727    139.00
 241.9917  33.9727    201.00
 242.0083  33.9727    235.00
 242.0250  33.9727    231.00
 242.0417  33.9727    279.00
 242.0583  33.9727    311.00
 242.0750  33.9727    245.00
 242.0917  33.9727    177.00
 242.1083  33.9727    187.00
 242.1250  33.9727    225.00
 242.1416  33.9727    269.00
 242.1583  33.9727    249.00
 242.1750  33.9727    293.00
 242.1917  33.9727    293.00
 242.2083  33.9727    303.00
 242.2250  33.9727    365.00
 242.2417  33.9727    325.00
 242.2583  33.9727    271.00
 242.2750  33.9727    237.00
 242.2917  33.9727    201.00
 242.3083  33.9727    183.00
 242.3250  33.9727    181.00
 242.3417  33.9727    185.00
 242.3583  33.9727    189.00
 242.3750  33.9727    193.00
 242.3916  33.9727    195.00
 242.4083  33.9727    197.00
 242.4250  33.9727    199.00
 242.4417  33.9727    203.00
 242.4583  33.9727    203.00
 242.4750  33.9727    205.00
 242.4917  33.9727    203.00
 241.3417  33.9589   -255.00
 241.3583  33.9589   -205.00
 241.3750  33.9589   -193.00
 241.3916  33.9589   -169.00
 241.4083  33.9589   -147.00
 241.4250  33.9589   -121.00
 241.4417  33.9589    -61.00
 241.4583  33.9589    -53.00
 241.4750  33.9589    -49.00
 241.4917  33.9589    -39.00
 241.5083  33.9589    -33.00
 241.5250  33.9589    -20.00
 241.5417  33.9589     -7.00
 241.5583  33.9589     27.00
 241.5750  33.9589     43.00
 241.5917  33.9589     43.00
 241.6083  33.9589     41.00
 241.6250  33.9589     35.00
 241.6416  33.9589     39.00
 241.6583  33.9589     51.00
 241.6750  33.9589     69.00
 241.6917  33.9589     61.00
 241.7083  33.9589     47.00
 241.7250  33.9589     43.00
 241.7417  33.9589     43.00
 241.7583  33.9589     43.00
 241.7750  33.9589     41.00
 241.7917  33.9589     41.00
 241.8083  33.9589     41.00
 241.8250  33.9589     37.00
 241.8417  33.9589     37.00
 241.8583  33.9589     41.00
 241.8750  33.9589     43.00
 241.8916  33.9589     45.00
 241.9083  33.9589     45.00
 241.9250  33.9589     47.00
 241.9417  33.9589     49.00
 241.9583  33.9589     53.00
 241.9750  33.9589     77.00
 241.9917  33.9589    109.00
 242.0083  33.9589    151.00
 242.0250  33.9589    199.00
 242.0417  33.9589    209.00
 242.0583  33.9589    237.00
 242.0750  33.9589    249.00
 242.0917  33.9589    301.00
 242.1083  33.9589    329.00
 242.1250  33.9589    295.00
 242.1416  33.9589    239.00
 242.1583  33.9589    263.00
 242.1750  33.9589    285.00
 242.1917  33.9589    365.00
 242.2083  33.9589    365.00
 242.2250  33.9589    327.00
 242.2417  33.9589    375.00
 242.2583  33.9589    331.00
 242.2750  33.9589    273.00
 242.2917  33.9589    249.00
 242.3083  33.9589    205.00
 242.3250  33.9589    169.00
 242.3417  33.9589    171.00
 242.3583  33.9589    173.00
 242.3750  33.9589    181.00
 242.3916  33.9589    181.00
 242.4083  33.9589    185.00
 242.4250  33.9589    187.00
 242.4417  33.9589    189.00
 242.4583  33.9589    189.00
 242.4750  33.9589    205.00
 242.4917  33.9589    229.00
 241.3417  33.9450   -275.00
 241.3583  33.9450   -259.00
 241.3750  33.9450   -215.00
 241.3916  33.9450   -205.00
 241.4083  33.9450   -179.00
 241.4250  33.9450   -137.00
 241.4417  33.9450    -77.00
 241.4583  33.9450    -59.00
 241.4750  33.9450    -51.00
 241.4917  33.9450    -47.00
 241.5083  33.9450    -39.00
 241.5250  33.9450    -23.00
 241.5417  33.9450     -8.00
 241.5583  33.9450     21.00
 241.5750  33.9450     31.00
 241.5917  33.9450     39.00
 241.6083  33.9450     35.00
 241.6250  33.9450     33.00
 241.6416  33.9450     31.00
 241.6583  33.9450     33.00
 241.6750  33.9450     57.00
 241.6917  33.9450     69.00
 241.7083  33.9450     51.00
 241.7250  33.9450     41.00
 241.7417  33.9450     39.00
 241.7583  33.9450     37.00
 241.7750  33.9450     37.00
 241.7917  33.9450     35.00
 241.8083  33.9450     37.00
 241.8250  33.9450     35.00
 241.8417  33.9450     37.00
 241.8583  33.9450     39.00
 241.8750  33.9450     41.00
 241.8916  33.9450     41.00
 241.9083  33.9450     43.00
 241.9250  33.9450     45.00
 241.9417  33.9450     49.00
 241.9583  33.9450     45.00
 241.9750  33.9450     55.00
 241.9917  33.9450     73.00
 242.0083  33.9450     95.00
 242.0250  33.9450    125.00
 242.0417  33.9450    143.00
 242.0583  33.9450    155.00
 242.0750  33.9450    163.00
 242.0917  33.9450    199.00
 242.1083  33.9450    235.00
 242.1250  33.9450    215.00
 242.1416  33.9450    273.00
 242.1583  33.9450    253.00
 242.1750  33.9450    373.00
 242.1917  33.9450    363.00
 242.2083  33.9450    337.00
 242.2250  33.9450    351.00
 242.2417  33.9450    391.00
 242.2583  33.9450    379.00
 242.2750  33.9450    345.00
 242.2917  33.9450    323.00
 242.3083  33.9450    253.00
 242.3250  33.9450    181.00
 242.3417  33.9450    163.00
 242.3583  33.9450    167.00
 242.3750  33.9450    171.00
 242.3916  33.9450    171.00
 242.4083  33.9450    179.00
 242.4250  33.9450    175.00
 242.4417  33.9450    189.00
 242.4583  33.9450    197.00
 242.4750  33.9450    259.00
 242.4917  33.9450    315.00
 241.3417  33.9312   -317.00
 241.3583  33.9312   -291.00
 241.3750  33.9312   -299.00
 241.3916  33.9312   -237.00
 241.4083  33.9312   -211.00
 241.4250  33.9312   -175.00
 241.4417  33.9312   -117.00
 241.4583  33.9312    -63.00
 241.4750  33.9312    -55.00
 241.4917  33.9312    -47.00
 241.5083  33.9312    -45.00
 241.5250  33.9312    -32.00
 241.5417  33.9312    -19.00
 241.5583  33.9312     -9.00
 241.5750  33.9312     33.00
 241.5917  33.9312     41.00
 241.6083  33.9312     35.00
 241.6250  33.9312     31.00
 241.6416  33.9312     27.00
 241.6583  33.9312     25.00
 241.6750  33.9312     35.00
 241.6917  33.9312     63.00
 241.7083  33.9312     59.00
 241.7250  33.9312     45.00
 241.7417  33.9312     35.00
 241.7583  33.9312     33.00
 241.7750  33.9312     31.00
 241.7917  33.9312     31.00
 241.8083  33.9312     33.00
 241.8250  33.9312     33.00
 241.8417  33.9312     35.00
 241.8583  33.9312     37.00
 241.8750  33.9312     37.00
 241.8916  33.9312     37.00
 241.9083  33.9312     39.00
 241.9250  33.9312     41.00
 241.9417  33.9312     49.00
 241.9583  33.9312     51.00
 241.9750  33.9312     59.00
 241.9917  33.9312     65.00
 242.0083  33.9312     79.00
 242.0250  33.9312     95.00
 242.0417  33.9312     97.00
 242.0583  33.9312    103.00
 242.0750  33.9312    119.00
 242.0917  33.9312    137.00
 242.1083  33.9312    147.00
 242.1250  33.9312    173.00
 242.1416  33.9312    197.00
 242.1583  33.9312    245.00
 242.1750  33.9312    299.00
 242.1917  33.9312    305.00
 242.2083  33.9312    299.00
 242.2250  33.9312    363.00
 242.2417  33.9312    381.00
 242.2583  33.9312    413.00
 242.2750  33.9312    339.00
 242.2917  33.9312    287.00
 242.3083  33.9312    279.00
 242.3250  33.9312    227.00
 242.3417  33.9312    169.00
 242.3583  33.9312    161.00
 242.3750  33.9312    167.00
 242.3916  33.9312    171.00
 242.4083  33.9312    173.00
 242.4250  33.9312    191.00
 242.4417  33.9312    207.00
 242.4583  33.9312    203.00
 242.4750  33.9312    255.00
 242.4917  33.9312    311.00
 241.3417  33.9174   -395.00
 241.3583  33.9174   -375.00
 241.3750  33.9174   -305.00
 241.3916  33.9174   -265.00
 241.4083  33.9174   -247.00
 241.4250  33.9174   -219.00
 241.4417  33.9174   -157.00
 241.4583  33.9174    -67.00
 241.4750  33.9174    -61.00
 241.4917  33.9174    -55.00
 241.5083  33.9174    -43.00
 241.5250  33.9174    -39.00
 241.5417  33.9174    -23.00
 241.5583  33.9174    -13.00
 241.5750  33.9174     25.00
 241.5917  33.9174     39.00
 241.6083  33.9174     39.00
 241.6250  33.9174     33.00
 241.6416  33.9174     27.00
 241.6583  33.9174     21.00
 241.6750  33.9174     21.00
 241.6917  33.9174     33.00
 241.7083  33.9174     49.00
 241.7250  33.9174     47.00
 241.7417  33.9174     35.00
 241.7583  33.9174     29.00
 241.7750  33.9174     27.00
 241.7917  33.9174     27.00
 241.8083  33.9174     29.00
 241.8250  33.9174     29.00
 241.8417  33.9174     31.00
 241.8583  33.9174     33.00
 241.8750  33.9174     33.00
 241.8916  33.9174     33.00
 241.9083  33.9174     33.00
 241.9250  33.9174     35.00
 241.9417  33.9174     37.00
 241.9583  33.9174     35.00
 241.9750  33.9174     47.00
 241.9917  33.9174     63.00
 242.0083  33.9174     83.00
 242.0250  33.9174     83.00
 242.0417  33.9174     93.00
 242.0583  33.9174     97.00
 242.0750  33.9174    101.00
 242.0917  33.9174    105.00
 242.1083  33.9174    111.00
 242.1250  33.9174    117.00
 242.1416  33.9174    131.00
 242.1583  33.9174    141.00
 242.1750  33.9174    187.00
 242.1917  33.9174    227.00
 242.2083  33.9174    299.00
 242.2250  33.9174    353.00
 242.2417  33.9174    355.00
 242.2583  33.9174    427.00
 242.2750  33.9174    363.00
 242.2917  33.9174    261.00
 242.3083  33.9174    283.00
 242.3250  33.9174    287.00
 242.3417  33.9174    233.00
 242.3583  33.9174    155.00
 242.3750  33.9174    159.00
 242.3916  33.9174    167.00
 242.4083  33.9174    177.00
 242.4250  33.9174    189.00
 242.4417  33.9174    195.00
 242.4583  33.9174    223.00
 242.4750  33.9174    321.00
 242.4917  33.9174    305.00
 241.3417  33.9036   -395.00
 241.3583  33.9036   -285.00
 241.3750  33.9036   -173.00
 241.3916  33.9036   -137.00
 241.4083  33.9036    -87.00
 241.4250  33.9036    -81.00
 241.4417  33.9036    -79.00
 241.4583  33.9036    -65.00
 241.4750  33.9036    -61.00
 241.4917  33.9036    -59.00
 241.5083  33.9036    -55.00
 241.5250  33.9036    -37.00
 241.5417  33.9036    -31.00
 241.5583  33.9036    -22.00
 241.5750  33.9036     -4.00
 241.5917  33.9036     41.00
 241.6083  33.9036     39.00
 241.6250  33.9036     29.00
 241.6416  33.9036     25.00
 241.6583  33.9036     21.00
 241.6750  33.9036     19.00
 241.6917  33.9036     19.00
 241.7083  33.9036     25.00
 241.7250  33.9036     39.00
 241.7417  33.9036     35.00
 241.7583  33.9036     27.00
 241.7750  33.9036     25.00
 241.7917  33.9036     25.00
 241.8083  33.9036     27.00
 241.8250  33.9036     27.00
 241.8417  33.9036     27.00
 241.8583  33.9036     29.00
 241.8750  33.9036     29.00
 241.8916  33.9036     29.00
 241.9083  33.9036     29.00
 241.9250  33.9036     31.00
 241.9417  33.9036     29.00
 241.9583  33.9036     29.00
 241.9750  33.9036     39.00
 241.9917  33.9036     51.00
 242.0083  33.9036     69.00
 242.0250  33.9036    115.00
 242.0417  33.9036    147.00
 242.0583  33.9036    119.00
 242.0750  33.9036     95.00
 242.0917  33.9036    101.00
 242.1083  33.9036    103.00
 242.1250  33.9036    107.00
 242.1416  33.9036    111.00
 242.1583  33.9036    123.00
 242.1750  33.9036    149.00
 242.1917  33.9036    185.00
 242.2083  33.9036    221.00
 242.2250  33.9036    243.00
 242.2417  33.9036    265.00
 242.2583  33.9036    379.00
 242.2750  33.9036    419.00
 242.2917  33.9036    289.00
 242.3083  33.9036    235.00
 242.3250  33.9036    251.00
 242.3417  33.9036    257.00
 242.3583  33.9036    161.00
 242.3750  33.9036    161.00
 242.3916  33.9036    167.00
 242.4083  33.9036    173.00
 242.4250  33.9036    181.00
 242.4417  33.9036    193.00
 242.4583  33.9036    231.00
 242.4750  33.9036    271.00
 242.4917  33.9036    281.00
 241.3417  33.8897   -409.00
 241.3583  33.8897   -181.00
 241.3750  33.8897   -107.00
 241.3916  33.8897    -85.00
 241.4083  33.8897    -81.00
 241.4250  33.8897    -79.00
 241.4417  33.8897    -73.00
 241.4583  33.8897    -65.00
 241.4750  33.8897    -59.00
 241.4917  33.8897    -57.00
 241.5083  33.8897    -59.00
 241.5250  33.8897    -51.00
 241.5417  33.8897    -35.00
 241.5583  33.8897    -29.00
 241.5750  33.8897     -8.00
 241.5917  33.8897     39.00
 241.6083  33.8897     41.00
 241.6250  33.8897     29.00
 241.6416  33.8897     23.00
 241.6583  33.8897     19.00
 241.6750  33.8897     19.00
 241.6917  33.8897     19.00
 241.7083  33.8897     19.00
 241.7250  33.8897     25.00
 241.7417  33.8897     31.00
 241.7583  33.8897     31.00
 241.7750  33.8897     25.00
 241.7917  33.8897     23.00
 241.8083  33.8897     25.00
 241.8250  33.8897     25.00
 241.8417  33.8897     25.00
 241.8583  33.8897     27.00
 241.8750  33.8897     27.00
 241.8916  33.8897     27.00
 241.9083  33.8897     27.00
 241.9250  33.8897     27.00
 241.9417  33.8897     27.00
 241.9583  33.8897     25.00
 241.9750  33.8897     29.00
 241.9917  33.8897     39.00
 242.0083  33.8897     47.00
 242.0250  33.8897     83.00
 242.0417  33.8897     89.00
 242.0583  33.8897     83.00
 242.0750  33.8897     87.00
 242.0917  33.8897    105.00
 242.1083  33.8897    103.00
 242.1250  33.8897     93.00
 242.1416  33.8897     99.00
 242.1583  33.8897    105.00
 242.1750  33.8897    111.00
 242.1917  33.8897    133.00
 242.2083  33.8897    155.00
 242.2250  33.8897    177.00
 242.2417  33.8897    199.00
 242.2583  33.8897    249.00
 242.2750  33.8897    291.00
 242.2917  33.8897    279.00
 242.3083  33.8897    229.00
 242.3250  33.8897    199.00
 242.3417  33.8897    197.00
 242.3583  33.8897    163.00
 242.3750  33.8897    165.00
 242.3916  33.8897    173.00
 242.4083  33.8897    179.00
 242.4250  33.8897    179.00
 242.4417  33.8897    191.00
 242.4583  33.8897    233.00
 242.4750  33.8897    229.00
 242.4917  33.8897    229.00
 241.3417  33.8759   -393.00
 241.3583  33.8759   -243.00
 241.3750  33.8759   -145.00
 241.3916  33.8759    -83.00
 241.4083  33.8759    -79.00
 241.4250  33.8759    -77.00
 241.4417  33.8759    -75.00
 241.4583  33.8759    -69.00
 241.4750  33.8759    -63.00
 241.4917  33.8759    -59.00
 241.5083  33.8759    -61.00
 241.5250  33.8759    -65.00
 241.5417  33.8759    -41.00
 241.5583  33.8759    -33.00
 241.5750  33.8759    -27.00
 241.5917  33.8759     17.00
 241.6083  33.8759     51.00
 241.6250  33.8759     37.00
 241.6416  33.8759     33.00
 241.6583  33.8759     23.00
 241.6750  33.8759     19.00
 241.6917  33.8759     15.00
 241.7083  33.8759     13.00
 241.7250  33.8759     15.00
 241.7417  33.8759     27.00
 241.7583  33.8759     41.00
 241.7750  33.8759     29.00
 241.7917  33.8759     23.00
 241.8083  33.8759     21.00
 241.8250  33.8759     21.00
 241.8417  33.8759     21.00
 241.8583  33.8759     23.00
 241.8750  33.8759     23.00
 241.8916  33.8759     23.00
 241.9083  33.8759     23.00
 241.9250  33.8759     23.00
 241.9417  33.8759     23.00
 241.9583  33.8759     23.00
 241.9750  33.8759     21.00
 241.9917  33.8759     25.00
 242.0083  33.8759     29.00
 242.0250  33.8759     39.00
 242.0417  33.8759     43.00
 242.0583  33.8759     53.00
 242.0750  33.8759     61.00
 242.0917  33.8759     61.00
 242.1083  33.8759     69.00
 242.1250  33.8759     75.00
 242.1416  33.8759     83.00
 242.1583  33.8759     87.00
 242.1750  33.8759     89.00
 242.1917  33.8759     97.00
 242.2083  33.8759    125.00
 242.2250  33.8759    139.00
 242.2417  33.8759    115.00
 242.2583  33.8759    119.00
 242.2750  33.8759    141.00
 242.2917  33.8759    145.00
 242.3083  33.8759    173.00
 242.3250  33.8759    169.00
 242.3417  33.8759    211.00
 242.3583  33.8759    229.00
 242.3750  33.8759    227.00
 242.3916  33.8759    217.00
 242.4083  33.8759    223.00
 242.4250  33.8759    213.00
 242.4417  33.8759    207.00
 242.4583  33.8759    199.00
 242.4750  33.8759    207.00
 242.4917  33.8759    257.00
 241.3417  33.8620   -477.00
 241.3583  33.8620   -335.00
 241.3750  33.8620   -203.00
 241.3916  33.8620    -87.00
 241.4083  33.8620    -81.00
 241.4250  33.8620    -77.00
 241.4417  33.8620    -77.00
 241.4583  33.8620    -75.00
 241.4750  33.8620    -73.00
 241.4917  33.8620    -65.00
 241.5083  33.8620    -81.00
 241.5250  33.8620    -79.00
 241.5417  33.8620    -69.00
 241.5583  33.8620    -39.00
 241.5750  33.8620    -27.00
 241.5917  33.8620      2.00
 241.6083  33.8620     39.00
 241.6250  33.8620     41.00
 241.6416  33.8620     35.00
 241.6583  33.8620     25.00
 241.6750  33.8620     23.00
 241.6917  33.8620     21.00
 241.7083  33.8620     15.00
 241.7250  33.8620     11.00
 241.7417  33.8620     27.00
 241.7583  33.8620     53.00
 241.7750  33.8620     43.00
 241.7917  33.8620     19.00
 241.8083  33.8620     19.00
 241.8250  33.8620     19.00
 241.8417  33.8620     19.00
 241.8583  33.8620     21.00
 241.8750  33.8620     21.00
 241.8916  33.8620     21.00
 241.9083  33.8620     21.00
 241.9250  33.8620     19.00
 241.9417  33.8620     19.00
 241.9583  33.8620     19.00
 241.9750  33.8620     21.00
 241.9917  33.8620     23.00
 242.0083  33.8620     27.00
 242.0250  33.8620     31.00
 242.0417  33.8620     37.00
 242.0583  33.8620     43.00
 242.0750  33.8620     49.00
 242.0917  33.8620     55.00
 242.1083  33.8620     61.00
 242.1250  33.8620     65.00
 242.1416  33.8620     69.00
 242.1583  33.8620     73.00
 242.1750  33.8620     79.00
 242.1917  33.8620     83.00
 242.2083  33.8620     93.00
 242.2250  33.8620     95.00
 242.2417  33.8620    143.00
 242.2583  33.8620    171.00
 242.2750  33.8620    191.00
 242.2917  33.8620    161.00
 242.3083  33.8620    255.00
 242.3250  33.8620    381.00
 242.3417  33.8620    523.00
 242.3583  33.8620    415.00
 242.3750  33.8620    331.00
 242.3916  33.8620    273.00
 242.4083  33.8620    259.00
 242.4250  33.8620    253.00
 242.4417  33.8620    247.00
 242.4583  33.8620    223.00
 242.4750  33.8620    217.00
 242.4917  33.8620    381.00
 241.3417  33.8482   -571.00
 241.3583  33.8482   -489.00
 241.3750  33.8482   -359.00
 241.3916  33.8482   -187.00
 241.4083  33.8482   -155.00
 241.4250  33.8482    -87.00
 241.4417  33.8482    -83.00
 241.4583  33.8482    -87.00
 241.4750  33.8482    -99.00
 241.4917  33.8482   -105.00
 241.5083  33.8482   -115.00
 241.5250  33.8482    -91.00
 241.5417  33.8482    -77.00
 241.5583  33.8482    -79.00
 241.5750  33.8482    -31.00
 241.5917  33.8482    -21.00
 241.6083  33.8482     23.00
 241.6250  33.8482     39.00
 241.6416  33.8482     33.00
 241.6583  33.8482     29.00
 241.6750  33.8482     25.00
 241.6917  33.8482     21.00
 241.7083  33.8482     15.00
 241.7250  33.8482     11.00
 241.7417  33.8482      9.00
 241.7583  33.8482     19.00
 241.7750  33.8482     25.00
 241.7917  33.8482     17.00
 241.8083  33.8482     17.00
 241.8250  33.8482     21.00
 241.8417  33.8482     19.00
 241.8583  33.8482     19.00
 241.8750  33.8482     19.00
 241.8916  33.8482     19.00
 241.9083  33.8482     19.00
 241.9250  33.8482     17.00
 241.9417  33.8482     17.00
 241.9583  33.8482     19.00
 241.9750  33.8482     21.00
 241.9917  33.8482     25.00
 242.0083  33.8482     29.00
 242.0250  33.8482     33.00
 242.0417  33.8482     37.00
 242.0583  33.8482     45.00
 242.0750  33.8482     49.00
 242.0917  33.8482     53.00
 242.1083  33.8482     59.00
 242.1250  33.8482     63.00
 242.1416  33.8482     67.00
 242.1583  33.8482     73.00
 242.1750  33.8482     87.00
 242.1917  33.8482    109.00
 242.2083  33.8482    115.00
 242.2250  33.8482    131.00
 242.2417  33.8482    193.00
 242.2583  33.8482    265.00
 242.2750  33.8482    283.00
 242.2917  33.8482    213.00
 242.3083  33.8482    349.00
 242.3250  33.8482    535.00
 242.3417  33.8482    781.00
 242.3583  33.8482    711.00
 242.3750  33.8482    469.00
 242.3916  33.8482    355.00
 242.4083  33.8482    301.00
 242.4250  33.8482    303.00
 242.4417  33.8482    295.00
 242.4583  33.8482    269.00
 242.4750  33.8482    269.00
 242.4917  33.8482    341.00
 241.3417  33.8344   -725.00
 241.3583  33.8344   -635.00
 241.3750  33.8344   -519.00
 241.3916  33.8344   -359.00
 241.4083  33.8344   -215.00
 241.4250  33.8344   -193.00
 241.4417  33.8344   -157.00
 241.4583  33.8344   -135.00
 241.4750  33.8344   -125.00
 241.4917  33.8344   -131.00
 241.5083  33.8344   -135.00
 241.5250  33.8344   -121.00
 241.5417  33.8344    -85.00
 241.5583  33.8344   -131.00
 241.5750  33.8344   -173.00
 241.5917  33.8344    -41.00
 241.6083  33.8344    -39.00
 241.6250  33.8344     43.00
 241.6416  33.8344     33.00
 241.6583  33.8344     33.00
 241.6750  33.8344     31.00
 241.6917  33.8344     21.00
 241.7083  33.8344     15.00
 241.7250  33.8344     13.00
 241.7417  33.8344      9.00
 241.7583  33.8344     11.00
 241.7750  33.8344     13.00
 241.7917  33.8344     15.00
 241.8083  33.8344     33.00
 241.8250  33.8344     29.00
 241.8417  33.8344     23.00
 241.8583  33.8344     19.00
 241.8750  33.8344     17.00
 241.8916  33.8344     17.00
 241.9083  33.8344     15.00
 241.9250  33.8344     13.00
 241.9417  33.8344     15.00
 241.9583  33.8344     17.00
 241.9750  33.8344     19.00
 241.9917  33.8344     25.00
 242.0083  33.8344     29.00
 242.0250  33.8344     33.00
 242.0417  33.8344     37.00
 242.0583  33.8344     41.00
 242.0750  33.8344     47.00
 242.0917  33.8344     51.00
 242.1083  33.8344     55.00
 242.1250  33.8344     61.00
 242.1416  33.8344     63.00
 242.1583  33.8344     79.00
 242.1750  33.8344    143.00
 242.1917  33.8344    199.00
 242.2083  33.8344    219.00
 242.2250  33.8344    233.00
 242.2417  33.8344    261.00
 242.2583  33.8344    293.00
 242.2750  33.8344    353.00
 242.2917  33.8344    323.00
 242.3083  33.8344    463.00
 242.3250  33.8344    527.00
 242.3417  33.8344    637.00
 242.3583  33.8344    789.00
 242.3750  33.8344    671.00
 242.3916  33.8344    495.00
 242.4083  33.8344    421.00
 242.4250  33.8344    385.00
 242.4417  33.8344    367.00
 242.4583  33.8344    329.00
 242.4750  33.8344    277.00
 242.4917  33.8344    283.00
 241.3417  33.8205   -805.00
 241.3583  33.8205   -755.00
 241.3750  33.8205   -665.00
 241.3916  33.8205   -571.00
 241.4083  33.8205   -509.00
 241.4250  33.8205   -377.00
 241.4417  33.8205   -261.00
 241.4583  33.8205   -205.00
 241.4750  33.8205   -173.00
 241.4917  33.8205   -159.00
 241.5083  33.8205   -173.00
 241.5250  33.8205   -203.00
 241.5417  33.8205   -257.00
 241.5583  33.8205   -177.00
 241.5750  33.8205    -71.00
 241.5917  33.8205    -25.00
 241.6083  33.8205    -10.00
 241.6250  33.8205     37.00
 241.6416  33.8205     29.00
 241.6583  33.8205     31.00
 241.6750  33.8205     29.00
 241.6917  33.8205     23.00
 241.7083  33.8205     17.00
 241.7250  33.8205     15.00
 241.7417  33.8205     13.00
 241.7583  33.8205     11.00
 241.7750  33.8205     11.00
 241.7917  33.8205     13.00
 241.8083  33.8205     27.00
 241.8250  33.8205     27.00
 241.8417  33.8205     19.00
 241.8583  33.8205     15.00
 241.8750  33.8205     13.00
 241.8916  33.8205     13.00
 241.9083  33.8205     13.00
 241.9250  33.8205     13.00
 241.9417  33.8205     13.00
 241.9583  33.8205     15.00
 241.9750  33.8205     19.00
 241.9917  33.8205     23.00
 242.0083  33.8205     27.00
 242.0250  33.8205     31.00
 242.0417  33.8205     35.00
 242.0583  33.8205     39.00
 242.0750  33.8205     43.00
 242.0917  33.8205     47.00
 242.1083  33.8205     53.00
 242.1250  33.8205     55.00
 242.1416  33.8205     59.00
 242.1583  33.8205     71.00
 242.1750  33.8205     93.00
 242.1917  33.8205    127.00
 242.2083  33.8205    155.00
 242.2250  33.8205    163.00
 242.2417  33.8205    241.00
 242.2583  33.8205    271.00
 242.2750  33.8205    367.00
 242.2917  33.8205    445.00
 242.3083  33.8205    441.00
 242.3250  33.8205    579.00
 242.3417  33.8205    669.00
 242.3583  33.8205    773.00
 242.3750  33.8205    825.00
 242.3916  33.8205    649.00
 242.4083  33.8205    663.00
 242.4250  33.8205    505.00
 242.4417  33.8205    435.00
 242.4583  33.8205    359.00
 242.4750  33.8205    291.00
 242.4917  33.8205    257.00
 241.3417  33.8067   -885.00
 241.3583  33.8067   -836.00
 241.3750  33.8067   -773.00
 241.3916  33.8067   -743.00
 241.4083  33.8067   -605.00
 241.4250  33.8067   -515.00
 241.4417  33.8067   -443.00
 241.4583  33.8067   -355.00
 241.4750  33.8067   -413.00
 241.4917  33.8067   -471.00
 241.5083  33.8067   -429.00
 241.5250  33.8067   -253.00
 241.5417  33.8067    -91.00
 241.5583  33.8067    -71.00
 241.5750  33.8067    -55.00
 241.5917  33.8067     20.00
 241.6083  33.8067     51.00
 241.6250  33.8067     87.00
 241.6416  33.8067     47.00
 241.6583  33.8067     31.00
 241.6750  33.8067     29.00
 241.6917  33.8067     25.00
 241.7083  33.8067     17.00
 241.7250  33.8067     15.00
 241.7417  33.8067     15.00
 241.7583  33.8067     13.00
 241.7750  33.8067      9.00
 241.7917  33.8067     11.00
 241.8083  33.8067     13.00
 241.8250  33.8067     33.00
 241.8417  33.8067     29.00
 241.8583  33.8067     13.00
 241.8750  33.8067     11.00
 241.8916  33.8067     11.00
 241.9083  33.8067     13.00
 241.9250  33.8067     11.00
 241.9417  33.8067     11.00
 241.9583  33.8067     13.00
 241.9750  33.8067     17.00
 241.9917  33.8067     21.00
 242.0083  33.8067     25.00
 242.0250  33.8067     29.00
 242.0417  33.8067     33.00
 242.0583  33.8067     37.00
 242.0750  33.8067     43.00
 242.0917  33.8067     45.00
 242.1083  33.8067     49.00
 242.1250  33.8067     53.00
 242.1416  33.8067     57.00
 242.1583  33.8067     73.00
 242.1750  33.8067     91.00
 242.1917  33.8067    101.00
 242.2083  33.8067    143.00
 242.2250  33.8067    163.00
 242.2417  33.8067    189.00
 242.2583  33.8067    277.00
 242.2750  33.8067    327.00
 242.2917  33.8067    413.00
 242.3083  33.8067    399.00
 242.3250  33.8067    599.00
 242.3417  33.8067    691.00
 242.3583  33.8067    727.00
 242.3750  33.8067    941.00
 242.3916  33.8067    833.00
 242.4083  33.8067    771.00
 242.4250  33.8067    701.00
 242.4417  33.8067    605.00
 242.4583  33.8067    413.00
 242.4750  33.8067    349.00
 242.4917  33.8067    289.00
 241.3417  33.7928   -889.00
 241.3583  33.7928   -873.00
 241.3750  33.7928   -824.00
 241.3916  33.7928   -765.00
 241.4083  33.7928   -737.00
 241.4250  33.7928   -663.00
 241.4417  33.7928   -603.00
 241.4583  33.7928   -557.00
 241.4750  33.7928   -491.00
 241.4917  33.7928   -249.00
 241.5083  33.7928    -87.00
 241.5250  33.7928    -79.00
 241.5417  33.7928    -73.00
 241.5583  33.7928    -69.00
 241.5750  33.7928    -19.00
 241.5917  33.7928    129.00
 241.6083  33.7928    227.00
 241.6250  33.7928    205.00
 241.6416  33.7928    143.00
 241.6583  33.7928     81.00
 241.6750  33.7928     45.00
 241.6917  33.7928     29.00
 241.7083  33.7928     15.00
 241.7250  33.7928     15.00
 241.7417  33.7928     15.00
 241.7583  33.7928     13.00
 241.7750  33.7928      7.00
 241.7917  33.7928      7.00
 241.8083  33.7928     11.00
 241.8250  33.7928     15.00
 241.8417  33.7928     35.00
 241.8583  33.7928     17.00
 241.8750  33.7928     11.00
 241.8916  33.7928      9.00
 241.9083  33.7928      9.00
 241.9250  33.7928      9.00
 241.9417  33.7928      9.00
 241.9583  33.7928     11.00
 241.9750  33.7928     15.00
 241.9917  33.7928     19.00
 242.0083  33.7928     23.00
 242.0250  33.7928     27.00
 242.0417  33.7928     31.00
 242.0583  33.7928     35.00
 242.0750  33.7928     39.00
 242.0917  33.7928     41.00
 242.1083  33.7928     45.00
 242.1250  33.7928     47.00
 242.1416  33.7928     57.00
 242.1583  33.7928     69.00
 242.1750  33.7928     83.00
 242.1917  33.7928     93.00
 242.2083  33.7928    157.00
 242.2250  33.7928    187.00
 242.2417  33.7928    189.00
 242.2583  33.7928    225.00
 242.2750  33.7928    257.00
 242.2917  33.7928    323.00
 242.3083  33.7928    449.00
 242.3250  33.7928    521.00
 242.3417  33.7928    509.00
 242.3583  33.7928    681.00
 242.3750  33.7928    971.00
 242.3916  33.7928   1009.00
 242.4083  33.7928    985.00
 242.4250  33.7928    901.00
 242.4417  33.7928    637.00
 242.4583  33.7928    621.00
 242.4750  33.7928    493.00
 242.4917  33.7928    337.00
 241.3417  33.7790   -909.00
 241.3583  33.7790   -889.00
 241.3750  33.7790   -873.00
 241.3916  33.7790   -849.00
 241.4083  33.7790   -827.00
 241.4250  33.7790   -715.00
 241.4417  33.7790   -681.00
 241.4583  33.7790   -617.00
 241.4750  33.7790   -617.00
 241.4917  33.7790   -421.00
 241.5083  33.7790   -267.00
 241.5250  33.7790    -87.00
 241.5417  33.7790    -85.00
 241.5583  33.7790    -31.00
 241.5750  33.7790     29.00
 241.5917  33.7790    159.00
 241.6083  33.7790    319.00
 241.6250  33.7790    303.00
 241.6416  33.7790    191.00
 241.6583  33.7790    129.00
 241.6750  33.7790    101.00
 241.6917  33.7790     71.00
 241.7083  33.7790     15.00
 241.7250  33.7790     13.00
 241.7417  33.7790      9.00
 241.7583  33.7790      7.00
 241.7750  33.7790      7.00
 241.7917  33.7790      7.00
 241.8083  33.7790     17.00
 241.8250  33.7790     15.00
 241.8417  33.7790     17.00
 241.8583  33.7790     15.00
 241.8750  33.7790     21.00
 241.8916  33.7790     15.00
 241.9083  33.7790      7.00
 241.9250  33.7790      9.00
 241.9417  33.7790      9.00
 241.9583  33.7790     11.00
 241.9750  33.7790     13.00
 241.9917  33.7790     17.00
 242.0083  33.7790     21.00
 242.0250  33.7790     25.00
 242.0417  33.7790     27.00
 242.0583  33.7790     31.00
 242.0750  33.7790     33.00
 242.0917  33.7790     37.00
 242.1083  33.7790     41.00
 242.1250  33.7790     47.00
 242.1416  33.7790     57.00
 242.1583  33.7790     67.00
 242.1750  33.7790     73.00
 242.1917  33.7790     93.00
 242.2083  33.7790    143.00
 242.2250  33.7790    203.00
 242.2417  33.7790    191.00
 242.2583  33.7790    297.00
 242.2750  33.7790    265.00
 242.2917  33.7790    265.00
 242.3083  33.7790    313.00
 242.3250  33.7790    353.00
 242.3417  33.7790    487.00
 242.3583  33.7790    641.00
 242.3750  33.7790    843.00
 242.3916  33.7790    841.00
 242.4083  33.7790    895.00
 242.4250  33.7790    911.00
 242.4417  33.7790    719.00
 242.4583  33.7790    803.00
 242.4750  33.7790    617.00
 242.4917  33.7790    397.00
 241.3417  33.7651   -911.00
 241.3583  33.7651   -907.00
 241.3750  33.7651   -867.00
 241.3916  33.7651   -833.00
 241.4083  33.7651   -827.00
 241.4250  33.7651   -736.00
 241.4417  33.7651   -627.00
 241.4583  33.7651   -629.00
 241.4750  33.7651   -655.00
 241.4917  33.7651   -667.00
 241.5083  33.7651   -525.00
 241.5250  33.7651   -321.00
 241.5417  33.7651    -83.00
 241.5583  33.7651    -61.00
 241.5750  33.7651    -23.00
 241.5917  33.7651    145.00
 241.6083  33.7651    307.00
 241.6250  33.7651    351.00
 241.6416  33.7651    295.00
 241.6583  33.7651    241.00
 241.6750  33.7651    153.00
 241.6917  33.7651     61.00
 241.7083  33.7651     29.00
 241.7250  33.7651      7.00
 241.7417  33.7651      5.00
 241.7583  33.7651      5.00
 241.7750  33.7651      5.00
 241.7917  33.7651      9.00
 241.8083  33.7651     13.00
 241.8250  33.7651     13.00
 241.8417  33.7651     17.00
 241.8583  33.7651     17.00
 241.8750  33.7651      9.00
 241.8916  33.7651      7.00
 241.9083  33.7651      7.00
 241.9250  33.7651      7.00
 241.9417  33.7651      7.00
 241.9583  33.7651      9.00
 241.9750  33.7651     13.00
 241.9917  33.7651     15.00
 242.0083  33.7651     19.00
 242.0250  33.7651     21.00
 242.0417  33.7651     25.00
 242.0583  33.7651     27.00
 242.0750  33.7651     31.00
 242.0917  33.7651     33.00
 242.1083  33.7651     37.00
 242.1250  33.7651     45.00
 242.1416  33.7651     53.00
 242.1583  33.7651     61.00
 242.1750  33.7651     61.00
 242.1917  33.7651     69.00
 242.2083  33.7651    103.00
 242.2250  33.7651    155.00
 242.2417  33.7651    185.00
 242.2583  33.7651    317.00
 242.2750  33.7651    297.00
 242.2917  33.7651    271.00
 242.3083  33.7651    301.00
 242.3250  33.7651    315.00
 242.3417  33.7651    423.00
 242.3583  33.7651    593.00
 242.3750  33.7651    689.00
 242.3916  33.7651    695.00
 242.4083  33.7651    885.00
 242.4250  33.7651    985.00
 242.4417  33.7651    989.00
 242.4583  33.7651    909.00
 242.4750  33.7651    713.00
 242.4917  33.7651    461.00
 241.3417  33.7512   -911.00
 241.3583  33.7512   -891.00
 241.3750  33.7512   -847.00
 241.3916  33.7512   -837.00
 241.4083  33.7512   -809.00
 241.4250  33.7512   -803.00
 241.4417  33.7512   -767.00
 241.4583  33.7512   -706.00
 241.4750  33.7512   -679.00
 241.4917  33.7512   -689.00
 241.5083  33.7512   -697.00
 241.5250  33.7512   -553.00
 241.5417  33.7512   -337.00
 241.5583  33.7512    -79.00
 241.5750  33.7512    -51.00
 241.5917  33.7512     87.00
 241.6083  33.7512    185.00
 241.6250  33.7512    179.00
 241.6416  33.7512    247.00
 241.6583  33.7512    373.00
 241.6750  33.7512    241.00
 241.6917  33.7512     99.00
 241.7083  33.7512     31.00
 241.7250  33.7512      7.00
 241.7417  33.7512      7.00
 241.7583  33.7512      5.00
 241.7750  33.7512      3.00
 241.7917  33.7512      7.00
 241.8083  33.7512      5.00
 241.8250  33.7512    -11.00
 241.8417  33.7512     -7.00
 241.8583  33.7512      3.00
 241.8750  33.7512      5.00
 241.8916  33.7512      5.00
 241.9083  33.7512      9.00
 241.9250  33.7512      5.00
 241.9417  33.7512      5.00
 241.9583  33.7512      9.00
 241.9750  33.7512     11.00
 241.9917  33.7512     13.00
 242.0083  33.7512     15.00
 242.0250  33.7512     17.00
 242.0417  33.7512     19.00
 242.0583  33.7512     23.00
 242.0750  33.7512     25.00
 242.0917  33.7512     29.00
 242.1083  33.7512     31.00
 242.1250  33.7512     39.00
 242.1416  33.7512     45.00
 242.1583  33.7512     49.00
 242.1750  33.7512     49.00
 242.1917  33.7512     47.00
 242.2083  33.7512     63.00
 242.2250  33.7512     89.00
 242.2417  33.7512    121.00
 242.2583  33.7512    235.00
 242.2750  33.7512    285.00
 242.2917  33.7512    351.00
 242.3083  33.7512    331.00
 242.3250  33.7512    311.00
 242.3417  33.7512    371.00
 242.3583  33.7512    429.00
 242.3750  33.7512    531.00
 242.3916  33.7512    685.00
 242.4083  33.7512    751.00
 242.4250  33.7512    777.00
 242.4417  33.7512    907.00
 242.4583  33.7512   1051.00
 242.4750  33.7512    927.00
 242.4917  33.7512    629.00
 241.3417  33.7374   -865.00
 241.3583  33.7374   -829.00
 241.3750  33.7374   -783.00
 241.3916  33.7374   -737.00
 241.4083  33.7374   -803.00
 241.4250  33.7374   -801.00
 241.4417  33.7374   -765.00
 241.4583  33.7374   -739.00
 241.4750  33.7374   -723.00
 241.4917  33.7374   -703.00
 241.5083  33.7374   -723.00
 241.5250  33.7374   -739.00
 241.5417  33.7374   -581.00
 241.5583  33.7374   -287.00
 241.5750  33.7374    -73.00
 241.5917  33.7374    -53.00
 241.6083  33.7374     13.00
 241.6250  33.7374     13.00
 241.6416  33.7374     59.00
 241.6583  33.7374    225.00
 241.6750  33.7374    235.00
 241.6917  33.7374     97.00
 241.7083  33.7374     39.00
 241.7250  33.7374      9.00
 241.7417  33.7374      7.00
 241.7583  33.7374     -9.00
 241.7750  33.7374    -13.00
 241.7917  33.7374    -21.00
 241.8083  33.7374      5.00
 241.8250  33.7374    -15.00
 241.8417  33.7374    -13.00
 241.8583  33.7374    -13.00
 241.8750  33.7374     -7.00
 241.8916  33.7374     -2.00
 241.9083  33.7374      5.00
 241.9250  33.7374      3.00
 241.9417  33.7374      3.00
 241.9583  33.7374      7.00
 241.9750  33.7374      9.00
 241.9917  33.7374     11.00
 242.0083  33.7374     13.00
 242.0250  33.7374     15.00
 242.0417  33.7374     15.00
 242.0583  33.7374     19.00
 242.0750  33.7374     21.00
 242.0917  33.7374     25.00
 242.1083  33.7374     27.00
 242.1250  33.7374     31.00
 242.1416  33.7374     35.00
 242.1583  33.7374     39.00
 242.1750  33.7374     39.00
 242.1917  33.7374     35.00
 242.2083  33.7374     43.00
 242.2250  33.7374     57.00
 242.2417  33.7374     91.00
 242.2583  33.7374    141.00
 242.2750  33.7374    197.00
 242.2917  33.7374    303.00
 242.3083  33.7374    421.00
 242.3250  33.7374    369.00
 242.3417  33.7374    355.00
 242.3583  33.7374    469.00
 242.3750  33.7374    551.00
 242.3916  33.7374    763.00
 242.4083  33.7374    859.00
 242.4250  33.7374    951.00
 242.4417  33.7374   1187.00
 242.4583  33.7374   1183.00
 242.4750  33.7374    945.00
 242.4917  33.7374    817.00
 241.3417  33.7235   -811.00
 241.3583  33.7235   -777.00
 241.3750  33.7235   -727.00
 241.3916  33.7235   -709.00
 241.4083  33.7235   -739.00
 241.4250  33.7235   -797.00
 241.4417  33.7235   -789.00
 241.4583  33.7235   -755.00
 241.4750  33.7235   -731.00
 241.4917  33.7235   -741.00
 241.5083  33.7235   -743.00
 241.5250  33.7235   -763.00
 241.5417  33.7235   -771.00
 241.5583  33.7235   -609.00
 241.5750  33.7235   -315.00
 241.5917  33.7235   -171.00
 241.6083  33.7235    -77.00
 241.6250  33.7235    -41.00
 241.6416  33.7235    -31.00
 241.6583  33.7235    101.00
 241.6750  33.7235    111.00
 241.6917  33.7235    105.00
 241.7083  33.7235     43.00
 241.7250  33.7235      7.00
 241.7417  33.7235      7.00
 241.7583  33.7235      3.00
 241.7750  33.7235    -13.00
 241.7917  33.7235    -19.00
 241.8083  33.7235    -19.00
 241.8250  33.7235    -19.00
 241.8417  33.7235    -17.00
 241.8583  33.7235    -17.00
 241.8750  33.7235    -13.00
 241.8916  33.7235     -8.00
 241.9083  33.7235     -7.00
 241.9250  33.7235      3.00
 241.9417  33.7235      5.00
 241.9583  33.7235      7.00
 241.9750  33.7235      7.00
 241.9917  33.7235      9.00
 242.0083  33.7235     11.00
 242.0250  33.7235     13.00
 242.0417  33.7235     15.00
 242.0583  33.7235     17.00
 242.0750  33.7235     19.00
 242.0917  33.7235     21.00
 242.1083  33.7235     21.00
 242.1250  33.7235     23.00
 242.1416  33.7235     27.00
 242.1583  33.7235     31.00
 242.1750  33.7235     31.00
 242.1917  33.7235     29.00
 242.2083  33.7235     33.00
 242.2250  33.7235     47.00
 242.2417  33.7235     75.00
 242.2583  33.7235    121.00
 242.2750  33.7235    177.00
 242.2917  33.7235    307.00
 242.3083  33.7235    413.00
 242.3250  33.7235    431.00
 242.3417  33.7235    393.00
 242.3583  33.7235    433.00
 242.3750  33.7235    537.00
 242.3916  33.7235    689.00
 242.4083  33.7235    853.00
 242.4250  33.7235   1031.00
 242.4417  33.7235   1201.00
 242.4583  33.7235   1351.00
 242.4750  33.7235   1113.00
 242.4917  33.7235   1049.00
 241.3417  33.7097   -797.00
 241.3583  33.7097   -767.00
 241.3750  33.7097   -709.00
 241.3916  33.7097   -647.00
 241.4083  33.7097   -615.00
 241.4250  33.7097   -673.00
 241.4417  33.7097   -789.00
 241.4583  33.7097   -793.00
 241.4750  33.7097   -793.00
 241.4917  33.7097   -773.00
 241.5083  33.7097   -770.00
 241.5250  33.7097   -783.00
 241.5417  33.7097   -793.00
 241.5583  33.7097   -787.00
 241.5750  33.7097   -683.00
 241.5917  33.7097   -459.00
 241.6083  33.7097   -365.00
 241.6250  33.7097   -167.00
 241.6416  33.7097    -81.00
 241.6583  33.7097    -39.00
 241.6750  33.7097    -43.00
 241.6917  33.7097     25.00
 241.7083  33.7097     27.00
 241.7250  33.7097     -7.00
 241.7417  33.7097    -13.00
 241.7583  33.7097    -17.00
 241.7750  33.7097    -19.00
 241.7917  33.7097    -19.00
 241.8083  33.7097    -21.00
 241.8250  33.7097    -21.00
 241.8417  33.7097    -21.00
 241.8583  33.7097    -21.00
 241.8750  33.7097    -19.00
 241.8916  33.7097    -16.00
 241.9083  33.7097    -11.00
 241.9250  33.7097     -9.00
 241.9417  33.7097      7.00
 241.9583  33.7097      9.00
 241.9750  33.7097      5.00
 241.9917  33.7097      7.00
 242.0083  33.7097     15.00
 242.0250  33.7097     13.00
 242.0417  33.7097     13.00
 242.0583  33.7097     15.00
 242.0750  33.7097     17.00
 242.0917  33.7097     17.00
 242.1083  33.7097     15.00
 242.1250  33.7097     15.00
 242.1416  33.7097     19.00
 242.1583  33.7097     21.00
 242.1750  33.7097     19.00
 242.1917  33.7097     21.00
 242.2083  33.7097     27.00
 242.2250  33.7097     45.00
 242.2417  33.7097     69.00
 242.2583  33.7097     93.00
 242.2750  33.7097    141.00
 242.2917  33.7097    221.00
 242.3083  33.7097    273.00
 242.3250  33.7097    343.00
 242.3417  33.7097    423.00
 242.3583  33.7097    427.00
 242.3750  33.7097    489.00
 242.3916  33.7097    605.00
 242.4083  33.7097    799.00
 242.4250  33.7097   1091.00
 242.4417  33.7097   1235.00
 242.4583  33.7097   1381.00
 242.4750  33.7097   1355.00
 242.4917  33.7097   1097.00
 241.3417  33.6958   -767.00
 241.3583  33.6958   -729.00
 241.3750  33.6958   -685.00
 241.3916  33.6958   -635.00
 241.4083  33.6958   -591.00
 241.4250  33.6958   -547.00
 241.4417  33.6958   -723.00
 241.4583  33.6958   -813.00
 241.4750  33.6958   -809.00
 241.4917  33.6958   -801.00
 241.5083  33.6958   -797.00
 241.5250  33.6958   -810.00
 241.5417  33.6958   -814.00
 241.5583  33.6958   -803.00
 241.5750  33.6958   -805.00
 241.5917  33.6958   -679.00
 241.6083  33.6958   -507.00
 241.6250  33.6958   -423.00
 241.6416  33.6958   -391.00
 241.6583  33.6958   -135.00
 241.6750  33.6958    -45.00
 241.6917  33.6958    -49.00
 241.7083  33.6958    -22.00
 241.7250  33.6958    -17.00
 241.7417  33.6958    -23.00
 241.7583  33.6958    -21.00
 241.7750  33.6958    -21.00
 241.7917  33.6958    -25.00
 241.8083  33.6958    -23.00
 241.8250  33.6958    -23.00
 241.8417  33.6958    -23.00
 241.8583  33.6958    -23.00
 241.8750  33.6958    -23.00
 241.8916  33.6958    -19.00
 241.9083  33.6958    -17.00
 241.9250  33.6958    -15.00
 241.9417  33.6958     -9.00
 241.9583  33.6958      1.00
 241.9750  33.6958      3.00
 241.9917  33.6958     15.00
 242.0083  33.6958     21.00
 242.0250  33.6958     11.00
 242.0417  33.6958     11.00
 242.0583  33.6958     13.00
 242.0750  33.6958     15.00
 242.0917  33.6958     15.00
 242.1083  33.6958     15.00
 242.1250  33.6958     13.00
 242.1416  33.6958     17.00
 242.1583  33.6958     17.00
 242.1750  33.6958     17.00
 242.1917  33.6958     21.00
 242.2083  33.6958     29.00
 242.2250  33.6958     45.00
 242.2417  33.6958     63.00
 242.2583  33.6958     87.00
 242.2750  33.6958    119.00
 242.2917  33.6958    161.00
 242.3083  33.6958    227.00
 242.3250  33.6958    323.00
 242.3417  33.6958    379.00
 242.3583  33.6958    413.00
 242.3750  33.6958    439.00
 242.3916  33.6958    581.00
 242.4083  33.6958    667.00
 242.4250  33.6958    793.00
 242.4417  33.6958   1013.00
 242.4583  33.6958   1023.00
 242.4750  33.6958   1027.00
 242.4917  33.6958    887.00
 241.3417  33.6819   -731.00
 241.3583  33.6819   -693.00
 241.3750  33.6819   -637.00
 241.3916  33.6819   -587.00
 241.4083  33.6819   -545.00
 241.4250  33.6819   -511.00
 241.4417  33.6819   -647.00
 241.4583  33.6819   -825.00
 241.4750  33.6819   -821.00
 241.4917  33.6819   -821.00
 241.5083  33.6819   -823.00
 241.5250  33.6819   -839.00
 241.5417  33.6819   -843.00
 241.5583  33.6819   -843.00
 241.5750  33.6819   -813.00
 241.5917  33.6819   -809.00
 241.6083  33.6819   -803.00
 241.6250  33.6819   -531.00
 241.6416  33.6819   -571.00
 241.6583  33.6819   -447.00
 241.6750  33.6819   -145.00
 241.6917  33.6819    -55.00
 241.7083  33.6819    -51.00
 241.7250  33.6819    -35.00
 241.7417  33.6819    -29.00
 241.7583  33.6819    -25.00
 241.7750  33.6819    -25.00
 241.7917  33.6819    -23.00
 241.8083  33.6819    -25.00
 241.8250  33.6819    -25.00
 241.8417  33.6819    -27.00
 241.8583  33.6819    -27.00
 241.8750  33.6819    -25.00
 241.8916  33.6819    -21.00
 241.9083  33.6819    -21.00
 241.9250  33.6819    -19.00
 241.9417  33.6819    -15.00
 241.9583  33.6819    -11.00
 241.9750  33.6819     11.00
 241.9917  33.6819     25.00
 242.0083  33.6819     21.00
 242.0250  33.6819      9.00
 242.0417  33.6819      9.00
 242.0583  33.6819     11.00
 242.0750  33.6819     17.00
 242.0917  33.6819     15.00
 242.1083  33.6819     15.00
 242.1250  33.6819     17.00
 242.1416  33.6819     15.00
 242.1583  33.6819     17.00
 242.1750  33.6819     19.00
 242.1917  33.6819     27.00
 242.2083  33.6819     33.00
 242.2250  33.6819     45.00
 242.2417  33.6819     65.00
 242.2583  33.6819     91.00
 242.2750  33.6819    117.00
 242.2917  33.6819    157.00
 242.3083  33.6819    197.00
 242.3250  33.6819    239.00
 242.3417  33.6819    283.00
 242.3583  33.6819    339.00
 242.3750  33.6819    377.00
 242.3916  33.6819    431.00
 242.4083  33.6819    493.00
 242.4250  33.6819    629.00
 242.4417  33.6819    733.00
 242.4583  33.6819    753.00
 242.4750  33.6819    755.00
 242.4917  33.6819    741.00
 241.3417  33.6681   -753.00
 241.3583  33.6681   -689.00
 241.3750  33.6681   -641.00
 241.3916  33.6681   -591.00
 241.4083  33.6681   -545.00
 241.4250  33.6681   -517.00
 241.4417  33.6681   -573.00
 241.4583  33.6681   -811.00
 241.4750  33.6681   -839.00
 241.4917  33.6681   -837.00
 241.5083  33.6681   -843.00
 241.5250  33.6681   -847.00
 241.5417  33.6681   -855.00
 241.5583  33.6681   -851.00
 241.5750  33.6681   -841.00
 241.5917  33.6681   -839.00
 241.6083  33.6681   -799.00
 241.6250  33.6681   -664.00
 241.6416  33.6681   -597.00
 241.6583  33.6681   -573.00
 241.6750  33.6681   -537.00
 241.6917  33.6681   -289.00
 241.7083  33.6681    -91.00
 241.7250  33.6681    -82.00
 241.7417  33.6681    -33.00
 241.7583  33.6681    -29.00
 241.7750  33.6681    -25.00
 241.7917  33.6681    -23.00
 241.8083  33.6681    -25.00
 241.8250  33.6681    -27.00
 241.8417  33.6681    -29.00
 241.8583  33.6681    -29.00
 241.8750  33.6681    -27.00
 241.8916  33.6681    -25.00
 241.9083  33.6681    -23.00
 241.9250  33.6681    -21.00
 241.9417  33.6681    -17.00
 241.9583  33.6681    -13.00
 241.9750  33.6681     -9.00
 241.9917  33.6681     13.00
 242.0083  33.6681     13.00
 242.0250  33.6681      5.00
 242.0417  33.6681      7.00
 242.0583  33.6681     13.00
 242.0750  33.6681     25.00
 242.0917  33.6681     23.00
 242.1083  33.6681     21.00
 242.1250  33.6681     19.00
 242.1416  33.6681     19.00
 242.1583  33.6681     11.00
 242.1750  33.6681     25.00
 242.1917  33.6681     35.00
 242.2083  33.6681     39.00
 242.2250  33.6681     45.00
 242.2417  33.6681     61.00
 242.2583  33.6681     85.00
 242.2750  33.6681    107.00
 242.2917  33.6681    135.00
 242.3083  33.6681    175.00
 242.3250  33.6681    217.00
 242.3417  33.6681    239.00
 242.3583  33.6681    275.00
 242.3750  33.6681    315.00
 242.3916  33.6681    369.00
 242.4083  33.6681    359.00
 242.4250  33.6681    387.00
 242.4417  33.6681    469.00
 242.4583  33.6681    641.00
 242.4750  33.6681    713.00
 242.4917  33.6681    857.00
 241.3417  33.6542   -789.00
 241.3583  33.6542   -719.00
 241.3750  33.6542   -671.00
 241.3916  33.6542   -659.00
 241.4083  33.6542   -659.00
 241.4250  33.6542   -649.00
 241.4417  33.6542   -717.00
 241.4583  33.6542   -851.00
 241.4750  33.6542   -855.00
 241.4917  33.6542   -857.00
 241.5083  33.6542   -875.00
 241.5250  33.6542   -869.00
 241.5417  33.6542   -869.00
 241.5583  33.6542   -869.00
 241.5750  33.6542   -849.00
 241.5917  33.6542   -851.00
 241.6083  33.6542   -825.00
 241.6250  33.6542   -811.00
 241.6416  33.6542   -787.00
 241.6583  33.6542   -621.00
 241.6750  33.6542   -597.00
 241.6917  33.6542   -521.00
 241.7083  33.6542   -321.00
 241.7250  33.6542   -251.00
 241.7417  33.6542   -114.00
 241.7583  33.6542    -41.00
 241.7750  33.6542    -31.00
 241.7917  33.6542    -27.00
 241.8083  33.6542    -27.00
 241.8250  33.6542    -29.00
 241.8417  33.6542    -31.00
 241.8583  33.6542    -31.00
 241.8750  33.6542    -31.00
 241.8916  33.6542    -29.00
 241.9083  33.6542    -27.00
 241.9250  33.6542    -25.00
 241.9417  33.6542    -21.00
 241.9583  33.6542    -17.00
 241.9750  33.6542    -13.00
 241.9917  33.6542     -9.00
 242.0083  33.6542      5.00
 242.0250  33.6542      5.00
 242.0417  33.6542      7.00
 242.0583  33.6542     23.00
 242.0750  33.6542     27.00
 242.0917  33.6542     27.00
 242.1083  33.6542     21.00
 242.1250  33.6542     17.00
 242.1416  33.6542     13.00
 242.1583  33.6542     17.00
 242.1750  33.6542     27.00
 242.1917  33.6542     55.00
 242.2083  33.6542     73.00
 242.2250  33.6542     57.00
 242.2417  33.6542     59.00
 242.2583  33.6542     75.00
 242.2750  33.6542     97.00
 242.2917  33.6542    121.00
 242.3083  33.6542    149.00
 242.3250  33.6542    205.00
 242.3417  33.6542    233.00
 242.3583  33.6542    259.00
 242.3750  33.6542    315.00
 242.3916  33.6542    329.00
 242.4083  33.6542    323.00
 242.4250  33.6542    373.00
 242.4417  33.6542    469.00
 242.4583  33.6542    539.00
 242.4750  33.6542    597.00
 242.4917  33.6542    743.00
 241.3417  33.6403   -865.00
 241.3583  33.6403   -841.00
 241.3750  33.6403   -797.00
 241.3916  33.6403   -733.00
 241.4083  33.6403   -717.00
 241.4250  33.6403   -723.00
 241.4417  33.6403   -859.00
 241.4583  33.6403   -873.00
 241.4750  33.6403   -863.00
 241.4917  33.6403   -867.00
 241.5083  33.6403   -883.00
 241.5250  33.6403   -883.00
 241.5417  33.6403   -871.00
 241.5583  33.6403   -875.00
 241.5750  33.6403   -875.00
 241.5917  33.6403   -855.00
 241.6083  33.6403   -837.00
 241.6250  33.6403   -833.00
 241.6416  33.6403   -785.00
 241.6583  33.6403   -757.00
 241.6750  33.6403   -593.00
 241.6917  33.6403   -607.00
 241.7083  33.6403   -527.00
 241.7250  33.6403   -289.00
 241.7417  33.6403   -135.00
 241.7583  33.6403    -60.00
 241.7750  33.6403    -39.00
 241.7917  33.6403    -33.00
 241.8083  33.6403    -31.00
 241.8250  33.6403    -31.00
 241.8417  33.6403    -31.00
 241.8583  33.6403    -33.00
 241.8750  33.6403    -33.00
 241.8916  33.6403    -33.00
 241.9083  33.6403    -31.00
 241.9250  33.6403    -29.00
 241.9417  33.6403    -25.00
 241.9583  33.6403    -21.00
 241.9750  33.6403    -17.00
 241.9917  33.6403    -13.00
 242.0083  33.6403    -11.00
 242.0250  33.6403      5.00
 242.0417  33.6403      5.00
 242.0583  33.6403     23.00
 242.0750  33.6403     31.00
 242.0917  33.6403     31.00
 242.1083  33.6403     17.00
 242.1250  33.6403     33.00
 242.1416  33.6403     33.00
 242.1583  33.6403     51.00
 242.1750  33.6403     59.00
 242.1917  33.6403    105.00
 242.2083  33.6403     99.00
 242.2250  33.6403    127.00
 242.2417  33.6403     91.00
 242.2583  33.6403     75.00
 242.2750  33.6403     91.00
 242.2917  33.6403    115.00
 242.3083  33.6403    145.00
 242.3250  33.6403    185.00
 242.3417  33.6403    233.00
 242.3583  33.6403    249.00
 242.3750  33.6403    297.00
 242.3916  33.6403    281.00
 242.4083  33.6403    315.00
 242.4250  33.6403    349.00
 242.4417  33.6403    385.00
 242.4583  33.6403    545.00
 242.4750  33.6403    791.00
 242.4917  33.6403    743.00
 241.3417  33.6265   -843.00
 241.3583  33.6265   -851.00
 241.3750  33.6265   -861.00
 241.3916  33.6265   -839.00
 241.4083  33.6265   -857.00
 241.4250  33.6265   -841.00
 241.4417  33.6265   -875.00
 241.4583  33.6265   -899.00
 241.4750  33.6265   -895.00
 241.4917  33.6265   -885.00
 241.5083  33.6265   -885.00
 241.5250  33.6265   -885.00
 241.5417  33.6265   -883.00
 241.5583  33.6265   -881.00
 241.5750  33.6265   -879.00
 241.5917  33.6265   -873.00
 241.6083  33.6265   -849.00
 241.6250  33.6265   -839.00
 241.6416  33.6265   -723.00
 241.6583  33.6265   -667.00
 241.6750  33.6265   -583.00
 241.6917  33.6265   -525.00
 241.7083  33.6265   -273.00
 241.7250  33.6265   -207.00
 241.7417  33.6265    -79.00
 241.7583  33.6265    -49.00
 241.7750  33.6265    -45.00
 241.7917  33.6265    -43.00
 241.8083  33.6265    -39.00
 241.8250  33.6265    -37.00
 241.8417  33.6265    -39.00
 241.8583  33.6265    -39.00
 241.8750  33.6265    -37.00
 241.8916  33.6265    -37.00
 241.9083  33.6265    -35.00
 241.9250  33.6265    -33.00
 241.9417  33.6265    -31.00
 241.9583  33.6265    -29.00
 241.9750  33.6265    -25.00
 241.9917  33.6265    -21.00
 242.0083  33.6265    -15.00
 242.0250  33.6265    -13.00
 242.0417  33.6265    -11.00
 242.0583  33.6265     13.00
 242.0750  33.6265     23.00
 242.0917  33.6265     27.00
 242.1083  33.6265     15.00
 242.1250  33.6265     51.00
 242.1416  33.6265     67.00
 242.1583  33.6265    101.00
 242.1750  33.6265    139.00
 242.1917  33.6265    147.00
 242.2083  33.6265    127.00
 242.2250  33.6265    181.00
 242.2417  33.6265    137.00
 242.2583  33.6265     99.00
 242.2750  33.6265     95.00
 242.2917  33.6265    113.00
 242.3083  33.6265    133.00
 242.3250  33.6265    167.00
 242.3417  33.6265    213.00
 242.3583  33.6265    225.00
 242.3750  33.6265    261.00
 242.3916  33.6265    273.00
 242.4083  33.6265    297.00
 242.4250  33.6265    295.00
 242.4417  33.6265    331.00
 242.4583  33.6265    467.00
 242.4750  33.6265    609.00
 242.4917  33.6265    495.00
 241.3417  33.6126   -715.00
 241.3583  33.6126   -709.00
 241.3750  33.6126   -731.00
 241.3916  33.6126   -797.00
 241.4083  33.6126   -857.00
 241.4250  33.6126   -887.00
 241.4417  33.6126   -889.00
 241.4583  33.6126   -889.00
 241.4750  33.6126   -887.00
 241.4917  33.6126   -885.00
 241.5083  33.6126   -887.00
 241.5250  33.6126   -887.00
 241.5417  33.6126   -885.00
 241.5583  33.6126   -889.00
 241.5750  33.6126   -885.00
 241.5917  33.6126   -881.00
 241.6083  33.6126   -875.00
 241.6250  33.6126   -855.00
 241.6416  33.6126   -809.00
 241.6583  33.6126   -661.00
 241.6750  33.6126   -609.00
 241.6917  33.6126   -495.00
 241.7083  33.6126   -183.00
 241.7250  33.6126   -101.00
 241.7417  33.6126    -71.00
 241.7583  33.6126    -55.00
 241.7750  33.6126    -51.00
 241.7917  33.6126    -49.00
 241.8083  33.6126    -45.00
 241.8250  33.6126    -43.00
 241.8417  33.6126    -43.00
 241.8583  33.6126    -43.00
 241.8750  33.6126    -43.00
 241.8916  33.6126    -43.00
 241.9083  33.6126    -41.00
 241.9250  33.6126    -39.00
 241.9417  33.6126    -33.00
 241.9583  33.6126    -31.00
 241.9750  33.6126    -29.00
 241.9917  33.6126    -27.00
 242.0083  33.6126    -23.00
 242.0250  33.6126    -19.00
 242.0417  33.6126    -15.00
 242.0583  33.6126    -11.00
 242.0750  33.6126      5.00
 242.0917  33.6126      3.00
 242.1083  33.6126     15.00
 242.1250  33.6126     55.00
 242.1416  33.6126     97.00
 242.1583  33.6126    177.00
 242.1750  33.6126    197.00
 242.1917  33.6126    247.00
 242.2083  33.6126    221.00
 242.2250  33.6126    187.00
 242.2417  33.6126    135.00
 242.2583  33.6126    133.00
 242.2750  33.6126    123.00
 242.2917  33.6126    115.00
 242.3083  33.6126    127.00
 242.3250  33.6126    155.00
 242.3417  33.6126    179.00
 242.3583  33.6126    203.00
 242.3750  33.6126    233.00
 242.3916  33.6126    273.00
 242.4083  33.6126    279.00
 242.4250  33.6126    271.00
 242.4417  33.6126    355.00
 242.4583  33.6126    445.00
 242.4750  33.6126    481.00
 242.4917  33.6126    415.00
 241.3417  33.5987   -645.00
 241.3583  33.5987   -625.00
 241.3750  33.5987   -615.00
 241.3916  33.5987   -671.00
 241.4083  33.5987   -711.00
 241.4250  33.5987   -821.00
 241.4417  33.5987   -891.00
 241.4583  33.5987   -891.00
 241.4750  33.5987   -891.00
 241.4917  33.5987   -887.00
 241.5083  33.5987   -887.00
 241.5250  33.5987   -889.00
 241.5417  33.5987   -889.00
 241.5583  33.5987   -889.00
 241.5750  33.5987   -889.00
 241.5917  33.5987   -887.00
 241.6083  33.5987   -883.00
 241.6250  33.5987   -873.00
 241.6416  33.5987   -793.00
 241.6583  33.5987   -735.00
 241.6750  33.5987   -627.00
 241.6917  33.5987   -541.00
 241.7083  33.5987   -361.00
 241.7250  33.5987   -195.00
 241.7417  33.5987    -83.00
 241.7583  33.5987    -73.00
 241.7750  33.5987    -59.00
 241.7917  33.5987    -55.00
 241.8083  33.5987    -51.00
 241.8250  33.5987    -47.00
 241.8417  33.5987    -47.00
 241.8583  33.5987    -47.00
 241.8750  33.5987    -53.00
 241.8916  33.5987    -65.00
 241.9083  33.5987    -63.00
 241.9250  33.5987    -95.00
 241.9417  33.5987    -45.00
 241.9583  33.5987    -37.00
 241.9750  33.5987    -35.00
 241.9917  33.5987    -33.00
 242.0083  33.5987    -33.00
 242.0250  33.5987    -33.00
 242.0417  33.5987    -31.00
 242.0583  33.5987    -23.00
 242.0750  33.5987    -15.00
 242.0917  33.5987     -7.00
 242.1083  33.5987     -9.00
 242.1250  33.5987     29.00
 242.1416  33.5987     79.00
 242.1583  33.5987    163.00
 242.1750  33.5987    221.00
 242.1917  33.5987    279.00
 242.2083  33.5987    259.00
 242.2250  33.5987    201.00
 242.2417  33.5987    131.00
 242.2583  33.5987    159.00
 242.2750  33.5987    143.00
 242.2917  33.5987    105.00
 242.3083  33.5987    121.00
 242.3250  33.5987    137.00
 242.3417  33.5987    163.00
 242.3583  33.5987    203.00
 242.3750  33.5987    213.00
 242.3916  33.5987    261.00
 242.4083  33.5987    253.00
 242.4250  33.5987    241.00
 242.4417  33.5987    303.00
 242.4583  33.5987    379.00
 242.4750  33.5987    389.00
 242.4917  33.5987    377.00
 241.3417  33.5848   -608.00
 241.3583  33.5848   -606.00
 241.3750  33.5848   -604.00
 241.3916  33.5848   -630.00
 241.4083  33.5848   -682.00
 241.4250  33.5848   -809.00
 241.4417  33.5848   -893.00
 241.4583  33.5848   -901.00
 241.4750  33.5848   -903.00
 241.4917  33.5848   -896.00
 241.5083  33.5848   -889.00
 241.5250  33.5848   -891.00
 241.5417  33.5848   -889.00
 241.5583  33.5848   -887.00
 241.5750  33.5848   -887.00
 241.5917  33.5848   -889.00
 241.6083  33.5848   -885.00
 241.6250  33.5848   -875.00
 241.6416  33.5848   -839.00
 241.6583  33.5848   -753.00
 241.6750  33.5848   -673.00
 241.6917  33.5848   -585.00
 241.7083  33.5848   -469.00
 241.7250  33.5848   -303.00
 241.7417  33.5848   -235.00
 241.7583  33.5848   -105.00
 241.7750  33.5848    -75.00
 241.7917  33.5848    -63.00
 241.8083  33.5848    -57.00
 241.8250  33.5848    -51.00
 241.8417  33.5848    -51.00
 241.8583  33.5848    -57.00
 241.8750  33.5848    -69.00
 241.8916  33.5848   -157.00
 241.9083  33.5848   -197.00
 241.9250  33.5848   -213.00
 241.9417  33.5848   -141.00
 241.9583  33.5848    -63.00
 241.9750  33.5848    -55.00
 241.9917  33.5848    -51.00
 242.0083  33.5848    -51.00
 242.0250  33.5848    -49.00
 242.0417  33.5848    -49.00
 242.0583  33.5848    -93.00
 242.0750  33.5848   -153.00
 242.0917  33.5848    -99.00
 242.1083  33.5848    -57.00
 242.1250  33.5848    -31.00
 242.1416  33.5848     39.00
 242.1583  33.5848     79.00
 242.1750  33.5848    153.00
 242.1917  33.5848    165.00
 242.2083  33.5848    203.00
 242.2250  33.5848    217.00
 242.2417  33.5848    131.00
 242.2583  33.5848    183.00
 242.2750  33.5848    137.00
 242.2917  33.5848     87.00
 242.3083  33.5848    137.00
 242.3250  33.5848    135.00
 242.3417  33.5848    153.00
 242.3583  33.5848    177.00
 242.3750  33.5848    219.00
 242.3916  33.5848    231.00
 242.4083  33.5848    201.00
 242.4250  33.5848    209.00
 242.4417  33.5848    259.00
 242.4583  33.5848    303.00
 242.4750  33.5848    257.00
 242.4917  33.5848    377.00