 ---------------------------------------------------------------
 Surface and Strip Forces by surface

  Forces referred to Sref, Cref, Bref about Xref, Yref, Zref
 Standard axis orientation,  X fwd, Z down         

  Surface # 1     main_wing                               
     # Chordwise =  5   # Spanwise = 60     First strip =  1
     Surface area =  531.821899       Ave. chord =    8.117932
     CLsurf  =  -0.12627     Clsurf  =  -0.00637
     CYsurf  =  -0.00548     Cmsurf  =  -0.20008
     CDsurf  =   0.00130     Cnsurf  =  -0.00112
     CDisurf =   0.00130     CDvsurf =   0.00000

  Forces referred to Ssurf, Cave about hinge axis thru LE
     CLsurf  =  -0.13433     CDsurf  =   0.00138
     Deflect =

 Strip Forces referred to Strip Area, Chord
    j      Yle    Chord     Area     c cl      ai      cl_norm  cl       cd       cdv    cm_c/4    cm_LE  C.P.x/c
     1 -33.8694   3.4668   0.1562  -0.0383  -0.0056  -0.0146  -0.0110   0.0007   0.0000  -0.0001   0.0024    0.244
     2 -33.7795   3.4884   0.4712  -0.1142  -0.0052  -0.0432  -0.0327   0.0012   0.0000  -0.0001   0.0072    0.246
     3 -33.5999   3.5316   0.7937  -0.1886  -0.0043  -0.0705  -0.0534   0.0016   0.0000  -0.0000   0.0119    0.249
     4 -33.3310   3.5963   1.1284  -0.2609  -0.0034  -0.0958  -0.0725   0.0018   0.0000   0.0001   0.0163    0.252
     5 -32.9737   3.6822   1.4800  -0.3310  -0.0027  -0.1187  -0.0899   0.0020   0.0000   0.0002   0.0203    0.253
     6 -32.5289   3.7892   1.8529  -0.3988  -0.0023  -0.1390  -0.1052   0.0021   0.0000   0.0003   0.0238    0.253
     7 -31.9979   3.9169   2.2511  -0.4648  -0.0024  -0.1567  -0.1187   0.0021   0.0000   0.0003   0.0268    0.252
     8 -31.3820   4.0650   2.6784  -0.5292  -0.0033  -0.1720  -0.1302   0.0021   0.0000   0.0002   0.0293    0.252
     9 -30.6830   4.2331   3.1377  -0.5925  -0.0050  -0.1849  -0.1400   0.0021   0.0000   0.0002   0.0315    0.251
    10 -29.9028   4.4207   3.6318  -0.6554  -0.0072  -0.1959  -0.1483   0.0020   0.0000   0.0001   0.0333    0.251
    11 -29.0436   4.6274   4.1628  -0.7182  -0.0096  -0.2051  -0.1552   0.0020   0.0000   0.0000   0.0348    0.250
    12 -28.1076   4.8525   4.7322  -0.7815  -0.0118  -0.2128  -0.1611   0.0019   0.0000  -0.0000   0.0360    0.250
    13 -27.0975   5.0954   5.3406  -0.8456  -0.0136  -0.2193  -0.1660   0.0018   0.0000  -0.0001   0.0371    0.250
    14 -26.0160   5.3555   5.9884  -0.9111  -0.0148  -0.2248  -0.1702   0.0017   0.0000  -0.0001   0.0380    0.250
    15 -24.8660   5.6320   6.6749  -0.9782  -0.0156  -0.2295  -0.1737   0.0017   0.0000  -0.0001   0.0388    0.250
    16 -23.6509   5.9243   7.3989  -1.0475  -0.0161  -0.2336  -0.1769   0.0016   0.0000  -0.0000   0.0395    0.250
    17 -22.3737   6.2314   8.1583  -1.1191  -0.0165  -0.2373  -0.1796   0.0017   0.0000   0.0000   0.0402    0.250
    18 -21.0382   6.5526   8.9505  -1.1938  -0.0168  -0.2408  -0.1822   0.0016   0.0000   0.0001   0.0409    0.251
    19 -19.6479   6.8870   9.7721  -1.2720  -0.0172  -0.2441  -0.1847   0.0016   0.0000   0.0003   0.0416    0.251
    20 -18.2066   7.2336  10.6191  -1.3551  -0.0176  -0.2476  -0.1874   0.0016   0.0000   0.0005   0.0424    0.253
    21 -16.7183   7.5915  11.4867  -1.4442  -0.0179  -0.2514  -0.1903   0.0016   0.0000   0.0009   0.0434    0.255
    22 -15.2178   8.0270  11.9769  -1.5419  -0.0184  -0.2652  -0.1922   0.0016   0.0000   0.0011   0.0435    0.256
    23 -13.7104   8.5416  13.0453  -1.6553  -0.0204  -0.2676  -0.1939   0.0016   0.0000   0.0013   0.0441    0.257
    24 -12.1700   9.0674  14.1297  -1.7820  -0.0233  -0.2713  -0.1966   0.0016   0.0000   0.0016   0.0449    0.258
    25 -10.6007   9.6031  15.2212  -1.9191  -0.0296  -0.2759  -0.1999   0.0016   0.0000   0.0016   0.0457    0.258
    26  -9.0069  10.1472  16.3110  -2.0196  -0.0307  -0.2748  -0.1991   0.0015   0.0000  -0.0016   0.0427    0.242
    27  -7.3929  10.6981  17.3891  -2.0790  -0.0268  -0.2683  -0.1944   0.0010   0.0000  -0.0073   0.0367    0.213
    28  -5.7632  11.2544  18.4457  -2.1423  -0.0254  -0.2629  -0.1904   0.0005   0.0000  -0.0133   0.0305    0.180
    29  -4.1222  11.8146  19.4706  -2.2556  -0.0334  -0.2637  -0.1911  -0.0009   0.0000  -0.0197   0.0249    0.147
    30  -2.4745  12.3771  20.4537  -2.3480  -0.0281  -0.2625  -0.1902  -0.0106   0.0000  -0.0532  -0.0049   -0.030
    31  -0.8244  12.9404  21.3846  -3.0644  -0.0317  -0.3267  -0.2367   0.0076   0.0000  -0.0323   0.0240    0.114
    32   0.9182  12.9083  23.7257   0.5359  -0.0276   0.0498   0.0414  -0.0038   0.0000  -0.0090  -0.0172    0.468
    33   2.7484  12.2836  22.4535  -0.1765  -0.0270  -0.0169  -0.0141   0.0087   0.0000   0.0289   0.0287
    34   4.4877  11.7153  19.4048  -0.3895  -0.0262  -0.0386  -0.0332   0.0010   0.0000   0.0131   0.0194    0.645
    35   6.1324  11.2044  18.3531  -0.5283  -0.0253  -0.0548  -0.0471   0.0016   0.0000   0.0083   0.0182    0.426
    36   7.7566  10.6999  17.2824  -0.6114  -0.0245  -0.0664  -0.0571   0.0019   0.0000   0.0066   0.0189    0.366
    37   9.3557  10.2031  16.2020  -0.6834  -0.0237  -0.0779  -0.0670   0.0021   0.0000   0.0054   0.0200    0.330
    38  10.9254   9.7155  15.1207  -0.7621  -0.0229  -0.0912  -0.0784   0.0023   0.0000   0.0042   0.0215    0.303
    39  12.4615   9.2384  14.0466  -0.8377  -0.0221  -0.1054  -0.0906   0.0024   0.0000   0.0031   0.0233    0.284
    40  13.9597   8.7730  12.9878  -0.8972  -0.0215  -0.1189  -0.1022   0.0024   0.0000   0.0022   0.0251    0.271
    41  15.4158   8.3206  11.9513  -0.9388  -0.0208  -0.1312  -0.1128   0.0023   0.0000   0.0015   0.0269    0.263
    42  16.8260   7.8826  10.9433  -0.9638  -0.0203  -0.1422  -0.1223   0.0023   0.0000   0.0010   0.0286    0.258
    43  18.1863   7.4600   9.9701  -0.9756  -0.0198  -0.1521  -0.1308   0.0022   0.0000   0.0007   0.0302    0.255
    44  19.4930   7.0541   9.0360  -0.9770  -0.0193  -0.1611  -0.1385   0.0022   0.0000   0.0004   0.0317    0.253
    45  20.7425   6.6660   8.1454  -0.9699  -0.0188  -0.1692  -0.1455   0.0021   0.0000   0.0003   0.0332    0.252
    46  22.2285   6.2664  10.9447  -0.9559  -0.0186  -0.1833  -0.1526   0.0020   0.0000  -0.0001   0.0341    0.249
    47  23.9231   5.8588   9.6545  -0.9286  -0.0192  -0.1904  -0.1585   0.0018   0.0000  -0.0008   0.0347    0.245
    48  25.2257   5.5456   5.3842  -0.8955  -0.0199  -0.1940  -0.1615   0.0015   0.0000  -0.0016   0.0347    0.240
    49  26.1614   5.3206   4.8063  -0.8615  -0.0207  -0.1946  -0.1620   0.0014   0.0000  -0.0024   0.0341    0.235
    50  27.0284   5.1121   4.2600  -0.8224  -0.0216  -0.1933  -0.1609   0.0013   0.0000  -0.0033   0.0330    0.229
    51  27.8244   4.9206   3.7446  -0.7771  -0.0226  -0.1898  -0.1580   0.0011   0.0000  -0.0044   0.0314    0.222
    52  28.5471   4.7468   3.2592  -0.7248  -0.0237  -0.1835  -0.1528   0.0009   0.0000  -0.0057   0.0291    0.213
    53  29.1945   4.5911   2.8021  -0.6650  -0.0248  -0.1741  -0.1449   0.0006   0.0000  -0.0069   0.0262    0.202
    54  29.7650   4.4539   2.3712  -0.5972  -0.0258  -0.1612  -0.1342   0.0004   0.0000  -0.0081   0.0228    0.190
    55  30.2570   4.3356   1.9639  -0.5216  -0.0267  -0.1446  -0.1204   0.0001   0.0000  -0.0089   0.0190    0.176
    56  30.6690   4.2365   1.5773  -0.4385  -0.0275  -0.1244  -0.1036  -0.0002   0.0000  -0.0092   0.0150    0.161
    57  30.9999   4.1569   1.2082  -0.3487  -0.0281  -0.1008  -0.0839  -0.0004   0.0000  -0.0086   0.0111    0.148
    58  31.2490   4.0971   0.8529  -0.2532  -0.0286  -0.0743  -0.0619  -0.0007   0.0000  -0.0071   0.0075    0.136
    59  31.4154   4.0570   0.5077  -0.1537  -0.0288  -0.0456  -0.0379  -0.0010   0.0000  -0.0046   0.0044    0.128
    60  31.4987   4.0370   0.1685  -0.0515  -0.0290  -0.0154  -0.0128  -0.0010   0.0000  -0.0016   0.0014    0.125

  Surface # 2     main_wing (YDUP)                        
     # Chordwise =  5   # Spanwise = 60     First strip = 61
     Surface area =  531.821899       Ave. chord =    8.117932
     CLsurf  =  -0.12627     Clsurf  =   0.00637
     CYsurf  =   0.00548     Cmsurf  =  -0.20008
     CDsurf  =   0.00130     Cnsurf  =   0.00112
     CDisurf =   0.00130     CDvsurf =   0.00000

  Forces referred to Ssurf, Cave about hinge axis thru LE
     CLsurf  =  -0.13433     CDsurf  =   0.00138
     Deflect =

 Strip Forces referred to Strip Area, Chord
    j      Yle    Chord     Area     c cl      ai      cl_norm  cl       cd       cdv    cm_c/4    cm_LE  C.P.x/c
    61  33.8694   3.4668   0.1562  -0.0383  -0.0056  -0.0146  -0.0110   0.0007   0.0000  -0.0001  -0.0024    0.244
    62  33.7795   3.4884   0.4712  -0.1142  -0.0052  -0.0432  -0.0327   0.0012   0.0000  -0.0001  -0.0072    0.246
    63  33.5999   3.5316   0.7937  -0.1886  -0.0043  -0.0705  -0.0534   0.0016   0.0000  -0.0000  -0.0119    0.249
    64  33.3310   3.5963   1.1284  -0.2609  -0.0034  -0.0958  -0.0725   0.0018   0.0000   0.0001  -0.0163    0.252
    65  32.9737   3.6822   1.4800  -0.3310  -0.0027  -0.1187  -0.0899   0.0020   0.0000   0.0002  -0.0203    0.253
    66  32.5289   3.7892   1.8529  -0.3988  -0.0023  -0.1390  -0.1052   0.0021   0.0000   0.0003  -0.0238    0.253
    67  31.9979   3.9169   2.2511  -0.4648  -0.0024  -0.1567  -0.1187   0.0021   0.0000   0.0003  -0.0268    0.252
    68  31.3820   4.0650   2.6784  -0.5292  -0.0033  -0.1720  -0.1302   0.0021   0.0000   0.0002  -0.0293    0.252
    69  30.6830   4.2331   3.1377  -0.5925  -0.0050  -0.1849  -0.1400   0.0021   0.0000   0.0002  -0.0315    0.251
    70  29.9028   4.4207   3.6318  -0.6554  -0.0072  -0.1959  -0.1483   0.0020   0.0000   0.0001  -0.0333    0.251
    71  29.0436   4.6274   4.1628  -0.7182  -0.0096  -0.2051  -0.1552   0.0020   0.0000   0.0000  -0.0348    0.250
    72  28.1076   4.8525   4.7322  -0.7815  -0.0118  -0.2128  -0.1611   0.0019   0.0000  -0.0000  -0.0360    0.250
    73  27.0975   5.0954   5.3406  -0.8456  -0.0136  -0.2193  -0.1660   0.0018   0.0000  -0.0001  -0.0371    0.250
    74  26.0160   5.3555   5.9884  -0.9111  -0.0148  -0.2248  -0.1702   0.0017   0.0000  -0.0001  -0.0380    0.250
    75  24.8660   5.6320   6.6749  -0.9782  -0.0156  -0.2295  -0.1737   0.0017   0.0000  -0.0001  -0.0388    0.250
    76  23.6509   5.9243   7.3989  -1.0475  -0.0161  -0.2336  -0.1769   0.0016   0.0000  -0.0000  -0.0395    0.250
    77  22.3737   6.2314   8.1583  -1.1191  -0.0165  -0.2373  -0.1796   0.0017   0.0000   0.0000  -0.0402    0.250
    78  21.0382   6.5526   8.9505  -1.1938  -0.0168  -0.2408  -0.1822   0.0016   0.0000   0.0001  -0.0409    0.251
    79  19.6479   6.8870   9.7721  -1.2720  -0.0172  -0.2441  -0.1847   0.0016   0.0000   0.0003  -0.0416    0.251
    80  18.2066   7.2336  10.6191  -1.3551  -0.0176  -0.2476  -0.1874   0.0016   0.0000   0.0005  -0.0424    0.253
    81  16.7183   7.5915  11.4867  -1.4442  -0.0179  -0.2514  -0.1903   0.0016   0.0000   0.0009  -0.0434    0.255
    82  15.2178   8.0270  11.9769  -1.5419  -0.0184  -0.2652  -0.1922   0.0016   0.0000   0.0011  -0.0435    0.256
    83  13.7104   8.5416  13.0453  -1.6553  -0.0204  -0.2676  -0.1939   0.0016   0.0000   0.0013  -0.0441    0.257
    84  12.1700   9.0674  14.1297  -1.7820  -0.0233  -0.2713  -0.1966   0.0016   0.0000   0.0016  -0.0449    0.258
    85  10.6007   9.6031  15.2212  -1.9191  -0.0296  -0.2759  -0.1999   0.0016   0.0000   0.0016  -0.0457    0.258
    86   9.0069  10.1472  16.3110  -2.0196  -0.0307  -0.2748  -0.1991   0.0015   0.0000  -0.0016  -0.0427    0.242
    87   7.3929  10.6981  17.3891  -2.0790  -0.0268  -0.2683  -0.1944   0.0010   0.0000  -0.0073  -0.0367    0.213
    88   5.7632  11.2544  18.4457  -2.1423  -0.0254  -0.2629  -0.1904   0.0005   0.0000  -0.0133  -0.0305    0.180
    89   4.1222  11.8146  19.4706  -2.2556  -0.0334  -0.2637  -0.1911  -0.0009   0.0000  -0.0197  -0.0249    0.147
    90   2.4745  12.3771  20.4537  -2.3480  -0.0281  -0.2625  -0.1902  -0.0106   0.0000  -0.0532   0.0049   -0.030
    91   0.8244  12.9404  21.3846  -3.0644  -0.0317  -0.3267  -0.2367   0.0076   0.0000  -0.0323  -0.0240    0.114
    92  -0.9182  12.9083  23.7257   0.5358  -0.0276   0.0498   0.0414  -0.0038   0.0000  -0.0090   0.0172    0.468
    93  -2.7484  12.2836  22.4535  -0.1765  -0.0270  -0.0169  -0.0141   0.0087   0.0000   0.0289  -0.0287
    94  -4.4877  11.7153  19.4048  -0.3895  -0.0262  -0.0386  -0.0332   0.0010   0.0000   0.0131  -0.0194    0.645
    95  -6.1324  11.2044  18.3531  -0.5283  -0.0253  -0.0548  -0.0471   0.0016   0.0000   0.0083  -0.0182    0.426
    96  -7.7566  10.6999  17.2824  -0.6114  -0.0245  -0.0664  -0.0571   0.0019   0.0000   0.0066  -0.0189    0.366
    97  -9.3557  10.2031  16.2020  -0.6834  -0.0237  -0.0779  -0.0670   0.0021   0.0000   0.0054  -0.0200    0.330
    98 -10.9254   9.7155  15.1207  -0.7621  -0.0229  -0.0912  -0.0784   0.0023   0.0000   0.0042  -0.0215    0.303
    99 -12.4615   9.2384  14.0466  -0.8377  -0.0221  -0.1054  -0.0906   0.0024   0.0000   0.0031  -0.0233    0.284
   100 -13.9597   8.7730  12.9878  -0.8972  -0.0215  -0.1189  -0.1022   0.0024   0.0000   0.0022  -0.0251    0.271
   101 -15.4158   8.3206  11.9513  -0.9388  -0.0208  -0.1312  -0.1128   0.0023   0.0000   0.0015  -0.0269    0.263
   102 -16.8260   7.8826  10.9433  -0.9638  -0.0203  -0.1422  -0.1223   0.0023   0.0000   0.0010  -0.0286    0.258
   103 -18.1863   7.4600   9.9701  -0.9756  -0.0198  -0.1521  -0.1308   0.0022   0.0000   0.0007  -0.0302    0.255
   104 -19.4930   7.0541   9.0360  -0.9770  -0.0193  -0.1611  -0.1385   0.0022   0.0000   0.0004  -0.0317    0.253
   105 -20.7425   6.6660   8.1454  -0.9699  -0.0188  -0.1692  -0.1455   0.0021   0.0000   0.0003  -0.0332    0.252
   106 -22.2285   6.2664  10.9447  -0.9559  -0.0186  -0.1833  -0.1526   0.0020   0.0000  -0.0001  -0.0341    0.249
   107 -23.9231   5.8588   9.6545  -0.9286  -0.0192  -0.1904  -0.1585   0.0018   0.0000  -0.0008  -0.0347    0.245
   108 -25.2257   5.5456   5.3842  -0.8955  -0.0199  -0.1940  -0.1615   0.0015   0.0000  -0.0016  -0.0347    0.240
   109 -26.1614   5.3206   4.8063  -0.8615  -0.0207  -0.1946  -0.1620   0.0014   0.0000  -0.0024  -0.0341    0.235
   110 -27.0284   5.1121   4.2600  -0.8224  -0.0216  -0.1933  -0.1609   0.0013   0.0000  -0.0033  -0.0330    0.229
   111 -27.8244   4.9206   3.7446  -0.7771  -0.0226  -0.1898  -0.1580   0.0011   0.0000  -0.0044  -0.0314    0.222
   112 -28.5471   4.7468   3.2592  -0.7248  -0.0237  -0.1835  -0.1528   0.0009   0.0000  -0.0057  -0.0291    0.213
   113 -29.1945   4.5911   2.8021  -0.6650  -0.0248  -0.1741  -0.1449   0.0006   0.0000  -0.0069  -0.0262    0.202
   114 -29.7650   4.4539   2.3712  -0.5972  -0.0258  -0.1612  -0.1342   0.0004   0.0000  -0.0081  -0.0228    0.190
   115 -30.2570   4.3356   1.9639  -0.5216  -0.0267  -0.1446  -0.1204   0.0001   0.0000  -0.0089  -0.0190    0.176
   116 -30.6690   4.2365   1.5773  -0.4385  -0.0275  -0.1244  -0.1036  -0.0002   0.0000  -0.0092  -0.0150    0.161
   117 -30.9999   4.1569   1.2082  -0.3487  -0.0281  -0.1008  -0.0839  -0.0004   0.0000  -0.0086  -0.0111    0.148
   118 -31.2490   4.0971   0.8529  -0.2532  -0.0286  -0.0743  -0.0619  -0.0007   0.0000  -0.0071  -0.0075    0.136
   119 -31.4154   4.0570   0.5077  -0.1537  -0.0288  -0.0456  -0.0379  -0.0010   0.0000  -0.0046  -0.0044    0.128
   120 -31.4987   4.0370   0.1685  -0.0515  -0.0290  -0.0154  -0.0128  -0.0010   0.0000  -0.0016  -0.0014    0.125

  Surface # 3     horizontal_stabilizer                   
     # Chordwise =  5   # Spanwise = 60     First strip =121
     Surface area =   43.732090       Ave. chord =    4.269336
     CLsurf  =  -0.00713     Clsurf  =   0.00046
     CYsurf  =  -0.00002     Cmsurf  =   0.02592
     CDsurf  =   0.00016     Cnsurf  =  -0.00000
     CDisurf =   0.00016     CDvsurf =   0.00000

  Forces referred to Ssurf, Cave about hinge axis thru LE
     CLsurf  =  -0.09220     CDsurf  =   0.00201
     Deflect =

 Strip Forces referred to Strip Area, Chord
    j      Yle    Chord     Area     c cl      ai      cl_norm  cl       cd       cdv    cm_c/4    cm_LE  C.P.x/c
   121   0.0017   6.4035   0.0424  -0.4884  -0.0239  -0.0927  -0.0719   0.1280   0.0000   0.0043   0.0197    0.310
   122   0.0149   6.3980   0.1269  -0.4881  -0.0240  -0.0977  -0.0758   0.0155   0.0000   0.0043   0.0197    0.307
   123   0.0413   6.3870   0.2107  -0.4881  -0.0241  -0.0983  -0.0762   0.0065   0.0000   0.0043   0.0197    0.307
   124   0.0808   6.3705   0.2934  -0.4882  -0.0242  -0.0987  -0.0765   0.0041   0.0000   0.0043   0.0198    0.306
   125   0.1334   6.3486   0.3745  -0.4883  -0.0243  -0.0991  -0.0769   0.0031   0.0000   0.0043   0.0198    0.306
   126   0.1988   6.3213   0.4537  -0.4882  -0.0245  -0.0996  -0.0772   0.0026   0.0000   0.0042   0.0198    0.304
   127   0.2769   6.2888   0.5305  -0.4883  -0.0246  -0.1001  -0.0776   0.0024   0.0000   0.0041   0.0198    0.302
   128   0.3674   6.2510   0.6045  -0.4884  -0.0247  -0.1007  -0.0781   0.0024   0.0000   0.0039   0.0198    0.300
   129   0.4702   6.2082   0.6754  -0.4885  -0.0249  -0.1015  -0.0787   0.0022   0.0000   0.0038   0.0197    0.298
   130   0.5850   6.1604   0.7429  -0.4886  -0.0250  -0.1023  -0.0793   0.0022   0.0000   0.0036   0.0197    0.295
   131   0.7113   6.1077   0.8065  -0.4885  -0.0251  -0.1031  -0.0799   0.0021   0.0000   0.0033   0.0196    0.292
   132   0.8490   6.0503   0.8661  -0.4883  -0.0252  -0.1041  -0.0807   0.0021   0.0000   0.0031   0.0196    0.288
   133   1.0027   5.9862   0.9844  -0.4882  -0.0253  -0.1052  -0.0815   0.0022   0.0000   0.0029   0.0196    0.285
   134   1.1727   5.9153   1.0378  -0.4878  -0.0254  -0.1063  -0.0824   0.0021   0.0000   0.0026   0.0196    0.282
   135   1.3535   5.8400   1.0860  -0.4872  -0.0255  -0.1076  -0.0834   0.0021   0.0000   0.0024   0.0195    0.278
   136   1.5445   5.7604   1.1288  -0.4863  -0.0255  -0.1089  -0.0844   0.0021   0.0000   0.0021   0.0196    0.275
   137   1.7453   5.6767   1.1661  -0.4852  -0.0256  -0.1102  -0.0855   0.0020   0.0000   0.0019   0.0196    0.272
   138   1.9552   5.5892   1.1979  -0.4839  -0.0257  -0.1116  -0.0866   0.0020   0.0000   0.0017   0.0196    0.269
   139   2.1737   5.4981   1.2240  -0.4820  -0.0257  -0.1130  -0.0876   0.0020   0.0000   0.0015   0.0197    0.267
   140   2.4003   5.4037   1.2446  -0.4800  -0.0257  -0.1145  -0.0888   0.0020   0.0000   0.0013   0.0198    0.264
   141   2.6343   5.3061   1.2597  -0.4778  -0.0258  -0.1161  -0.0900   0.0020   0.0000   0.0011   0.0199    0.262
   142   2.8750   5.2058   1.2693  -0.4749  -0.0258  -0.1176  -0.0912   0.0019   0.0000   0.0009   0.0200    0.260
   143   3.1217   5.1030   1.2736  -0.4717  -0.0258  -0.1192  -0.0924   0.0020   0.0000   0.0008   0.0201    0.258
   144   3.3739   4.9978   1.2727  -0.4681  -0.0258  -0.1208  -0.0936   0.0020   0.0000   0.0006   0.0202    0.257
   145   3.6309   4.8907   1.2668  -0.4640  -0.0258  -0.1223  -0.0949   0.0019   0.0000   0.0005   0.0204    0.255
   146   3.8918   4.7820   1.2561  -0.4595  -0.0259  -0.1239  -0.0961   0.0019   0.0000   0.0004   0.0205    0.254
   147   4.1560   4.6718   1.2409  -0.4543  -0.0259  -0.1254  -0.0972   0.0018   0.0000   0.0002   0.0207    0.252
   148   4.4228   4.5606   1.2215  -0.4470  -0.0259  -0.1264  -0.0980   0.0020   0.0000  -0.0001   0.0205    0.249
   149   4.6915   4.4486   1.1980  -0.4429  -0.0259  -0.1284  -0.0996   0.0018   0.0000  -0.0000   0.0210    0.250
   150   4.9613   4.3362   1.1710  -0.4367  -0.0259  -0.1299  -0.1007   0.0018   0.0000  -0.0001   0.0211    0.249
   151   5.2314   4.2236   1.1406  -0.4298  -0.0259  -0.1313  -0.1018   0.0019   0.0000  -0.0003   0.0212    0.248
   152   5.5012   4.1111   1.1072  -0.4221  -0.0260  -0.1324  -0.1027   0.0018   0.0000  -0.0004   0.0213    0.246
   153   5.7698   3.9992   1.0711  -0.4147  -0.0260  -0.1338  -0.1037   0.0017   0.0000  -0.0005   0.0214    0.245
   154   6.0367   3.8879   1.0327  -0.4064  -0.0261  -0.1348  -0.1045   0.0018   0.0000  -0.0006   0.0215    0.244
   155   6.3009   3.7778   0.9923  -0.3824  -0.0262  -0.1305  -0.1012   0.0017   0.0000  -0.0026   0.0191    0.224
   156   6.5618   3.6690   0.9503  -0.3883  -0.0263  -0.1365  -0.1058   0.0018   0.0000  -0.0010   0.0215    0.241
   157   6.8188   3.5619   0.9070  -0.3787  -0.0264  -0.1371  -0.1063   0.0017   0.0000  -0.0012   0.0214    0.239
   158   7.0710   3.4568   0.8627  -0.3695  -0.0266  -0.1379  -0.1069   0.0015   0.0000  -0.0012   0.0215    0.238
   159   7.3177   3.3540   0.8178  -0.3578  -0.0267  -0.1376  -0.1067   0.0017   0.0000  -0.0016   0.0211    0.235
   160   7.5584   3.2536   0.7724  -0.3467  -0.0269  -0.1375  -0.1066   0.0017   0.0000  -0.0019   0.0209    0.233
   161   7.7924   3.1561   0.7270  -0.3350  -0.0272  -0.1369  -0.1062   0.0015   0.0000  -0.0021   0.0205    0.230
   162   8.0189   3.0617   0.6816  -0.3228  -0.0274  -0.1360  -0.1054   0.0016   0.0000  -0.0025   0.0201    0.227
   163   8.2375   2.9706   0.6366  -0.3101  -0.0277  -0.1347  -0.1044   0.0015   0.0000  -0.0028   0.0196    0.223
   164   8.4474   2.8831   0.5922  -0.2969  -0.0280  -0.1328  -0.1030   0.0013   0.0000  -0.0032   0.0190    0.219
   165   8.6482   2.7994   0.5486  -0.2827  -0.0283  -0.1303  -0.1010   0.0014   0.0000  -0.0036   0.0182    0.214
   166   8.8392   2.7198   0.5057  -0.2678  -0.0286  -0.1270  -0.0985   0.0012   0.0000  -0.0041   0.0172    0.208
   167   9.0200   2.6444   0.4639  -0.2532  -0.0289  -0.1235  -0.0958   0.0012   0.0000  -0.0045   0.0163    0.203
   168   9.1900   2.5736   0.4232  -0.2373  -0.0292  -0.1190  -0.0922   0.0011   0.0000  -0.0049   0.0152    0.196
   169   9.3488   2.5074   0.3837  -0.2210  -0.0295  -0.1137  -0.0882   0.0009   0.0000  -0.0054   0.0140    0.189
   170   9.4948   2.4465   0.3399  -0.2038  -0.0298  -0.1075  -0.0833   0.0008   0.0000  -0.0057   0.0128    0.182
   171   9.6277   2.3911   0.3034  -0.1864  -0.0301  -0.1006  -0.0780   0.0006   0.0000  -0.0059   0.0114    0.174
   172   9.7485   2.3408   0.2680  -0.1685  -0.0303  -0.0929  -0.0720   0.0005   0.0000  -0.0061   0.0101    0.166
   173   9.8566   2.2957   0.2336  -0.1500  -0.0305  -0.0843  -0.0653   0.0005   0.0000  -0.0060   0.0087    0.158
   174   9.9519   2.2560   0.2003  -0.1295  -0.0307  -0.0741  -0.0574   0.0002   0.0000  -0.0061   0.0069    0.143
   175  10.0341   2.2217   0.1678  -0.1116  -0.0309  -0.0648  -0.0503   0.0001   0.0000  -0.0054   0.0060    0.142
   176  10.1029   2.1930   0.1361  -0.0918  -0.0311  -0.0540  -0.0419  -0.0001   0.0000  -0.0048   0.0048    0.135
   177  10.1582   2.1700   0.1052  -0.0717  -0.0312  -0.0427  -0.0331  -0.0003   0.0000  -0.0040   0.0036    0.130
   178  10.1998   2.1526   0.0747  -0.0514  -0.0313  -0.0309  -0.0239  -0.0005   0.0000  -0.0030   0.0025    0.126
   179  10.2276   2.1410   0.0447  -0.0309  -0.0313  -0.0187  -0.0145  -0.0007   0.0000  -0.0018   0.0015    0.124
   180  10.2416   2.1352   0.0149  -0.0103  -0.0313  -0.0063  -0.0049  -0.0006   0.0000  -0.0006   0.0005    0.123

  Surface # 4     horizontal_stabilizer (YDUP)            
     # Chordwise =  5   # Spanwise = 60     First strip =181
     Surface area =   43.732090       Ave. chord =    4.269336
     CLsurf  =  -0.00713     Clsurf  =  -0.00046
     CYsurf  =   0.00002     Cmsurf  =   0.02592
     CDsurf  =   0.00016     Cnsurf  =   0.00000
     CDisurf =   0.00016     CDvsurf =   0.00000

  Forces referred to Ssurf, Cave about hinge axis thru LE
     CLsurf  =  -0.09220     CDsurf  =   0.00201
     Deflect =

 Strip Forces referred to Strip Area, Chord
    j      Yle    Chord     Area     c cl      ai      cl_norm  cl       cd       cdv    cm_c/4    cm_LE  C.P.x/c
   181  -0.0017   6.4035   0.0424  -0.4884  -0.0239  -0.0927  -0.0719   0.1280   0.0000   0.0043  -0.0197    0.310
   182  -0.0149   6.3980   0.1269  -0.4881  -0.0240  -0.0977  -0.0758   0.0155   0.0000   0.0043  -0.0197    0.307
   183  -0.0413   6.3870   0.2107  -0.4881  -0.0241  -0.0983  -0.0762   0.0065   0.0000   0.0043  -0.0197    0.307
   184  -0.0808   6.3705   0.2934  -0.4882  -0.0242  -0.0987  -0.0765   0.0041   0.0000   0.0043  -0.0198    0.306
   185  -0.1334   6.3486   0.3745  -0.4883  -0.0243  -0.0991  -0.0769   0.0031   0.0000   0.0043  -0.0198    0.306
   186  -0.1988   6.3213   0.4537  -0.4882  -0.0245  -0.0996  -0.0772   0.0026   0.0000   0.0042  -0.0198    0.304
   187  -0.2769   6.2888   0.5305  -0.4883  -0.0246  -0.1001  -0.0776   0.0024   0.0000   0.0041  -0.0198    0.302
   188  -0.3674   6.2510   0.6045  -0.4884  -0.0247  -0.1007  -0.0781   0.0024   0.0000   0.0039  -0.0198    0.300
   189  -0.4702   6.2082   0.6754  -0.4885  -0.0249  -0.1015  -0.0787   0.0022   0.0000   0.0038  -0.0197    0.298
   190  -0.5850   6.1604   0.7429  -0.4886  -0.0250  -0.1023  -0.0793   0.0022   0.0000   0.0036  -0.0197    0.295
   191  -0.7113   6.1077   0.8065  -0.4885  -0.0251  -0.1031  -0.0799   0.0021   0.0000   0.0033  -0.0196    0.292
   192  -0.8490   6.0503   0.8661  -0.4883  -0.0252  -0.1041  -0.0807   0.0021   0.0000   0.0031  -0.0196    0.288
   193  -1.0027   5.9862   0.9844  -0.4882  -0.0253  -0.1052  -0.0815   0.0022   0.0000   0.0029  -0.0196    0.285
   194  -1.1727   5.9153   1.0378  -0.4878  -0.0254  -0.1063  -0.0824   0.0021   0.0000   0.0026  -0.0196    0.282
   195  -1.3535   5.8400   1.0860  -0.4872  -0.0255  -0.1076  -0.0834   0.0021   0.0000   0.0024  -0.0195    0.278
   196  -1.5445   5.7604   1.1288  -0.4863  -0.0255  -0.1089  -0.0844   0.0021   0.0000   0.0021  -0.0196    0.275
   197  -1.7453   5.6767   1.1661  -0.4852  -0.0256  -0.1102  -0.0855   0.0020   0.0000   0.0019  -0.0196    0.272
   198  -1.9552   5.5892   1.1979  -0.4839  -0.0257  -0.1116  -0.0866   0.0020   0.0000   0.0017  -0.0196    0.269
   199  -2.1737   5.4981   1.2240  -0.4820  -0.0257  -0.1130  -0.0876   0.0020   0.0000   0.0015  -0.0197    0.267
   200  -2.4003   5.4037   1.2446  -0.4800  -0.0257  -0.1145  -0.0888   0.0020   0.0000   0.0013  -0.0198    0.264
   201  -2.6343   5.3061   1.2597  -0.4778  -0.0258  -0.1161  -0.0900   0.0020   0.0000   0.0011  -0.0199    0.262
   202  -2.8750   5.2058   1.2693  -0.4749  -0.0258  -0.1176  -0.0912   0.0019   0.0000   0.0009  -0.0200    0.260
   203  -3.1217   5.1030   1.2736  -0.4717  -0.0258  -0.1192  -0.0924   0.0020   0.0000   0.0008  -0.0201    0.258
   204  -3.3739   4.9978   1.2727  -0.4681  -0.0258  -0.1208  -0.0936   0.0020   0.0000   0.0006  -0.0202    0.257
   205  -3.6309   4.8907   1.2668  -0.4640  -0.0258  -0.1223  -0.0949   0.0019   0.0000   0.0005  -0.0204    0.255
   206  -3.8918   4.7820   1.2561  -0.4595  -0.0259  -0.1239  -0.0961   0.0019   0.0000   0.0004  -0.0205    0.254
   207  -4.1560   4.6718   1.2409  -0.4543  -0.0259  -0.1254  -0.0972   0.0018   0.0000   0.0002  -0.0207    0.252
   208  -4.4228   4.5606   1.2215  -0.4470  -0.0259  -0.1264  -0.0980   0.0020   0.0000  -0.0001  -0.0205    0.249
   209  -4.6915   4.4486   1.1980  -0.4429  -0.0259  -0.1284  -0.0996   0.0018   0.0000  -0.0000  -0.0210    0.250
   210  -4.9613   4.3362   1.1710  -0.4367  -0.0259  -0.1299  -0.1007   0.0018   0.0000  -0.0001  -0.0211    0.249
   211  -5.2314   4.2236   1.1406  -0.4298  -0.0259  -0.1313  -0.1018   0.0019   0.0000  -0.0003  -0.0212    0.248
   212  -5.5012   4.1111   1.1072  -0.4221  -0.0260  -0.1324  -0.1027   0.0018   0.0000  -0.0004  -0.0213    0.246
   213  -5.7698   3.9992   1.0711  -0.4147  -0.0260  -0.1338  -0.1037   0.0017   0.0000  -0.0005  -0.0214    0.245
   214  -6.0367   3.8879   1.0327  -0.4064  -0.0261  -0.1348  -0.1045   0.0018   0.0000  -0.0006  -0.0215    0.244
   215  -6.3009   3.7778   0.9923  -0.3824  -0.0262  -0.1305  -0.1012   0.0017   0.0000  -0.0026  -0.0191    0.224
   216  -6.5618   3.6690   0.9503  -0.3883  -0.0263  -0.1365  -0.1058   0.0018   0.0000  -0.0010  -0.0215    0.241
   217  -6.8188   3.5619   0.9070  -0.3787  -0.0264  -0.1371  -0.1063   0.0017   0.0000  -0.0012  -0.0214    0.239
   218  -7.0710   3.4568   0.8627  -0.3695  -0.0266  -0.1379  -0.1069   0.0015   0.0000  -0.0012  -0.0215    0.238
   219  -7.3177   3.3540   0.8178  -0.3578  -0.0267  -0.1376  -0.1067   0.0017   0.0000  -0.0016  -0.0211    0.235
   220  -7.5584   3.2536   0.7724  -0.3467  -0.0269  -0.1375  -0.1066   0.0017   0.0000  -0.0019  -0.0209    0.233
   221  -7.7924   3.1561   0.7270  -0.3350  -0.0272  -0.1369  -0.1062   0.0015   0.0000  -0.0021  -0.0205    0.230
   222  -8.0189   3.0617   0.6816  -0.3228  -0.0274  -0.1360  -0.1054   0.0016   0.0000  -0.0025  -0.0201    0.227
   223  -8.2375   2.9706   0.6366  -0.3101  -0.0277  -0.1347  -0.1044   0.0015   0.0000  -0.0028  -0.0196    0.223
   224  -8.4474   2.8831   0.5922  -0.2969  -0.0280  -0.1328  -0.1030   0.0013   0.0000  -0.0032  -0.0190    0.219
   225  -8.6482   2.7994   0.5486  -0.2827  -0.0283  -0.1303  -0.1010   0.0014   0.0000  -0.0036  -0.0182    0.214
   226  -8.8392   2.7198   0.5057  -0.2678  -0.0286  -0.1270  -0.0985   0.0012   0.0000  -0.0041  -0.0172    0.208
   227  -9.0200   2.6444   0.4639  -0.2532  -0.0289  -0.1235  -0.0958   0.0012   0.0000  -0.0045  -0.0163    0.203
   228  -9.1900   2.5736   0.4232  -0.2373  -0.0292  -0.1190  -0.0922   0.0011   0.0000  -0.0049  -0.0152    0.196
   229  -9.3488   2.5074   0.3837  -0.2210  -0.0295  -0.1137  -0.0882   0.0009   0.0000  -0.0054  -0.0140    0.189
   230  -9.4948   2.4465   0.3399  -0.2038  -0.0298  -0.1075  -0.0833   0.0008   0.0000  -0.0057  -0.0128    0.182
   231  -9.6277   2.3911   0.3034  -0.1864  -0.0301  -0.1006  -0.0780   0.0006   0.0000  -0.0059  -0.0114    0.174
   232  -9.7485   2.3408   0.2680  -0.1685  -0.0303  -0.0929  -0.0720   0.0005   0.0000  -0.0061  -0.0101    0.166
   233  -9.8566   2.2957   0.2336  -0.1500  -0.0305  -0.0843  -0.0653   0.0005   0.0000  -0.0060  -0.0087    0.158
   234  -9.9519   2.2560   0.2003  -0.1295  -0.0307  -0.0741  -0.0574   0.0002   0.0000  -0.0061  -0.0069    0.143
   235 -10.0341   2.2217   0.1678  -0.1116  -0.0309  -0.0648  -0.0503   0.0001   0.0000  -0.0054  -0.0060    0.142
   236 -10.1029   2.1930   0.1361  -0.0918  -0.0311  -0.0540  -0.0419  -0.0001   0.0000  -0.0048  -0.0048    0.135
   237 -10.1582   2.1700   0.1052  -0.0717  -0.0312  -0.0427  -0.0331  -0.0003   0.0000  -0.0040  -0.0036    0.130
   238 -10.1998   2.1526   0.0747  -0.0514  -0.0313  -0.0309  -0.0239  -0.0005   0.0000  -0.0030  -0.0025    0.126
   239 -10.2276   2.1410   0.0447  -0.0309  -0.0313  -0.0187  -0.0145  -0.0007   0.0000  -0.0018  -0.0015    0.124
   240 -10.2416   2.1352   0.0149  -0.0103  -0.0313  -0.0063  -0.0049  -0.0006   0.0000  -0.0006  -0.0005    0.123

  Surface # 5     vertical_stabilizer                     
     # Chordwise =  5   # Spanwise = 60     First strip =241
     Surface area =  102.378899       Ave. chord =    8.848652
     CLsurf  =   0.00000     Clsurf  =   0.00000
     CYsurf  =   0.00000     Cmsurf  =  -0.00000
     CDsurf  =  -0.00000     Cnsurf  =  -0.00000
     CDisurf =  -0.00000     CDvsurf =   0.00000

  Forces referred to Ssurf, Cave about hinge axis thru LE
     CLsurf  =  -0.00000     CDsurf  =  -0.00000
     Deflect =

 Strip Forces referred to Strip Area, Chord
    j      Yle    Chord     Area     c cl      ai      cl_norm  cl       cd       cdv    cm_c/4    cm_LE  C.P.x/c
   241   0.0000   9.4977   0.3694   0.0000  -0.0000   0.0000   0.0000   0.0000   0.0000   0.0000   0.0000   -0.051
   242   0.0000   9.4916   0.5095   0.0000  -0.0000   0.0000   0.0000   0.0000   0.0000   0.0000   0.0000   -0.043
   243   0.0000   9.4835   0.6485   0.0000  -0.0000   0.0000   0.0000  -0.0000   0.0000   0.0000   0.0000    0.004
   244   0.0000   9.4735   0.7860   0.0000  -0.0000   0.0000   0.0000  -0.0000   0.0000   0.0000   0.0000    0.014
   245   0.0000   9.4616   0.9215   0.0000  -0.0000   0.0000   0.0000  -0.0000   0.0000   0.0000   0.0000   -0.031
   246   0.0000   9.4478   1.0544   0.0000   0.0000   0.0000   0.0000  -0.0000   0.0000   0.0000   0.0000   -0.064
   247   0.0000   9.4321   1.1845   0.0000  -0.0000   0.0000   0.0000  -0.0000   0.0000   0.0000   0.0000   -0.082
   248   0.0000   9.4149   1.2715   0.0000   0.0000   0.0000   0.0000  -0.0000   0.0000   0.0000   0.0000   -0.107
   249   0.0000   9.3962   1.3909   0.0000   0.0000   0.0000   0.0000  -0.0000   0.0000   0.0000   0.0000   -0.221
   250   0.0000   9.3758   1.5062   0.0000  -0.0000   0.0000   0.0000  -0.0000   0.0000   0.0000   0.0000   -0.267
   251   0.0000   9.3538   1.6173   0.0000  -0.0000   0.0000   0.0000  -0.0000   0.0000   0.0000   0.0000   -0.259
   252   0.0000   9.3301   1.7236   0.0000   0.0000   0.0000   0.0000  -0.0000   0.0000   0.0000   0.0000   -0.317
   253   0.0000   9.3050   1.8249   0.0000   0.0000   0.0000   0.0000  -0.0000   0.0000   0.0000   0.0000   -0.383
   254   0.0000   9.2783   1.9209   0.0000   0.0000   0.0000   0.0000  -0.0000   0.0000   0.0000   0.0000   -0.430
   255   0.0000   9.2503   2.0113   0.0000   0.0000   0.0000   0.0000  -0.0000   0.0000   0.0000   0.0000   -0.767
   256   0.0000   9.2209   2.0959   0.0000   0.0000   0.0000   0.0000  -0.0000   0.0000   0.0000   0.0000   -0.905
   257   0.0000   9.1902   2.1743   0.0000   0.0000   0.0000   0.0000  -0.0000   0.0000   0.0000   0.0000
   258   0.0000   9.1584   2.2465   0.0000   0.0000   0.0000   0.0000  -0.0000   0.0000   0.0000   0.0000
   259   0.0000   9.1254   2.3123  -0.0000   0.0000  -0.0000  -0.0000  -0.0000   0.0000   0.0000   0.0000
   260   0.0000   9.0915   2.3714  -0.0000   0.0000  -0.0000  -0.0000  -0.0000   0.0000   0.0000   0.0000    1.571
   261   0.0000   9.0566   2.4238  -0.0000   0.0000  -0.0000  -0.0000  -0.0000   0.0000   0.0000   0.0000    1.031
   262   0.0000   9.0208   2.4694  -0.0000   0.0000  -0.0000  -0.0000  -0.0000   0.0000   0.0000   0.0000    0.834
   263   0.0000   8.9842   2.5080  -0.0000   0.0000  -0.0000  -0.0000  -0.0000   0.0000   0.0000   0.0000    0.695
   264   0.0000   8.9470   2.5397  -0.0000   0.0000  -0.0000  -0.0000  -0.0000   0.0000   0.0000   0.0000    0.618
   265   0.0000   8.9093   2.5643  -0.0000   0.0000  -0.0000  -0.0000  -0.0000   0.0000   0.0000   0.0000    0.532
   266   0.0000   8.8710   2.5820  -0.0000   0.0000  -0.0000  -0.0000   0.0000   0.0000   0.0000   0.0000    0.512
   267   0.0000   8.8324   2.5928  -0.0000   0.0000  -0.0000  -0.0000   0.0000   0.0000   0.0000   0.0000    0.501
   268   0.0000   8.7935   2.5966  -0.0000   0.0000  -0.0000  -0.0000  -0.0000   0.0000   0.0000   0.0000    0.483
   269   0.0000   8.7544   2.5935  -0.0000   0.0000  -0.0000  -0.0000   0.0000   0.0000   0.0000   0.0000    0.471
   270   0.0000   8.7152   2.5837  -0.0000   0.0000  -0.0000  -0.0000  -0.0000   0.0000   0.0000   0.0000    0.456
   271   0.0000   8.6761   2.5672  -0.0000   0.0000  -0.0000  -0.0000  -0.0000   0.0000   0.0000   0.0000    0.435
   272   0.0000   8.6371   2.5441  -0.0000   0.0000  -0.0000  -0.0000   0.0000   0.0000   0.0000   0.0000    0.424
   273   0.0000   8.5983   2.5147  -0.0000   0.0000  -0.0000  -0.0000   0.0000   0.0000   0.0000   0.0000    0.416
   274   0.0000   8.5598   2.4789  -0.0000   0.0000  -0.0000  -0.0000  -0.0000   0.0000   0.0000   0.0000    0.406
   275   0.0000   8.5218   2.4372  -0.0000   0.0000  -0.0000  -0.0000  -0.0000   0.0000   0.0000   0.0000    0.393
   276   0.0000   8.4843   2.3895  -0.0000   0.0000  -0.0000  -0.0000   0.0000   0.0000   0.0000   0.0000    0.380
   277   0.0000   8.4474   2.3361  -0.0000   0.0000  -0.0000  -0.0000  -0.0000   0.0000   0.0000   0.0000    0.359
   278   0.0000   8.4112   2.2772  -0.0000   0.0000  -0.0000  -0.0000  -0.0000   0.0000   0.0000   0.0000    0.351
   279   0.0000   8.3759   2.2130  -0.0000   0.0000  -0.0000  -0.0000  -0.0000   0.0000   0.0000   0.0000    0.344
   280   0.0000   8.3415   2.1438  -0.0000   0.0000  -0.0000  -0.0000  -0.0000   0.0000   0.0000   0.0000    0.331
   281   0.0000   8.3161   1.0586  -0.0000   0.0000  -0.0000  -0.0000  -0.0000   0.0000   0.0000   0.0000    0.324
   282   0.0000   8.3408   2.0186  -0.0000   0.0000  -0.0000  -0.0000  -0.0000   0.0000   0.0000   0.0000    0.310
   283   0.0000   8.4051   1.9566  -0.0000   0.0000  -0.0000  -0.0000  -0.0000   0.0000   0.0000   0.0000    0.309
   284   0.0000   8.4668   1.8878  -0.0000   0.0000  -0.0000  -0.0000  -0.0000   0.0000   0.0000   0.0000    0.307
   285   0.0000   8.5257   1.8121  -0.0000   0.0000  -0.0000  -0.0000  -0.0000   0.0000   0.0000   0.0000    0.304
   286   0.0000   8.5817   1.7299  -0.0000   0.0000  -0.0000  -0.0000  -0.0000   0.0000   0.0000   0.0000    0.301
   287   0.0000   8.6348   1.6413  -0.0000   0.0000  -0.0000  -0.0000  -0.0000   0.0000   0.0000   0.0000    0.295
   288   0.0000   8.6846   1.5465  -0.0000   0.0000  -0.0000  -0.0000  -0.0000   0.0000   0.0000   0.0000    0.289
   289   0.0000   8.7311   1.4459  -0.0000   0.0000  -0.0000  -0.0000  -0.0000   0.0000   0.0000   0.0000    0.281
   290   0.0000   8.7742   1.3399  -0.0000   0.0000  -0.0000  -0.0000  -0.0000   0.0000   0.0000   0.0000    0.279
   291   0.0000   8.8137   1.2286  -0.0000   0.0000  -0.0000  -0.0000  -0.0000   0.0000   0.0000   0.0000    0.276
   292   0.0000   8.8496   1.1127  -0.0000   0.0000  -0.0000  -0.0000  -0.0000   0.0000   0.0000   0.0000    0.278
   293   0.0000   8.8817   0.9923  -0.0000   0.0000  -0.0000  -0.0000  -0.0000   0.0000   0.0000   0.0000    0.279
   294   0.0000   8.9100   0.8681  -0.0000   0.0000  -0.0000  -0.0000   0.0000   0.0000   0.0000   0.0000    0.281
   295   0.0000   8.9344   0.7405  -0.0000   0.0000  -0.0000  -0.0000  -0.0000   0.0000   0.0000   0.0000    0.283
   296   0.0000   8.9548   0.6099  -0.0000   0.0000  -0.0000  -0.0000  -0.0000   0.0000   0.0000   0.0000    0.282
   297   0.0000   8.9713   0.4769  -0.0000  -0.0000  -0.0000  -0.0000  -0.0000   0.0000   0.0000   0.0000    0.286
   298   0.0000   8.9836   0.3420  -0.0000  -0.0000  -0.0000  -0.0000  -0.0000   0.0000   0.0000   0.0000    0.295
   299   0.0000   8.9919   0.2058  -0.0000  -0.0000  -0.0000  -0.0000  -0.0000   0.0000   0.0000   0.0000    0.286
   300   0.0000   8.9960   0.0687  -0.0000  -0.0000  -0.0000  -0.0000  -0.0000   0.0000   0.0000   0.0000    0.285
 ---------------------------------------------------------------
