 ---------------------------------------------------------------
 Surface and Strip Forces by surface

  Forces referred to Sref, Cref, Bref about Xref, Yref, Zref
 Standard axis orientation,  X fwd, Z down         

  Surface # 1     main_wing                               
     # Chordwise =  5   # Spanwise = 60     First strip =  1
     Surface area =  531.821899       Ave. chord =    8.117932
     CLsurf  =   0.31461     Clsurf  =   0.01697
     CYsurf  =   0.03320     Cmsurf  =   0.49381
     CDsurf  =   0.00808     Cnsurf  =   0.00761
     CDisurf =   0.00808     CDvsurf =   0.00000

  Forces referred to Ssurf, Cave about hinge axis thru LE
     CLsurf  =   0.33596     CDsurf  =   0.00859
     Deflect =

 Strip Forces referred to Strip Area, Chord
    j      Yle    Chord     Area     c cl      ai      cl_norm  cl       cd       cdv    cm_c/4    cm_LE  C.P.x/c
     1 -33.8694   3.4668   0.1562   0.0959   0.0140   0.0358   0.0274   0.0041   0.0000   0.0001  -0.0061    0.248
     2 -33.7795   3.4884   0.4712   0.2861   0.0129   0.1068   0.0817   0.0076   0.0000  -0.0000  -0.0182    0.250
     3 -33.5999   3.5316   0.7937   0.4725   0.0107   0.1745   0.1334   0.0098   0.0000  -0.0005  -0.0300    0.253
     4 -33.3310   3.5963   1.1284   0.6535   0.0085   0.2372   0.1814   0.0113   0.0000  -0.0011  -0.0412    0.256
     5 -32.9737   3.6822   1.4800   0.8290   0.0067   0.2941   0.2249   0.0123   0.0000  -0.0015  -0.0512    0.257
     6 -32.5289   3.7892   1.8529   0.9990   0.0058   0.3445   0.2635   0.0130   0.0000  -0.0018  -0.0600    0.257
     7 -31.9979   3.9169   2.2511   1.1641   0.0061   0.3885   0.2972   0.0132   0.0000  -0.0019  -0.0675    0.256
     8 -31.3820   4.0650   2.6784   1.3255   0.0082   0.4264   0.3262   0.0131   0.0000  -0.0019  -0.0739    0.256
     9 -30.6830   4.2331   3.1377   1.4843   0.0124   0.4587   0.3508   0.0129   0.0000  -0.0018  -0.0792    0.255
    10 -29.9028   4.4207   3.6318   1.6417   0.0180   0.4859   0.3717   0.0126   0.0000  -0.0018  -0.0838    0.255
    11 -29.0436   4.6274   4.1628   1.7990   0.0241   0.5088   0.3892   0.0122   0.0000  -0.0017  -0.0875    0.254
    12 -28.1076   4.8525   4.7322   1.9576   0.0296   0.5281   0.4039   0.0118   0.0000  -0.0016  -0.0907    0.254
    13 -27.0975   5.0954   5.3406   2.1184   0.0339   0.5444   0.4164   0.0111   0.0000  -0.0016  -0.0934    0.254
    14 -26.0160   5.3555   5.9884   2.2827   0.0369   0.5582   0.4269   0.0106   0.0000  -0.0016  -0.0957    0.254
    15 -24.8660   5.6320   6.6749   2.4509   0.0390   0.5699   0.4359   0.0108   0.0000  -0.0017  -0.0978    0.254
    16 -23.6509   5.9243   7.3989   2.6245   0.0402   0.5802   0.4438   0.0103   0.0000  -0.0018  -0.0996    0.254
    17 -22.3737   6.2314   8.1583   2.8047   0.0411   0.5895   0.4509   0.0104   0.0000  -0.0019  -0.1013    0.254
    18 -21.0382   6.5526   8.9505   2.9921   0.0419   0.5981   0.4575   0.0100   0.0000  -0.0022  -0.1030    0.255
    19 -19.6479   6.8870   9.7721   3.1903   0.0429   0.6068   0.4641   0.0098   0.0000  -0.0026  -0.1049    0.256
    20 -18.2066   7.2336  10.6191   3.3975   0.0440   0.6153   0.4706   0.0099   0.0000  -0.0033  -0.1069    0.257
    21 -16.7183   7.5915  11.4867   3.6213   0.0447   0.6248   0.4779   0.0103   0.0000  -0.0043  -0.1094    0.259
    22 -15.2178   8.0270  11.9769   3.8710   0.0459   0.6593   0.4832   0.0100   0.0000  -0.0051  -0.1101    0.261
    23 -13.7104   8.5416  13.0453   4.1570   0.0510   0.6653   0.4876   0.0101   0.0000  -0.0056  -0.1115    0.261
    24 -12.1700   9.0674  14.1297   4.4771   0.0583   0.6750   0.4947   0.0104   0.0000  -0.0064  -0.1138    0.263
    25 -10.6007   9.6031  15.2212   4.8245   0.0740   0.6868   0.5034   0.0104   0.0000  -0.0067  -0.1159    0.263
    26  -9.0069  10.1472  16.3110   5.0824   0.0767   0.6849   0.5019   0.0093   0.0000   0.0012  -0.1086    0.248
    27  -7.3929  10.6981  17.3891   5.2387   0.0669   0.6699   0.4910   0.0064   0.0000   0.0153  -0.0937    0.219
    28  -5.7632  11.2544  18.4457   5.3988   0.0634   0.6566   0.4812   0.0032   0.0000   0.0305  -0.0781    0.187
    29  -4.1222  11.8146  19.4706   5.6145   0.0834   0.6515   0.4775  -0.0059   0.0000   0.0490  -0.0606    0.147
    30  -2.4745  12.3771  20.4537   5.5130   0.0703   0.6182   0.4531  -0.0692   0.0000   0.1422   0.0285   -0.064
    31  -0.8244  12.9404  21.3846   7.8088   0.0792   0.8208   0.6015   0.0481   0.0000   0.0805  -0.0608    0.116
    32   0.9182  12.9083  23.7257  -1.3754   0.0690  -0.1250  -0.1048  -0.0242   0.0000   0.0208   0.0418    0.449
    33   2.7484  12.2836  22.4535   1.1175   0.0675   0.1028   0.0862   0.0590   0.0000  -0.0678  -0.0800    1.036
    34   4.4877  11.7153  19.4048   1.0346   0.0654   0.1017   0.0881   0.0065   0.0000  -0.0307  -0.0476    0.599
    35   6.1324  11.2044  18.3531   1.2806   0.0633   0.1315   0.1139   0.0098   0.0000  -0.0208  -0.0444    0.432
    36   7.7566  10.6999  17.2824   1.4828   0.0612   0.1595   0.1381   0.0117   0.0000  -0.0167  -0.0461    0.371
    37   9.3557  10.2031  16.2020   1.6568   0.0591   0.1869   0.1619   0.0129   0.0000  -0.0136  -0.0486    0.334
    38  10.9254   9.7155  15.1207   1.8440   0.0571   0.2186   0.1893   0.0137   0.0000  -0.0107  -0.0522    0.307
    39  12.4615   9.2384  14.0466   2.0274   0.0553   0.2530   0.2191   0.0141   0.0000  -0.0080  -0.0564    0.287
    40  13.9597   8.7730  12.9878   2.1752   0.0536   0.2860   0.2476   0.0141   0.0000  -0.0059  -0.0608    0.274
    41  15.4158   8.3206  11.9513   2.2805   0.0521   0.3163   0.2739   0.0139   0.0000  -0.0043  -0.0652    0.266
    42  16.8260   7.8826  10.9433   2.3455   0.0507   0.3435   0.2975   0.0137   0.0000  -0.0032  -0.0695    0.261
    43  18.1863   7.4600   9.9701   2.3770   0.0494   0.3680   0.3187   0.0133   0.0000  -0.0023  -0.0734    0.257
    44  19.4930   7.0541   9.0360   2.3821   0.0482   0.3901   0.3379   0.0129   0.0000  -0.0018  -0.0772    0.255
    45  20.7425   6.6660   8.1454   2.3658   0.0470   0.4101   0.3552   0.0125   0.0000  -0.0014  -0.0807    0.254
    46  22.2285   6.2664  10.9447   2.3252   0.0466   0.4428   0.3715   0.0114   0.0000  -0.0007  -0.0827    0.252
    47  23.9231   5.8588   9.6545   2.2616   0.0479   0.4608   0.3866   0.0103   0.0000   0.0011  -0.0845    0.247
    48  25.2257   5.5456   5.3842   2.1801   0.0498   0.4694   0.3939   0.0088   0.0000   0.0030  -0.0843    0.242
    49  26.1614   5.3206   4.8063   2.0971   0.0517   0.4707   0.3949   0.0081   0.0000   0.0049  -0.0828    0.237
    50  27.0284   5.1121   4.2600   2.0009   0.0539   0.4675   0.3923   0.0072   0.0000   0.0072  -0.0802    0.232
    51  27.8244   4.9206   3.7446   1.8900   0.0565   0.4589   0.3850   0.0060   0.0000   0.0099  -0.0761    0.224
    52  28.5471   4.7468   3.2592   1.7618   0.0592   0.4436   0.3722   0.0045   0.0000   0.0129  -0.0705    0.215
    53  29.1945   4.5911   2.8021   1.6153   0.0619   0.4206   0.3529   0.0030   0.0000   0.0161  -0.0635    0.204
    54  29.7650   4.4539   2.3712   1.4503   0.0645   0.3894   0.3267   0.0015   0.0000   0.0189  -0.0551    0.192
    55  30.2570   4.3356   1.9639   1.2660   0.0667   0.3494   0.2931  -0.0003   0.0000   0.0210  -0.0458    0.178
    56  30.6690   4.2365   1.5773   1.0639   0.0686   0.3006   0.2522  -0.0017   0.0000   0.0217  -0.0362    0.164
    57  30.9999   4.1569   1.2082   0.8456   0.0702   0.2437   0.2045  -0.0032   0.0000   0.0204  -0.0268    0.150
    58  31.2490   4.0971   0.8529   0.6142   0.0713   0.1799   0.1509  -0.0048   0.0000   0.0168  -0.0181    0.139
    59  31.4154   4.0570   0.5077   0.3727   0.0720   0.1106   0.0928  -0.0067   0.0000   0.0110  -0.0105    0.131
    60  31.4987   4.0370   0.1685   0.1249   0.0724   0.0377   0.0316  -0.0064   0.0000   0.0038  -0.0034    0.129

  Surface # 2     main_wing (YDUP)                        
     # Chordwise =  5   # Spanwise = 60     First strip = 61
     Surface area =  531.821899       Ave. chord =    8.117932
     CLsurf  =   0.31461     Clsurf  =  -0.01697
     CYsurf  =  -0.03320     Cmsurf  =   0.49381
     CDsurf  =   0.00808     Cnsurf  =  -0.00761
     CDisurf =   0.00808     CDvsurf =   0.00000

  Forces referred to Ssurf, Cave about hinge axis thru LE
     CLsurf  =   0.33596     CDsurf  =   0.00859
     Deflect =

 Strip Forces referred to Strip Area, Chord
    j      Yle    Chord     Area     c cl      ai      cl_norm  cl       cd       cdv    cm_c/4    cm_LE  C.P.x/c
    61  33.8694   3.4668   0.1562   0.0959   0.0140   0.0358   0.0274   0.0041   0.0000   0.0001   0.0061    0.248
    62  33.7795   3.4884   0.4712   0.2861   0.0129   0.1068   0.0817   0.0076   0.0000  -0.0000   0.0182    0.250
    63  33.5999   3.5316   0.7937   0.4725   0.0107   0.1745   0.1334   0.0098   0.0000  -0.0005   0.0300    0.253
    64  33.3310   3.5963   1.1284   0.6535   0.0085   0.2372   0.1814   0.0113   0.0000  -0.0011   0.0412    0.256
    65  32.9737   3.6822   1.4800   0.8290   0.0067   0.2941   0.2249   0.0123   0.0000  -0.0015   0.0512    0.257
    66  32.5289   3.7892   1.8529   0.9990   0.0058   0.3445   0.2635   0.0130   0.0000  -0.0018   0.0600    0.257
    67  31.9979   3.9169   2.2511   1.1641   0.0061   0.3885   0.2972   0.0132   0.0000  -0.0019   0.0675    0.256
    68  31.3820   4.0650   2.6784   1.3255   0.0082   0.4264   0.3262   0.0131   0.0000  -0.0019   0.0739    0.256
    69  30.6830   4.2331   3.1377   1.4843   0.0124   0.4587   0.3508   0.0129   0.0000  -0.0018   0.0792    0.255
    70  29.9028   4.4207   3.6318   1.6417   0.0180   0.4859   0.3717   0.0126   0.0000  -0.0018   0.0838    0.255
    71  29.0436   4.6274   4.1628   1.7990   0.0241   0.5088   0.3892   0.0122   0.0000  -0.0017   0.0875    0.254
    72  28.1076   4.8525   4.7322   1.9576   0.0296   0.5281   0.4039   0.0118   0.0000  -0.0016   0.0907    0.254
    73  27.0975   5.0954   5.3406   2.1184   0.0339   0.5444   0.4164   0.0111   0.0000  -0.0016   0.0934    0.254
    74  26.0160   5.3555   5.9884   2.2826   0.0369   0.5582   0.4269   0.0106   0.0000  -0.0016   0.0957    0.254
    75  24.8660   5.6320   6.6749   2.4509   0.0390   0.5699   0.4359   0.0108   0.0000  -0.0017   0.0978    0.254
    76  23.6509   5.9243   7.3989   2.6245   0.0402   0.5802   0.4438   0.0103   0.0000  -0.0018   0.0996    0.254
    77  22.3737   6.2314   8.1583   2.8047   0.0411   0.5895   0.4509   0.0104   0.0000  -0.0019   0.1013    0.254
    78  21.0382   6.5526   8.9505   2.9921   0.0419   0.5981   0.4575   0.0100   0.0000  -0.0022   0.1030    0.255
    79  19.6479   6.8870   9.7721   3.1903   0.0429   0.6068   0.4641   0.0098   0.0000  -0.0026   0.1049    0.256
    80  18.2066   7.2336  10.6191   3.3974   0.0440   0.6153   0.4706   0.0099   0.0000  -0.0033   0.1069    0.257
    81  16.7183   7.5915  11.4867   3.6213   0.0447   0.6248   0.4779   0.0103   0.0000  -0.0043   0.1094    0.259
    82  15.2178   8.0270  11.9769   3.8710   0.0459   0.6593   0.4832   0.0100   0.0000  -0.0051   0.1101    0.261
    83  13.7104   8.5416  13.0453   4.1570   0.0510   0.6653   0.4876   0.0101   0.0000  -0.0056   0.1115    0.261
    84  12.1700   9.0674  14.1297   4.4771   0.0583   0.6750   0.4947   0.0104   0.0000  -0.0064   0.1138    0.263
    85  10.6007   9.6031  15.2212   4.8245   0.0740   0.6868   0.5034   0.0104   0.0000  -0.0067   0.1159    0.263
    86   9.0069  10.1472  16.3110   5.0824   0.0767   0.6849   0.5019   0.0093   0.0000   0.0012   0.1086    0.248
    87   7.3929  10.6981  17.3891   5.2387   0.0669   0.6699   0.4910   0.0064   0.0000   0.0153   0.0937    0.219
    88   5.7632  11.2544  18.4457   5.3989   0.0634   0.6566   0.4812   0.0032   0.0000   0.0305   0.0781    0.187
    89   4.1222  11.8146  19.4706   5.6145   0.0834   0.6516   0.4775  -0.0059   0.0000   0.0490   0.0606    0.147
    90   2.4745  12.3771  20.4537   5.5130   0.0703   0.6182   0.4531  -0.0692   0.0000   0.1422  -0.0285   -0.064
    91   0.8244  12.9404  21.3846   7.8089   0.0792   0.8208   0.6015   0.0481   0.0000   0.0805   0.0608    0.116
    92  -0.9182  12.9083  23.7257  -1.3753   0.0690  -0.1250  -0.1048  -0.0242   0.0000   0.0208  -0.0418    0.449
    93  -2.7484  12.2836  22.4535   1.1175   0.0675   0.1028   0.0862   0.0590   0.0000  -0.0678   0.0800    1.036
    94  -4.4877  11.7153  19.4048   1.0346   0.0654   0.1017   0.0881   0.0065   0.0000  -0.0307   0.0476    0.599
    95  -6.1324  11.2044  18.3531   1.2806   0.0633   0.1315   0.1139   0.0098   0.0000  -0.0208   0.0444    0.432
    96  -7.7566  10.6999  17.2824   1.4828   0.0612   0.1595   0.1381   0.0117   0.0000  -0.0167   0.0461    0.371
    97  -9.3557  10.2031  16.2020   1.6568   0.0591   0.1869   0.1619   0.0129   0.0000  -0.0136   0.0486    0.334
    98 -10.9254   9.7155  15.1207   1.8440   0.0571   0.2186   0.1893   0.0137   0.0000  -0.0107   0.0522    0.307
    99 -12.4615   9.2384  14.0466   2.0274   0.0553   0.2530   0.2191   0.0141   0.0000  -0.0080   0.0564    0.287
   100 -13.9597   8.7730  12.9878   2.1752   0.0536   0.2860   0.2476   0.0141   0.0000  -0.0059   0.0608    0.274
   101 -15.4158   8.3206  11.9513   2.2805   0.0521   0.3163   0.2739   0.0139   0.0000  -0.0043   0.0652    0.266
   102 -16.8260   7.8826  10.9433   2.3455   0.0507   0.3435   0.2975   0.0137   0.0000  -0.0032   0.0695    0.261
   103 -18.1863   7.4600   9.9701   2.3769   0.0494   0.3680   0.3187   0.0133   0.0000  -0.0023   0.0734    0.257
   104 -19.4930   7.0541   9.0360   2.3821   0.0482   0.3901   0.3379   0.0129   0.0000  -0.0018   0.0772    0.255
   105 -20.7425   6.6660   8.1454   2.3658   0.0470   0.4101   0.3552   0.0125   0.0000  -0.0014   0.0807    0.254
   106 -22.2285   6.2664  10.9447   2.3252   0.0466   0.4428   0.3715   0.0114   0.0000  -0.0007   0.0827    0.252
   107 -23.9231   5.8588   9.6545   2.2616   0.0479   0.4608   0.3866   0.0103   0.0000   0.0011   0.0845    0.247
   108 -25.2257   5.5456   5.3842   2.1801   0.0498   0.4694   0.3939   0.0088   0.0000   0.0030   0.0843    0.242
   109 -26.1614   5.3206   4.8063   2.0971   0.0517   0.4707   0.3949   0.0081   0.0000   0.0049   0.0828    0.237
   110 -27.0284   5.1121   4.2600   2.0009   0.0539   0.4675   0.3923   0.0072   0.0000   0.0072   0.0802    0.232
   111 -27.8244   4.9206   3.7446   1.8900   0.0565   0.4589   0.3850   0.0060   0.0000   0.0099   0.0761    0.224
   112 -28.5471   4.7468   3.2592   1.7618   0.0592   0.4436   0.3722   0.0045   0.0000   0.0129   0.0705    0.215
   113 -29.1945   4.5911   2.8021   1.6153   0.0619   0.4206   0.3529   0.0030   0.0000   0.0161   0.0635    0.204
   114 -29.7650   4.4539   2.3712   1.4503   0.0645   0.3894   0.3267   0.0015   0.0000   0.0189   0.0551    0.192
   115 -30.2570   4.3356   1.9639   1.2660   0.0667   0.3494   0.2931  -0.0003   0.0000   0.0210   0.0458    0.178
   116 -30.6690   4.2365   1.5773   1.0639   0.0686   0.3006   0.2522  -0.0017   0.0000   0.0217   0.0362    0.164
   117 -30.9999   4.1569   1.2082   0.8456   0.0702   0.2437   0.2045  -0.0032   0.0000   0.0204   0.0268    0.150
   118 -31.2490   4.0971   0.8529   0.6142   0.0713   0.1799   0.1509  -0.0048   0.0000   0.0168   0.0181    0.139
   119 -31.4154   4.0570   0.5077   0.3727   0.0720   0.1106   0.0928  -0.0067   0.0000   0.0110   0.0105    0.131
   120 -31.4987   4.0370   0.1685   0.1249   0.0724   0.0377   0.0316  -0.0064   0.0000   0.0038   0.0034    0.129

  Surface # 3     horizontal_stabilizer                   
     # Chordwise =  5   # Spanwise = 60     First strip =121
     Surface area =   43.732090       Ave. chord =    4.269336
     CLsurf  =   0.01788     Clsurf  =  -0.00119
     CYsurf  =  -0.00012     Cmsurf  =  -0.06620
     CDsurf  =   0.00098     Cnsurf  =  -0.00001
     CDisurf =   0.00098     CDvsurf =   0.00000

  Forces referred to Ssurf, Cave about hinge axis thru LE
     CLsurf  =   0.23113     CDsurf  =   0.01266
     Deflect =

 Strip Forces referred to Strip Area, Chord
    j      Yle    Chord     Area     c cl      ai      cl_norm  cl       cd       cdv    cm_c/4    cm_LE  C.P.x/c
   121   0.0017   6.4035   0.0424   1.2143   0.0598   0.1555   0.1207   0.7957   0.0000  -0.0110  -0.0492    0.341
   122   0.0149   6.3980   0.1269   1.2162   0.0599   0.2347   0.1824   0.0961   0.0000  -0.0109  -0.0492    0.310
   123   0.0413   6.3870   0.2107   1.2164   0.0601   0.2416   0.1876   0.0406   0.0000  -0.0108  -0.0492    0.308
   124   0.0808   6.3705   0.2934   1.2164   0.0604   0.2438   0.1894   0.0258   0.0000  -0.0108  -0.0493    0.307
   125   0.1334   6.3486   0.3745   1.2163   0.0607   0.2454   0.1906   0.0194   0.0000  -0.0106  -0.0493    0.306
   126   0.1988   6.3213   0.4537   1.2174   0.0611   0.2470   0.1919   0.0165   0.0000  -0.0104  -0.0493    0.304
   127   0.2769   6.2888   0.5305   1.2176   0.0614   0.2485   0.1930   0.0151   0.0000  -0.0101  -0.0493    0.302
   128   0.3674   6.2510   0.6045   1.2180   0.0618   0.2501   0.1943   0.0147   0.0000  -0.0098  -0.0492    0.300
   129   0.4702   6.2082   0.6754   1.2179   0.0621   0.2520   0.1957   0.0137   0.0000  -0.0093  -0.0492    0.298
   130   0.5850   6.1604   0.7429   1.2176   0.0624   0.2539   0.1972   0.0137   0.0000  -0.0089  -0.0491    0.295
   131   0.7113   6.1077   0.8065   1.2184   0.0626   0.2563   0.1991   0.0133   0.0000  -0.0083  -0.0490    0.292
   132   0.8490   6.0503   0.8661   1.2180   0.0629   0.2587   0.2010   0.0130   0.0000  -0.0077  -0.0489    0.288
   133   1.0027   5.9862   0.9844   1.2168   0.0631   0.2612   0.2029   0.0134   0.0000  -0.0071  -0.0488    0.285
   134   1.1727   5.9153   1.0378   1.2161   0.0634   0.2642   0.2052   0.0128   0.0000  -0.0065  -0.0487    0.282
   135   1.3535   5.8400   1.0860   1.2145   0.0636   0.2673   0.2076   0.0130   0.0000  -0.0059  -0.0487    0.278
   136   1.5445   5.7604   1.1288   1.2127   0.0638   0.2706   0.2102   0.0130   0.0000  -0.0053  -0.0488    0.275
   137   1.7453   5.6767   1.1661   1.2099   0.0639   0.2741   0.2129   0.0122   0.0000  -0.0047  -0.0488    0.272
   138   1.9552   5.5892   1.1979   1.2067   0.0641   0.2776   0.2156   0.0125   0.0000  -0.0042  -0.0490    0.269
   139   2.1737   5.4981   1.2240   1.2038   0.0642   0.2815   0.2187   0.0124   0.0000  -0.0036  -0.0491    0.267
   140   2.4003   5.4037   1.2446   1.1983   0.0643   0.2852   0.2215   0.0122   0.0000  -0.0031  -0.0493    0.264
   141   2.6343   5.3061   1.2597   1.1913   0.0644   0.2888   0.2243   0.0122   0.0000  -0.0027  -0.0496    0.262
   142   2.8750   5.2058   1.2693   1.1849   0.0644   0.2928   0.2274   0.0121   0.0000  -0.0023  -0.0499    0.260
   143   3.1217   5.1030   1.2736   1.1770   0.0645   0.2967   0.2304   0.0124   0.0000  -0.0019  -0.0501    0.258
   144   3.3739   4.9978   1.2727   1.1680   0.0645   0.3006   0.2335   0.0125   0.0000  -0.0015  -0.0505    0.257
   145   3.6309   4.8907   1.2668   1.1580   0.0645   0.3047   0.2367   0.0116   0.0000  -0.0012  -0.0508    0.255
   146   3.8918   4.7820   1.2561   1.1467   0.0646   0.3085   0.2397   0.0120   0.0000  -0.0009  -0.0512    0.254
   147   4.1560   4.6718   1.2409   1.1355   0.0646   0.3128   0.2430   0.0114   0.0000  -0.0006  -0.0516    0.252
   148   4.4228   4.5606   1.2215   1.1334   0.0646   0.3197   0.2484   0.0126   0.0000  -0.0015  -0.0536    0.256
   149   4.6915   4.4486   1.1980   1.1075   0.0647   0.3204   0.2489   0.0114   0.0000   0.0001  -0.0523    0.250
   150   4.9613   4.3362   1.1710   1.0901   0.0647   0.3236   0.2514   0.0112   0.0000   0.0003  -0.0527    0.249
   151   5.2314   4.2236   1.1406   1.0735   0.0648   0.3271   0.2541   0.0119   0.0000   0.0007  -0.0529    0.247
   152   5.5012   4.1111   1.1072   1.0580   0.0649   0.3313   0.2573   0.0116   0.0000   0.0010  -0.0533    0.246
   153   5.7698   3.9992   1.0711   1.0358   0.0650   0.3335   0.2591   0.0107   0.0000   0.0013  -0.0534    0.245
   154   6.0367   3.8879   1.0327   1.0160   0.0652   0.3364   0.2613   0.0112   0.0000   0.0017  -0.0536    0.244
   155   6.3009   3.7778   0.9923   1.0895   0.0654   0.3712   0.2883   0.0135   0.0000  -0.0095  -0.0687    0.283
   156   6.5618   3.6690   0.9503   0.9722   0.0657   0.3411   0.2650   0.0113   0.0000   0.0025  -0.0537    0.241
   157   6.8188   3.5619   0.9070   0.9479   0.0660   0.3427   0.2662   0.0107   0.0000   0.0030  -0.0535    0.239
   158   7.0710   3.4568   0.8627   0.9167   0.0663   0.3416   0.2654   0.0094   0.0000   0.0043  -0.0522    0.234
   159   7.3177   3.3540   0.8178   0.8965   0.0668   0.3442   0.2674   0.0104   0.0000   0.0040  -0.0529    0.235
   160   7.5584   3.2536   0.7724   0.8686   0.0673   0.3438   0.2671   0.0105   0.0000   0.0047  -0.0522    0.232
   161   7.7924   3.1561   0.7270   0.8400   0.0678   0.3428   0.2663   0.0096   0.0000   0.0055  -0.0514    0.229
   162   8.0189   3.0617   0.6816   0.8097   0.0685   0.3406   0.2646   0.0101   0.0000   0.0063  -0.0504    0.226
   163   8.2375   2.9706   0.6366   0.7773   0.0691   0.3371   0.2618   0.0097   0.0000   0.0072  -0.0491    0.223
   164   8.4474   2.8831   0.5922   0.7432   0.0699   0.3322   0.2580   0.0085   0.0000   0.0081  -0.0474    0.218
   165   8.6482   2.7994   0.5486   0.7101   0.0706   0.3268   0.2539   0.0087   0.0000   0.0092  -0.0456    0.214
   166   8.8392   2.7198   0.5057   0.6763   0.0714   0.3205   0.2489   0.0079   0.0000   0.0099  -0.0440    0.210
   167   9.0200   2.6444   0.4639   0.6348   0.0722   0.3093   0.2403   0.0079   0.0000   0.0114  -0.0409    0.203
   168   9.1900   2.5736   0.4232   0.5959   0.0730   0.2984   0.2318   0.0070   0.0000   0.0125  -0.0382    0.196
   169   9.3488   2.5074   0.3837   0.5539   0.0737   0.2848   0.2213   0.0057   0.0000   0.0135  -0.0352    0.189
   170   9.4948   2.4465   0.3399   0.5128   0.0744   0.2703   0.2100   0.0054   0.0000   0.0144  -0.0320    0.182
   171   9.6277   2.3911   0.3034   0.4687   0.0751   0.2528   0.1964   0.0042   0.0000   0.0150  -0.0287    0.174
   172   9.7485   2.3408   0.2680   0.4231   0.0757   0.2332   0.1812   0.0033   0.0000   0.0153  -0.0252    0.166
   173   9.8566   2.2957   0.2336   0.3771   0.0763   0.2120   0.1646   0.0031   0.0000   0.0152  -0.0218    0.158
   174   9.9519   2.2560   0.2003   0.3388   0.0768   0.1938   0.1506   0.0021   0.0000   0.0127  -0.0209    0.166
   175  10.0341   2.2217   0.1678   0.2807   0.0772   0.1632   0.1268   0.0008   0.0000   0.0137  -0.0151    0.142
   176  10.1029   2.1930   0.1361   0.2310   0.0776   0.1362   0.1058  -0.0003   0.0000   0.0121  -0.0120    0.135
   177  10.1582   2.1700   0.1052   0.1806   0.0779   0.1077   0.0837  -0.0018   0.0000   0.0100  -0.0091    0.130
   178  10.1998   2.1526   0.0747   0.1294   0.0781   0.0780   0.0606  -0.0031   0.0000   0.0075  -0.0064    0.127
   179  10.2276   2.1410   0.0447   0.0777   0.0782   0.0474   0.0368  -0.0042   0.0000   0.0046  -0.0038    0.125
   180  10.2416   2.1352   0.0149   0.0259   0.0783   0.0161   0.0125  -0.0036   0.0000   0.0015  -0.0013    0.126

  Surface # 4     horizontal_stabilizer (YDUP)            
     # Chordwise =  5   # Spanwise = 60     First strip =181
     Surface area =   43.732090       Ave. chord =    4.269336
     CLsurf  =   0.01788     Clsurf  =   0.00119
     CYsurf  =   0.00012     Cmsurf  =  -0.06620
     CDsurf  =   0.00098     Cnsurf  =   0.00001
     CDisurf =   0.00098     CDvsurf =   0.00000

  Forces referred to Ssurf, Cave about hinge axis thru LE
     CLsurf  =   0.23113     CDsurf  =   0.01266
     Deflect =

 Strip Forces referred to Strip Area, Chord
    j      Yle    Chord     Area     c cl      ai      cl_norm  cl       cd       cdv    cm_c/4    cm_LE  C.P.x/c
   181  -0.0017   6.4035   0.0424   1.2143   0.0598   0.1555   0.1207   0.7957   0.0000  -0.0110   0.0492    0.341
   182  -0.0149   6.3980   0.1269   1.2162   0.0599   0.2347   0.1824   0.0961   0.0000  -0.0109   0.0492    0.310
   183  -0.0413   6.3870   0.2107   1.2164   0.0601   0.2416   0.1876   0.0406   0.0000  -0.0108   0.0492    0.308
   184  -0.0808   6.3705   0.2934   1.2164   0.0604   0.2438   0.1894   0.0258   0.0000  -0.0108   0.0493    0.307
   185  -0.1334   6.3486   0.3745   1.2163   0.0607   0.2454   0.1906   0.0194   0.0000  -0.0106   0.0493    0.306
   186  -0.1988   6.3213   0.4537   1.2174   0.0611   0.2470   0.1919   0.0165   0.0000  -0.0104   0.0493    0.304
   187  -0.2769   6.2888   0.5305   1.2176   0.0614   0.2485   0.1930   0.0151   0.0000  -0.0101   0.0493    0.302
   188  -0.3674   6.2510   0.6045   1.2180   0.0618   0.2501   0.1943   0.0147   0.0000  -0.0098   0.0492    0.300
   189  -0.4702   6.2082   0.6754   1.2179   0.0621   0.2520   0.1957   0.0137   0.0000  -0.0093   0.0492    0.298
   190  -0.5850   6.1604   0.7429   1.2176   0.0624   0.2539   0.1972   0.0137   0.0000  -0.0089   0.0491    0.295
   191  -0.7113   6.1077   0.8065   1.2184   0.0626   0.2563   0.1991   0.0133   0.0000  -0.0083   0.0490    0.292
   192  -0.8490   6.0503   0.8661   1.2180   0.0629   0.2587   0.2010   0.0130   0.0000  -0.0077   0.0489    0.288
   193  -1.0027   5.9862   0.9844   1.2168   0.0631   0.2612   0.2029   0.0134   0.0000  -0.0071   0.0488    0.285
   194  -1.1727   5.9153   1.0378   1.2161   0.0634   0.2642   0.2052   0.0128   0.0000  -0.0065   0.0487    0.282
   195  -1.3535   5.8400   1.0860   1.2145   0.0636   0.2673   0.2076   0.0130   0.0000  -0.0059   0.0487    0.278
   196  -1.5445   5.7604   1.1288   1.2127   0.0638   0.2706   0.2102   0.0130   0.0000  -0.0053   0.0488    0.275
   197  -1.7453   5.6767   1.1661   1.2099   0.0639   0.2741   0.2129   0.0122   0.0000  -0.0047   0.0488    0.272
   198  -1.9552   5.5892   1.1979   1.2067   0.0641   0.2776   0.2156   0.0125   0.0000  -0.0042   0.0490    0.269
   199  -2.1737   5.4981   1.2240   1.2038   0.0642   0.2815   0.2187   0.0124   0.0000  -0.0036   0.0491    0.267
   200  -2.4003   5.4037   1.2446   1.1983   0.0643   0.2852   0.2215   0.0122   0.0000  -0.0031   0.0493    0.264
   201  -2.6343   5.3061   1.2597   1.1913   0.0644   0.2888   0.2243   0.0122   0.0000  -0.0027   0.0496    0.262
   202  -2.8750   5.2058   1.2693   1.1849   0.0644   0.2928   0.2274   0.0121   0.0000  -0.0023   0.0499    0.260
   203  -3.1217   5.1030   1.2736   1.1770   0.0645   0.2967   0.2304   0.0124   0.0000  -0.0019   0.0501    0.258
   204  -3.3739   4.9978   1.2727   1.1680   0.0645   0.3006   0.2335   0.0125   0.0000  -0.0015   0.0505    0.257
   205  -3.6309   4.8907   1.2668   1.1580   0.0645   0.3047   0.2367   0.0116   0.0000  -0.0012   0.0508    0.255
   206  -3.8918   4.7820   1.2561   1.1466   0.0646   0.3085   0.2397   0.0120   0.0000  -0.0009   0.0512    0.254
   207  -4.1560   4.6718   1.2409   1.1355   0.0646   0.3128   0.2430   0.0114   0.0000  -0.0006   0.0516    0.252
   208  -4.4228   4.5606   1.2215   1.1334   0.0646   0.3197   0.2484   0.0126   0.0000  -0.0015   0.0536    0.256
   209  -4.6915   4.4486   1.1980   1.1075   0.0647   0.3204   0.2489   0.0114   0.0000   0.0001   0.0523    0.250
   210  -4.9613   4.3362   1.1710   1.0901   0.0647   0.3236   0.2514   0.0112   0.0000   0.0003   0.0527    0.249
   211  -5.2314   4.2236   1.1406   1.0735   0.0648   0.3271   0.2541   0.0119   0.0000   0.0007   0.0529    0.247
   212  -5.5012   4.1111   1.1072   1.0580   0.0649   0.3313   0.2573   0.0116   0.0000   0.0010   0.0533    0.246
   213  -5.7698   3.9992   1.0711   1.0358   0.0650   0.3335   0.2591   0.0107   0.0000   0.0013   0.0534    0.245
   214  -6.0367   3.8879   1.0327   1.0159   0.0652   0.3364   0.2613   0.0112   0.0000   0.0017   0.0536    0.244
   215  -6.3009   3.7778   0.9923   1.0895   0.0654   0.3712   0.2883   0.0135   0.0000  -0.0095   0.0687    0.283
   216  -6.5618   3.6690   0.9503   0.9722   0.0657   0.3411   0.2650   0.0113   0.0000   0.0025   0.0537    0.241
   217  -6.8188   3.5619   0.9070   0.9479   0.0660   0.3427   0.2662   0.0107   0.0000   0.0030   0.0535    0.239
   218  -7.0710   3.4568   0.8627   0.9167   0.0663   0.3416   0.2654   0.0094   0.0000   0.0043   0.0522    0.234
   219  -7.3177   3.3540   0.8178   0.8965   0.0668   0.3442   0.2674   0.0104   0.0000   0.0040   0.0529    0.235
   220  -7.5584   3.2536   0.7724   0.8685   0.0673   0.3438   0.2671   0.0105   0.0000   0.0047   0.0522    0.232
   221  -7.7924   3.1561   0.7270   0.8399   0.0678   0.3428   0.2663   0.0096   0.0000   0.0055   0.0514    0.229
   222  -8.0189   3.0617   0.6816   0.8097   0.0685   0.3406   0.2646   0.0101   0.0000   0.0063   0.0504    0.226
   223  -8.2375   2.9706   0.6366   0.7773   0.0691   0.3371   0.2618   0.0097   0.0000   0.0072   0.0491    0.223
   224  -8.4474   2.8831   0.5922   0.7432   0.0699   0.3322   0.2580   0.0085   0.0000   0.0081   0.0474    0.218
   225  -8.6482   2.7994   0.5486   0.7101   0.0706   0.3268   0.2539   0.0087   0.0000   0.0092   0.0456    0.214
   226  -8.8392   2.7198   0.5057   0.6763   0.0714   0.3205   0.2489   0.0079   0.0000   0.0099   0.0440    0.210
   227  -9.0200   2.6444   0.4639   0.6348   0.0722   0.3093   0.2403   0.0079   0.0000   0.0114   0.0409    0.203
   228  -9.1900   2.5736   0.4232   0.5959   0.0730   0.2984   0.2318   0.0070   0.0000   0.0125   0.0382    0.196
   229  -9.3488   2.5074   0.3837   0.5539   0.0737   0.2848   0.2213   0.0057   0.0000   0.0135   0.0352    0.189
   230  -9.4948   2.4465   0.3399   0.5128   0.0744   0.2703   0.2100   0.0054   0.0000   0.0144   0.0320    0.182
   231  -9.6277   2.3911   0.3034   0.4687   0.0751   0.2528   0.1964   0.0042   0.0000   0.0150   0.0287    0.174
   232  -9.7485   2.3408   0.2680   0.4231   0.0757   0.2332   0.1812   0.0033   0.0000   0.0153   0.0252    0.166
   233  -9.8566   2.2957   0.2336   0.3771   0.0763   0.2120   0.1646   0.0031   0.0000   0.0152   0.0218    0.158
   234  -9.9519   2.2560   0.2003   0.3388   0.0768   0.1938   0.1506   0.0021   0.0000   0.0127   0.0209    0.166
   235 -10.0341   2.2217   0.1678   0.2807   0.0772   0.1632   0.1268   0.0008   0.0000   0.0137   0.0151    0.142
   236 -10.1029   2.1930   0.1361   0.2310   0.0776   0.1362   0.1058  -0.0003   0.0000   0.0121   0.0120    0.135
   237 -10.1582   2.1700   0.1052   0.1806   0.0779   0.1077   0.0837  -0.0018   0.0000   0.0100   0.0091    0.130
   238 -10.1998   2.1526   0.0747   0.1294   0.0781   0.0780   0.0606  -0.0031   0.0000   0.0075   0.0064    0.127
   239 -10.2276   2.1410   0.0447   0.0777   0.0782   0.0474   0.0368  -0.0042   0.0000   0.0046   0.0038    0.125
   240 -10.2416   2.1352   0.0149   0.0259   0.0783   0.0161   0.0125  -0.0036   0.0000   0.0015   0.0013    0.126

  Surface # 5     vertical_stabilizer                     
     # Chordwise =  5   # Spanwise = 60     First strip =241
     Surface area =  102.378899       Ave. chord =    8.848652
     CLsurf  =   0.00000     Clsurf  =  -0.00000
     CYsurf  =  -0.00000     Cmsurf  =  -0.00000
     CDsurf  =  -0.00000     Cnsurf  =   0.00000
     CDisurf =  -0.00000     CDvsurf =   0.00000

  Forces referred to Ssurf, Cave about hinge axis thru LE
     CLsurf  =   0.00000     CDsurf  =  -0.00000
     Deflect =

 Strip Forces referred to Strip Area, Chord
    j      Yle    Chord     Area     c cl      ai      cl_norm  cl       cd       cdv    cm_c/4    cm_LE  C.P.x/c
   241   0.0000   9.4977   0.3694  -0.0000   0.0000  -0.0000  -0.0000   0.0000   0.0000  -0.0000  -0.0000   -0.131
   242   0.0000   9.4916   0.5095  -0.0000   0.0000  -0.0000  -0.0000   0.0000   0.0000  -0.0000  -0.0000   -0.123
   243   0.0000   9.4835   0.6485  -0.0000   0.0000  -0.0000  -0.0000  -0.0000   0.0000  -0.0000  -0.0000   -0.073
   244   0.0000   9.4735   0.7860  -0.0000   0.0000  -0.0000  -0.0000  -0.0000   0.0000  -0.0000   0.0000   -0.062
   245   0.0000   9.4616   0.9215  -0.0000   0.0000  -0.0000  -0.0000  -0.0000   0.0000  -0.0000  -0.0000   -0.110
   246   0.0000   9.4478   1.0544  -0.0000   0.0000  -0.0000  -0.0000  -0.0000   0.0000  -0.0000  -0.0000   -0.146
   247   0.0000   9.4321   1.1845  -0.0000  -0.0000  -0.0000  -0.0000  -0.0000   0.0000  -0.0000  -0.0000   -0.165
   248   0.0000   9.4149   1.2715  -0.0000  -0.0000  -0.0000  -0.0000  -0.0000   0.0000  -0.0000  -0.0000   -0.191
   249   0.0000   9.3962   1.3909  -0.0000  -0.0000  -0.0000  -0.0000  -0.0000   0.0000  -0.0000  -0.0000   -0.313
   250   0.0000   9.3758   1.5062  -0.0000  -0.0000  -0.0000  -0.0000  -0.0000   0.0000  -0.0000  -0.0000   -0.362
   251   0.0000   9.3538   1.6173  -0.0000  -0.0000  -0.0000  -0.0000  -0.0000   0.0000  -0.0000  -0.0000   -0.354
   252   0.0000   9.3301   1.7236  -0.0000  -0.0000  -0.0000  -0.0000  -0.0000   0.0000  -0.0000  -0.0000   -0.416
   253   0.0000   9.3050   1.8249  -0.0000  -0.0000  -0.0000  -0.0000  -0.0000   0.0000  -0.0000  -0.0000   -0.486
   254   0.0000   9.2783   1.9209  -0.0000   0.0000  -0.0000  -0.0000  -0.0000   0.0000  -0.0000  -0.0000   -0.535
   255   0.0000   9.2503   2.0113  -0.0000  -0.0000  -0.0000  -0.0000   0.0000   0.0000  -0.0000  -0.0000   -0.892
   256   0.0000   9.2209   2.0959  -0.0000  -0.0000  -0.0000  -0.0000   0.0000   0.0000  -0.0000  -0.0000
   257   0.0000   9.1902   2.1743  -0.0000  -0.0000  -0.0000  -0.0000  -0.0000   0.0000  -0.0000  -0.0000
   258   0.0000   9.1584   2.2465  -0.0000  -0.0000  -0.0000  -0.0000  -0.0000   0.0000  -0.0000  -0.0000
   259   0.0000   9.1254   2.3123   0.0000  -0.0000   0.0000   0.0000  -0.0000   0.0000  -0.0000  -0.0000
   260   0.0000   9.0915   2.3714   0.0000  -0.0000   0.0000   0.0000  -0.0000   0.0000  -0.0000  -0.0000    1.634
   261   0.0000   9.0566   2.4238   0.0000  -0.0000   0.0000   0.0000  -0.0000   0.0000  -0.0000  -0.0000    1.039
   262   0.0000   9.0208   2.4694   0.0000  -0.0000   0.0000   0.0000  -0.0000   0.0000  -0.0000  -0.0000    0.823
   263   0.0000   8.9842   2.5080   0.0000  -0.0000   0.0000   0.0000  -0.0000   0.0000  -0.0000  -0.0000    0.672
   264   0.0000   8.9470   2.5397   0.0000  -0.0000   0.0000   0.0000  -0.0000   0.0000  -0.0000  -0.0000    0.589
   265   0.0000   8.9093   2.5643   0.0000  -0.0000   0.0000   0.0000  -0.0000   0.0000  -0.0000  -0.0000    0.496
   266   0.0000   8.8710   2.5820   0.0000  -0.0000   0.0000   0.0000  -0.0000   0.0000  -0.0000  -0.0000    0.474
   267   0.0000   8.8324   2.5928   0.0000  -0.0000   0.0000   0.0000  -0.0000   0.0000  -0.0000  -0.0000    0.463
   268   0.0000   8.7935   2.5966   0.0000  -0.0000   0.0000   0.0000  -0.0000   0.0000  -0.0000  -0.0000    0.443
   269   0.0000   8.7544   2.5935   0.0000  -0.0000   0.0000   0.0000  -0.0000   0.0000  -0.0000  -0.0000    0.431
   270   0.0000   8.7152   2.5837   0.0000  -0.0000   0.0000   0.0000  -0.0000   0.0000  -0.0000  -0.0000    0.415
   271   0.0000   8.6761   2.5672   0.0000  -0.0000   0.0000   0.0000  -0.0000   0.0000  -0.0000  -0.0000    0.392
   272   0.0000   8.6371   2.5441   0.0000  -0.0000   0.0000   0.0000  -0.0000   0.0000  -0.0000  -0.0000    0.380
   273   0.0000   8.5983   2.5147   0.0000  -0.0000   0.0000   0.0000  -0.0000   0.0000  -0.0000  -0.0000    0.372
   274   0.0000   8.5598   2.4789   0.0000  -0.0000   0.0000   0.0000  -0.0000   0.0000  -0.0000  -0.0000    0.362
   275   0.0000   8.5218   2.4372   0.0000  -0.0000   0.0000   0.0000   0.0000   0.0000  -0.0000  -0.0000    0.348
   276   0.0000   8.4843   2.3895   0.0000  -0.0000   0.0000   0.0000  -0.0000   0.0000  -0.0000  -0.0000    0.334
   277   0.0000   8.4474   2.3361   0.0000  -0.0000   0.0000   0.0000  -0.0000   0.0000  -0.0000  -0.0000    0.312
   278   0.0000   8.4112   2.2772   0.0000  -0.0000   0.0000   0.0000  -0.0000   0.0000  -0.0000  -0.0000    0.303
   279   0.0000   8.3759   2.2130   0.0000  -0.0000   0.0000   0.0000  -0.0000   0.0000  -0.0000  -0.0000    0.296
   280   0.0000   8.3415   2.1438   0.0000  -0.0000   0.0000   0.0000  -0.0000   0.0000  -0.0000  -0.0000    0.283
   281   0.0000   8.3161   1.0586   0.0000  -0.0000   0.0000   0.0000  -0.0000   0.0000  -0.0000  -0.0000    0.275
   282   0.0000   8.3408   2.0186   0.0000  -0.0000   0.0000   0.0000  -0.0000   0.0000  -0.0000  -0.0000    0.295
   283   0.0000   8.4051   1.9566   0.0000  -0.0000   0.0000   0.0000  -0.0000   0.0000  -0.0000  -0.0000    0.294
   284   0.0000   8.4668   1.8878   0.0000  -0.0000   0.0000   0.0000  -0.0000   0.0000  -0.0000  -0.0000    0.293
   285   0.0000   8.5257   1.8121   0.0000  -0.0000   0.0000   0.0000  -0.0000   0.0000  -0.0000  -0.0000    0.290
   286   0.0000   8.5817   1.7299   0.0000  -0.0000   0.0000   0.0000  -0.0000   0.0000  -0.0000  -0.0000    0.286
   287   0.0000   8.6348   1.6413   0.0000  -0.0000   0.0000   0.0000  -0.0000   0.0000  -0.0000  -0.0000    0.280
   288   0.0000   8.6846   1.5465   0.0000  -0.0000   0.0000   0.0000  -0.0000   0.0000  -0.0000  -0.0000    0.274
   289   0.0000   8.7311   1.4459   0.0000  -0.0000   0.0000   0.0000  -0.0000   0.0000  -0.0000  -0.0000    0.265
   290   0.0000   8.7742   1.3399   0.0000  -0.0000   0.0000   0.0000  -0.0000   0.0000  -0.0000  -0.0000    0.263
   291   0.0000   8.8137   1.2286   0.0000  -0.0000   0.0000   0.0000  -0.0000   0.0000  -0.0000  -0.0000    0.260
   292   0.0000   8.8496   1.1127   0.0000   0.0000   0.0000   0.0000  -0.0000   0.0000  -0.0000  -0.0000    0.261
   293   0.0000   8.8817   0.9923   0.0000   0.0000   0.0000   0.0000  -0.0000   0.0000  -0.0000  -0.0000    0.262
   294   0.0000   8.9100   0.8681   0.0000   0.0000   0.0000   0.0000  -0.0000   0.0000  -0.0000  -0.0000    0.264
   295   0.0000   8.9344   0.7405   0.0000   0.0000   0.0000   0.0000  -0.0000   0.0000  -0.0000  -0.0000    0.265
   296   0.0000   8.9548   0.6099   0.0000   0.0000   0.0000   0.0000   0.0000   0.0000  -0.0000  -0.0000    0.264
   297   0.0000   8.9713   0.4769   0.0000   0.0000   0.0000   0.0000  -0.0000   0.0000  -0.0000  -0.0000    0.269
   298   0.0000   8.9836   0.3420   0.0000  -0.0000   0.0000   0.0000  -0.0000   0.0000  -0.0000  -0.0000    0.278
   299   0.0000   8.9919   0.2058   0.0000   0.0000   0.0000   0.0000  -0.0000   0.0000  -0.0000  -0.0000    0.268
   300   0.0000   8.9960   0.0687   0.0000  -0.0000   0.0000   0.0000  -0.0000   0.0000  -0.0000  -0.0000    0.268
 ---------------------------------------------------------------
