 ---------------------------------------------------------------
 Surface and Strip Forces by surface

  Forces referred to Sref, Cref, Bref about Xref, Yref, Zref
 Standard axis orientation,  X fwd, Z down         

  Surface # 1     main_wing                               
     # Chordwise =  5   # Spanwise = 60     First strip =  1
     Surface area =  531.821899       Ave. chord =    8.117932
     CLsurf  =   0.43892     Clsurf  =   0.02409
     CYsurf  =   0.05411     Cmsurf  =   0.68625
     CDsurf  =   0.01574     Cnsurf  =   0.01253
     CDisurf =   0.01574     CDvsurf =   0.00000

  Forces referred to Ssurf, Cave about hinge axis thru LE
     CLsurf  =   0.46920     CDsurf  =   0.01673
     Deflect =

 Strip Forces referred to Strip Area, Chord
    j      Yle    Chord     Area     c cl      ai      cl_norm  cl       cd       cdv    cm_c/4    cm_LE  C.P.x/c
     1 -33.8694   3.4668   0.1562   0.1338   0.0196   0.0493   0.0379   0.0080   0.0000   0.0000  -0.0085    0.249
     2 -33.7795   3.4884   0.4712   0.3993   0.0181   0.1477   0.1135   0.0148   0.0000  -0.0002  -0.0254    0.252
     3 -33.5999   3.5316   0.7937   0.6594   0.0150   0.2418   0.1858   0.0190   0.0000  -0.0009  -0.0420    0.255
     4 -33.3310   3.5963   1.1284   0.9121   0.0120   0.3290   0.2528   0.0221   0.0000  -0.0018  -0.0575    0.257
     5 -32.9737   3.6822   1.4800   1.1570   0.0094   0.4082   0.3136   0.0240   0.0000  -0.0025  -0.0716    0.258
     6 -32.5289   3.7892   1.8529   1.3942   0.0081   0.4784   0.3676   0.0254   0.0000  -0.0030  -0.0838    0.258
     7 -31.9979   3.9169   2.2511   1.6247   0.0085   0.5397   0.4147   0.0258   0.0000  -0.0032  -0.0943    0.258
     8 -31.3820   4.0650   2.6784   1.8499   0.0115   0.5926   0.4553   0.0256   0.0000  -0.0032  -0.1033    0.257
     9 -30.6830   4.2331   3.1377   2.0716   0.0173   0.6376   0.4899   0.0251   0.0000  -0.0032  -0.1108    0.256
    10 -29.9028   4.4207   3.6318   2.2913   0.0252   0.6756   0.5191   0.0246   0.0000  -0.0031  -0.1171    0.256
    11 -29.0436   4.6274   4.1628   2.5108   0.0337   0.7076   0.5437   0.0239   0.0000  -0.0030  -0.1224    0.255
    12 -28.1076   4.8525   4.7322   2.7321   0.0413   0.7345   0.5644   0.0230   0.0000  -0.0029  -0.1268    0.255
    13 -27.0975   5.0954   5.3406   2.9567   0.0473   0.7573   0.5819   0.0216   0.0000  -0.0029  -0.1306    0.255
    14 -26.0160   5.3555   5.9884   3.1860   0.0516   0.7767   0.5968   0.0206   0.0000  -0.0029  -0.1338    0.255
    15 -24.8660   5.6320   6.6749   3.4209   0.0545   0.7930   0.6093   0.0212   0.0000  -0.0030  -0.1367    0.255
    16 -23.6509   5.9243   7.3989   3.6631   0.0563   0.8075   0.6205   0.0200   0.0000  -0.0032  -0.1393    0.255
    17 -22.3737   6.2314   8.1583   3.9149   0.0575   0.8205   0.6304   0.0203   0.0000  -0.0035  -0.1417    0.255
    18 -21.0382   6.5526   8.9505   4.1766   0.0586   0.8326   0.6397   0.0196   0.0000  -0.0038  -0.1440    0.256
    19 -19.6479   6.8870   9.7721   4.4542   0.0600   0.8449   0.6492   0.0192   0.0000  -0.0044  -0.1466    0.257
    20 -18.2066   7.2336  10.6191   4.7429   0.0615   0.8566   0.6582   0.0194   0.0000  -0.0053  -0.1494    0.258
    21 -16.7183   7.5915  11.4867   5.0556   0.0625   0.8699   0.6684   0.0202   0.0000  -0.0068  -0.1530    0.260
    22 -15.2178   8.0270  11.9769   5.4061   0.0641   0.9177   0.6761   0.0196   0.0000  -0.0081  -0.1541    0.262
    23 -13.7104   8.5416  13.0453   5.8060   0.0713   0.9262   0.6823   0.0199   0.0000  -0.0088  -0.1561    0.263
    24 -12.1700   9.0674  14.1297   6.2538   0.0815   0.9397   0.6923   0.0203   0.0000  -0.0099  -0.1593    0.264
    25 -10.6007   9.6031  15.2212   6.7404   0.1035   0.9564   0.7046   0.0205   0.0000  -0.0103  -0.1623    0.265
    26  -9.0069  10.1472  16.3110   7.1027   0.1072   0.9541   0.7029   0.0183   0.0000   0.0006  -0.1522    0.249
    27  -7.3929  10.6981  17.3891   7.3237   0.0936   0.9340   0.6881   0.0127   0.0000   0.0202  -0.1315    0.221
    28  -5.7632  11.2544  18.4457   7.5480   0.0886   0.9160   0.6748   0.0064   0.0000   0.0414  -0.1096    0.189
    29  -4.1222  11.8146  19.4706   7.8217   0.1166   0.9072   0.6684  -0.0117   0.0000   0.0682  -0.0839    0.148
    30  -2.4745  12.3771  20.4537   7.5471   0.0983   0.8563   0.6309  -0.1364   0.0000   0.2021   0.0462   -0.070
    31  -0.8244  12.9404  21.3846  10.9515   0.1107   1.1416   0.8410   0.0944   0.0000   0.1123  -0.0851    0.116
    32   0.9182  12.9083  23.7257  -1.9328   0.0965  -0.1724  -0.1451  -0.0473   0.0000   0.0284   0.0579    0.446
    33   2.7484  12.2836  22.4535   1.8293   0.0943   0.1612   0.1356   0.1177   0.0000  -0.0927  -0.1149    0.933
    34   4.4877  11.7153  19.4048   1.4674   0.0914   0.1435   0.1246   0.0130   0.0000  -0.0421  -0.0661    0.588
    35   6.1324  11.2044  18.3531   1.7703   0.0885   0.1806   0.1569   0.0190   0.0000  -0.0289  -0.0615    0.434
    36   7.7566  10.6999  17.2824   2.0501   0.0855   0.2191   0.1903   0.0226   0.0000  -0.0233  -0.0638    0.372
    37   9.3557  10.2031  16.2020   2.2903   0.0826   0.2569   0.2231   0.0249   0.0000  -0.0190  -0.0673    0.335
    38  10.9254   9.7155  15.1207   2.5477   0.0799   0.3005   0.2610   0.0265   0.0000  -0.0150  -0.0721    0.308
    39  12.4615   9.2384  14.0466   2.8012   0.0773   0.3479   0.3022   0.0272   0.0000  -0.0113  -0.0779    0.288
    40  13.9597   8.7730  12.9878   3.0069   0.0749   0.3938   0.3420   0.0272   0.0000  -0.0084  -0.0841    0.275
    41  15.4158   8.3206  11.9513   3.1545   0.0728   0.4360   0.3787   0.0268   0.0000  -0.0062  -0.0902    0.266
    42  16.8260   7.8826  10.9433   3.2460   0.0709   0.4740   0.4117   0.0263   0.0000  -0.0046  -0.0961    0.261
    43  18.1863   7.4600   9.9701   3.2907   0.0691   0.5081   0.4413   0.0255   0.0000  -0.0035  -0.1016    0.258
    44  19.4930   7.0541   9.0360   3.2986   0.0674   0.5390   0.4681   0.0247   0.0000  -0.0027  -0.1068    0.256
    45  20.7425   6.6660   8.1454   3.2765   0.0657   0.5669   0.4923   0.0239   0.0000  -0.0022  -0.1117    0.255
    46  22.2285   6.2664  10.9447   3.2175   0.0651   0.6114   0.5146   0.0217   0.0000  -0.0014  -0.1145    0.253
    47  23.9231   5.8588   9.6545   3.1308   0.0670   0.6367   0.5359   0.0197   0.0000   0.0011  -0.1168    0.248
    48  25.2257   5.5456   5.3842   3.0176   0.0696   0.6489   0.5462   0.0167   0.0000   0.0038  -0.1166    0.243
    49  26.1614   5.3206   4.8063   2.9025   0.0723   0.6507   0.5477   0.0152   0.0000   0.0065  -0.1145    0.238
    50  27.0284   5.1121   4.2600   2.7689   0.0754   0.6463   0.5440   0.0135   0.0000   0.0096  -0.1108    0.232
    51  27.8244   4.9206   3.7446   2.6153   0.0790   0.6345   0.5341   0.0112   0.0000   0.0134  -0.1052    0.225
    52  28.5471   4.7468   3.2592   2.4373   0.0828   0.6133   0.5163   0.0084   0.0000   0.0176  -0.0975    0.216
    53  29.1945   4.5911   2.8021   2.2343   0.0866   0.5817   0.4896   0.0053   0.0000   0.0219  -0.0877    0.205
    54  29.7650   4.4539   2.3712   2.0059   0.0901   0.5387   0.4534   0.0026   0.0000   0.0259  -0.0761    0.193
    55  30.2570   4.3356   1.9639   1.7507   0.0933   0.4834   0.4069  -0.0009   0.0000   0.0288  -0.0633    0.179
    56  30.6690   4.2365   1.5773   1.4711   0.0960   0.4161   0.3503  -0.0036   0.0000   0.0297  -0.0499    0.165
    57  30.9999   4.1569   1.2082   1.1691   0.0981   0.3376   0.2841  -0.0064   0.0000   0.0280  -0.0369    0.151
    58  31.2490   4.0971   0.8529   0.8493   0.0997   0.2495   0.2100  -0.0095   0.0000   0.0231  -0.0250    0.140
    59  31.4154   4.0570   0.5077   0.5152   0.1007   0.1539   0.1296  -0.0132   0.0000   0.0151  -0.0144    0.133
    60  31.4987   4.0370   0.1685   0.1727   0.1012   0.0530   0.0446  -0.0125   0.0000   0.0052  -0.0047    0.132

  Surface # 2     main_wing (YDUP)                        
     # Chordwise =  5   # Spanwise = 60     First strip = 61
     Surface area =  531.821899       Ave. chord =    8.117932
     CLsurf  =   0.43892     Clsurf  =  -0.02409
     CYsurf  =  -0.05411     Cmsurf  =   0.68625
     CDsurf  =   0.01574     Cnsurf  =  -0.01253
     CDisurf =   0.01574     CDvsurf =   0.00000

  Forces referred to Ssurf, Cave about hinge axis thru LE
     CLsurf  =   0.46920     CDsurf  =   0.01673
     Deflect =

 Strip Forces referred to Strip Area, Chord
    j      Yle    Chord     Area     c cl      ai      cl_norm  cl       cd       cdv    cm_c/4    cm_LE  C.P.x/c
    61  33.8694   3.4668   0.1562   0.1338   0.0196   0.0493   0.0379   0.0080   0.0000   0.0000   0.0085    0.249
    62  33.7795   3.4884   0.4712   0.3993   0.0181   0.1477   0.1135   0.0148   0.0000  -0.0002   0.0254    0.252
    63  33.5999   3.5316   0.7937   0.6594   0.0150   0.2418   0.1858   0.0190   0.0000  -0.0009   0.0420    0.255
    64  33.3310   3.5963   1.1284   0.9121   0.0120   0.3290   0.2528   0.0221   0.0000  -0.0018   0.0575    0.257
    65  32.9737   3.6822   1.4800   1.1570   0.0094   0.4082   0.3136   0.0240   0.0000  -0.0025   0.0716    0.258
    66  32.5289   3.7892   1.8529   1.3942   0.0081   0.4784   0.3676   0.0254   0.0000  -0.0030   0.0838    0.258
    67  31.9979   3.9169   2.2511   1.6247   0.0085   0.5397   0.4147   0.0258   0.0000  -0.0032   0.0943    0.258
    68  31.3820   4.0650   2.6784   1.8499   0.0115   0.5926   0.4553   0.0256   0.0000  -0.0032   0.1033    0.257
    69  30.6830   4.2331   3.1377   2.0716   0.0173   0.6376   0.4899   0.0251   0.0000  -0.0032   0.1108    0.256
    70  29.9028   4.4207   3.6318   2.2913   0.0252   0.6756   0.5191   0.0246   0.0000  -0.0031   0.1171    0.256
    71  29.0436   4.6274   4.1628   2.5108   0.0337   0.7076   0.5437   0.0239   0.0000  -0.0030   0.1224    0.255
    72  28.1076   4.8525   4.7322   2.7321   0.0413   0.7345   0.5644   0.0230   0.0000  -0.0029   0.1268    0.255
    73  27.0975   5.0954   5.3406   2.9567   0.0473   0.7573   0.5819   0.0216   0.0000  -0.0029   0.1306    0.255
    74  26.0160   5.3555   5.9884   3.1860   0.0516   0.7767   0.5968   0.0206   0.0000  -0.0029   0.1338    0.255
    75  24.8660   5.6320   6.6749   3.4209   0.0545   0.7930   0.6093   0.0212   0.0000  -0.0030   0.1367    0.255
    76  23.6509   5.9243   7.3989   3.6631   0.0563   0.8075   0.6205   0.0200   0.0000  -0.0032   0.1393    0.255
    77  22.3737   6.2314   8.1583   3.9149   0.0575   0.8205   0.6304   0.0203   0.0000  -0.0035   0.1417    0.255
    78  21.0382   6.5526   8.9505   4.1766   0.0586   0.8326   0.6397   0.0196   0.0000  -0.0038   0.1440    0.256
    79  19.6479   6.8870   9.7721   4.4542   0.0600   0.8449   0.6492   0.0192   0.0000  -0.0044   0.1466    0.257
    80  18.2066   7.2336  10.6191   4.7429   0.0615   0.8566   0.6582   0.0194   0.0000  -0.0053   0.1494    0.258
    81  16.7183   7.5915  11.4867   5.0556   0.0625   0.8699   0.6684   0.0202   0.0000  -0.0068   0.1530    0.260
    82  15.2178   8.0270  11.9769   5.4061   0.0641   0.9177   0.6761   0.0196   0.0000  -0.0081   0.1541    0.262
    83  13.7104   8.5416  13.0453   5.8060   0.0713   0.9262   0.6823   0.0199   0.0000  -0.0088   0.1561    0.263
    84  12.1700   9.0674  14.1297   6.2538   0.0815   0.9397   0.6923   0.0203   0.0000  -0.0099   0.1593    0.264
    85  10.6007   9.6031  15.2212   6.7404   0.1035   0.9564   0.7046   0.0205   0.0000  -0.0103   0.1623    0.265
    86   9.0069  10.1472  16.3110   7.1027   0.1072   0.9541   0.7029   0.0183   0.0000   0.0006   0.1522    0.249
    87   7.3929  10.6981  17.3891   7.3237   0.0936   0.9340   0.6881   0.0127   0.0000   0.0202   0.1315    0.221
    88   5.7632  11.2544  18.4457   7.5480   0.0886   0.9160   0.6748   0.0064   0.0000   0.0414   0.1096    0.189
    89   4.1222  11.8146  19.4706   7.8217   0.1166   0.9072   0.6684  -0.0117   0.0000   0.0682   0.0839    0.148
    90   2.4745  12.3771  20.4537   7.5472   0.0983   0.8563   0.6309  -0.1364   0.0000   0.2021  -0.0462   -0.070
    91   0.8244  12.9404  21.3846  10.9516   0.1107   1.1416   0.8410   0.0944   0.0000   0.1123   0.0851    0.116
    92  -0.9182  12.9083  23.7257  -1.9327   0.0965  -0.1724  -0.1451  -0.0473   0.0000   0.0284  -0.0579    0.446
    93  -2.7484  12.2836  22.4535   1.8293   0.0943   0.1612   0.1356   0.1177   0.0000  -0.0927   0.1149    0.933
    94  -4.4877  11.7153  19.4048   1.4674   0.0914   0.1435   0.1246   0.0130   0.0000  -0.0421   0.0661    0.588
    95  -6.1324  11.2044  18.3531   1.7703   0.0885   0.1806   0.1569   0.0190   0.0000  -0.0289   0.0615    0.434
    96  -7.7566  10.6999  17.2824   2.0501   0.0855   0.2191   0.1903   0.0226   0.0000  -0.0233   0.0638    0.372
    97  -9.3557  10.2031  16.2020   2.2903   0.0826   0.2569   0.2231   0.0249   0.0000  -0.0190   0.0673    0.335
    98 -10.9254   9.7155  15.1207   2.5477   0.0799   0.3005   0.2610   0.0265   0.0000  -0.0150   0.0721    0.308
    99 -12.4615   9.2384  14.0466   2.8012   0.0773   0.3479   0.3022   0.0272   0.0000  -0.0113   0.0779    0.288
   100 -13.9597   8.7730  12.9878   3.0069   0.0749   0.3938   0.3420   0.0272   0.0000  -0.0084   0.0841    0.275
   101 -15.4158   8.3206  11.9513   3.1545   0.0728   0.4360   0.3787   0.0268   0.0000  -0.0062   0.0902    0.266
   102 -16.8260   7.8826  10.9433   3.2460   0.0709   0.4740   0.4117   0.0263   0.0000  -0.0046   0.0961    0.261
   103 -18.1863   7.4600   9.9701   3.2907   0.0691   0.5081   0.4413   0.0255   0.0000  -0.0035   0.1016    0.258
   104 -19.4930   7.0541   9.0360   3.2986   0.0674   0.5390   0.4681   0.0247   0.0000  -0.0027   0.1068    0.256
   105 -20.7425   6.6660   8.1454   3.2765   0.0657   0.5669   0.4923   0.0239   0.0000  -0.0022   0.1117    0.255
   106 -22.2285   6.2664  10.9447   3.2175   0.0651   0.6114   0.5146   0.0217   0.0000  -0.0014   0.1145    0.253
   107 -23.9231   5.8588   9.6545   3.1308   0.0670   0.6367   0.5359   0.0197   0.0000   0.0011   0.1168    0.248
   108 -25.2257   5.5456   5.3842   3.0176   0.0696   0.6489   0.5462   0.0167   0.0000   0.0038   0.1166    0.243
   109 -26.1614   5.3206   4.8063   2.9025   0.0723   0.6507   0.5477   0.0152   0.0000   0.0065   0.1145    0.238
   110 -27.0284   5.1121   4.2600   2.7689   0.0754   0.6463   0.5440   0.0135   0.0000   0.0096   0.1108    0.232
   111 -27.8244   4.9206   3.7446   2.6153   0.0790   0.6345   0.5341   0.0112   0.0000   0.0134   0.1052    0.225
   112 -28.5471   4.7468   3.2592   2.4373   0.0828   0.6133   0.5163   0.0084   0.0000   0.0176   0.0975    0.216
   113 -29.1945   4.5911   2.8021   2.2343   0.0866   0.5817   0.4896   0.0053   0.0000   0.0219   0.0877    0.205
   114 -29.7650   4.4539   2.3712   2.0059   0.0901   0.5387   0.4534   0.0026   0.0000   0.0259   0.0761    0.193
   115 -30.2570   4.3356   1.9639   1.7507   0.0933   0.4834   0.4069  -0.0009   0.0000   0.0288   0.0633    0.179
   116 -30.6690   4.2365   1.5773   1.4711   0.0960   0.4161   0.3503  -0.0036   0.0000   0.0297   0.0499    0.165
   117 -30.9999   4.1569   1.2082   1.1691   0.0981   0.3376   0.2841  -0.0064   0.0000   0.0280   0.0369    0.151
   118 -31.2490   4.0971   0.8529   0.8493   0.0997   0.2495   0.2100  -0.0095   0.0000   0.0231   0.0250    0.140
   119 -31.4154   4.0570   0.5077   0.5152   0.1007   0.1539   0.1296  -0.0132   0.0000   0.0151   0.0144    0.133
   120 -31.4987   4.0370   0.1685   0.1727   0.1012   0.0530   0.0446  -0.0125   0.0000   0.0052   0.0047    0.132

  Surface # 3     horizontal_stabilizer                   
     # Chordwise =  5   # Spanwise = 60     First strip =121
     Surface area =   43.732090       Ave. chord =    4.269336
     CLsurf  =   0.02494     Clsurf  =  -0.00168
     CYsurf  =  -0.00024     Cmsurf  =  -0.09289
     CDsurf  =   0.00191     Cnsurf  =  -0.00002
     CDisurf =   0.00191     CDvsurf =   0.00000

  Forces referred to Ssurf, Cave about hinge axis thru LE
     CLsurf  =   0.32243     CDsurf  =   0.02475
     Deflect =

 Strip Forces referred to Strip Area, Chord
    j      Yle    Chord     Area     c cl      ai      cl_norm  cl       cd       cdv    cm_c/4    cm_LE  C.P.x/c
   121   0.0017   6.4035   0.0424   1.6911   0.0836   0.0973   0.0757   1.5501   0.0000  -0.0154  -0.0686    0.454
   122   0.0149   6.3980   0.1269   1.6948   0.0838   0.3132   0.2439   0.1873   0.0000  -0.0151  -0.0685    0.312
   123   0.0413   6.3870   0.2107   1.6952   0.0840   0.3311   0.2577   0.0792   0.0000  -0.0151  -0.0686    0.309
   124   0.0808   6.3705   0.2934   1.6950   0.0844   0.3365   0.2619   0.0502   0.0000  -0.0150  -0.0686    0.307
   125   0.1334   6.3486   0.3745   1.6948   0.0849   0.3395   0.2643   0.0378   0.0000  -0.0148  -0.0686    0.306
   126   0.1988   6.3213   0.4537   1.6969   0.0854   0.3424   0.2665   0.0321   0.0000  -0.0145  -0.0687    0.305
   127   0.2769   6.2888   0.5305   1.6971   0.0859   0.3446   0.2683   0.0294   0.0000  -0.0141  -0.0687    0.303
   128   0.3674   6.2510   0.6045   1.6978   0.0864   0.3470   0.2701   0.0286   0.0000  -0.0136  -0.0686    0.300
   129   0.4702   6.2082   0.6754   1.6974   0.0868   0.3497   0.2722   0.0267   0.0000  -0.0130  -0.0685    0.298
   130   0.5850   6.1604   0.7429   1.6968   0.0872   0.3523   0.2742   0.0266   0.0000  -0.0124  -0.0684    0.295
   131   0.7113   6.1077   0.8065   1.6984   0.0876   0.3558   0.2770   0.0259   0.0000  -0.0115  -0.0682    0.292
   132   0.8490   6.0503   0.8661   1.6979   0.0880   0.3592   0.2796   0.0253   0.0000  -0.0108  -0.0681    0.289
   133   1.0027   5.9862   0.9844   1.6957   0.0883   0.3625   0.2822   0.0261   0.0000  -0.0099  -0.0680    0.285
   134   1.1727   5.9153   1.0378   1.6950   0.0886   0.3669   0.2856   0.0250   0.0000  -0.0091  -0.0679    0.282
   135   1.3535   5.8400   1.0860   1.6928   0.0889   0.3712   0.2889   0.0253   0.0000  -0.0082  -0.0679    0.278
   136   1.5445   5.7604   1.1288   1.6903   0.0892   0.3758   0.2925   0.0253   0.0000  -0.0074  -0.0680    0.275
   137   1.7453   5.6767   1.1661   1.6864   0.0894   0.3808   0.2964   0.0238   0.0000  -0.0065  -0.0680    0.272
   138   1.9552   5.5892   1.1979   1.6820   0.0896   0.3857   0.3002   0.0244   0.0000  -0.0058  -0.0682    0.269
   139   2.1737   5.4981   1.2240   1.6787   0.0897   0.3913   0.3046   0.0242   0.0000  -0.0050  -0.0685    0.267
   140   2.4003   5.4037   1.2446   1.6709   0.0899   0.3964   0.3086   0.0239   0.0000  -0.0044  -0.0688    0.264
   141   2.6343   5.3061   1.2597   1.6606   0.0900   0.4013   0.3124   0.0238   0.0000  -0.0038  -0.0691    0.262
   142   2.8750   5.2058   1.2693   1.6518   0.0901   0.4070   0.3168   0.0236   0.0000  -0.0032  -0.0695    0.260
   143   3.1217   5.1030   1.2736   1.6408   0.0901   0.4123   0.3210   0.0243   0.0000  -0.0026  -0.0699    0.258
   144   3.3739   4.9978   1.2727   1.6284   0.0902   0.4179   0.3253   0.0243   0.0000  -0.0021  -0.0704    0.257
   145   3.6309   4.8907   1.2668   1.6145   0.0902   0.4237   0.3298   0.0226   0.0000  -0.0017  -0.0709    0.255
   146   3.8918   4.7820   1.2561   1.5986   0.0903   0.4290   0.3340   0.0233   0.0000  -0.0012  -0.0714    0.254
   147   4.1560   4.6718   1.2409   1.5837   0.0903   0.4352   0.3388   0.0223   0.0000  -0.0008  -0.0720    0.252
   148   4.4228   4.5606   1.2215   1.5874   0.0904   0.4466   0.3476   0.0248   0.0000  -0.0029  -0.0757    0.258
   149   4.6915   4.4486   1.1980   1.5449   0.0904   0.4460   0.3471   0.0223   0.0000   0.0002  -0.0729    0.249
   150   4.9613   4.3362   1.1710   1.5199   0.0905   0.4503   0.3505   0.0218   0.0000   0.0004  -0.0734    0.249
   151   5.2314   4.2236   1.1406   1.4969   0.0906   0.4551   0.3542   0.0233   0.0000   0.0009  -0.0738    0.247
   152   5.5012   4.1111   1.1072   1.4770   0.0907   0.4614   0.3592   0.0226   0.0000   0.0014  -0.0744    0.246
   153   5.7698   3.9992   1.0711   1.4444   0.0909   0.4642   0.3613   0.0210   0.0000   0.0018  -0.0745    0.245
   154   6.0367   3.8879   1.0327   1.4172   0.0911   0.4683   0.3646   0.0218   0.0000   0.0023  -0.0747    0.244
   155   6.3009   3.7778   0.9923   1.5732   0.0914   0.5346   0.4161   0.0282   0.0000  -0.0197  -0.1042    0.297
   156   6.5618   3.6690   0.9503   1.3567   0.0918   0.4751   0.3698   0.0220   0.0000   0.0035  -0.0749    0.241
   157   6.8188   3.5619   0.9070   1.3227   0.0922   0.4774   0.3716   0.0208   0.0000   0.0042  -0.0747    0.239
   158   7.0710   3.4568   0.8627   1.2759   0.0928   0.4748   0.3696   0.0183   0.0000   0.0065  -0.0723    0.233
   159   7.3177   3.3540   0.8178   1.2513   0.0934   0.4797   0.3734   0.0204   0.0000   0.0056  -0.0738    0.235
   160   7.5584   3.2536   0.7724   1.2122   0.0941   0.4790   0.3729   0.0205   0.0000   0.0066  -0.0729    0.232
   161   7.7924   3.1561   0.7270   1.1726   0.0949   0.4779   0.3720   0.0189   0.0000   0.0077  -0.0717    0.229
   162   8.0189   3.0617   0.6816   1.1305   0.0957   0.4748   0.3696   0.0197   0.0000   0.0088  -0.0703    0.226
   163   8.2375   2.9706   0.6366   1.0851   0.0967   0.4698   0.3657   0.0190   0.0000   0.0100  -0.0685    0.223
   164   8.4474   2.8831   0.5922   1.0371   0.0977   0.4629   0.3604   0.0166   0.0000   0.0114  -0.0661    0.218
   165   8.6482   2.7994   0.5486   0.9918   0.0988   0.4559   0.3548   0.0171   0.0000   0.0129  -0.0637    0.214
   166   8.8392   2.7198   0.5057   0.9461   0.0998   0.4478   0.3486   0.0155   0.0000   0.0137  -0.0617    0.211
   167   9.0200   2.6444   0.4639   0.8862   0.1009   0.4313   0.3358   0.0154   0.0000   0.0160  -0.0571    0.202
   168   9.1900   2.5736   0.4232   0.8322   0.1020   0.4164   0.3241   0.0136   0.0000   0.0176  -0.0533    0.196
   169   9.3488   2.5074   0.3837   0.7732   0.1031   0.3973   0.3093   0.0112   0.0000   0.0188  -0.0491    0.189
   170   9.4948   2.4465   0.3399   0.7167   0.1041   0.3775   0.2938   0.0105   0.0000   0.0201  -0.0447    0.182
   171   9.6277   2.3911   0.3034   0.6548   0.1050   0.3532   0.2749   0.0083   0.0000   0.0209  -0.0400    0.174
   172   9.7485   2.3408   0.2680   0.5909   0.1059   0.3257   0.2535   0.0065   0.0000   0.0213  -0.0352    0.166
   173   9.8566   2.2957   0.2336   0.5269   0.1067   0.2961   0.2305   0.0061   0.0000   0.0213  -0.0304    0.158
   174   9.9519   2.2560   0.2003   0.4785   0.1074   0.2739   0.2132   0.0044   0.0000   0.0166  -0.0307    0.172
   175  10.0341   2.2217   0.1678   0.3922   0.1080   0.2283   0.1777   0.0016   0.0000   0.0191  -0.0211    0.142
   176  10.1029   2.1930   0.1361   0.3229   0.1085   0.1906   0.1484  -0.0005   0.0000   0.0169  -0.0167    0.136
   177  10.1582   2.1700   0.1052   0.2524   0.1089   0.1511   0.1176  -0.0035   0.0000   0.0140  -0.0127    0.131
   178  10.1998   2.1526   0.0747   0.1808   0.1092   0.1096   0.0853  -0.0060   0.0000   0.0104  -0.0089    0.128
   179  10.2276   2.1410   0.0447   0.1085   0.1094   0.0669   0.0521  -0.0082   0.0000   0.0064  -0.0053    0.127
   180  10.2416   2.1352   0.0149   0.0362   0.1094   0.0231   0.0179  -0.0070   0.0000   0.0022  -0.0017    0.130

  Surface # 4     horizontal_stabilizer (YDUP)            
     # Chordwise =  5   # Spanwise = 60     First strip =181
     Surface area =   43.732090       Ave. chord =    4.269336
     CLsurf  =   0.02494     Clsurf  =   0.00168
     CYsurf  =   0.00024     Cmsurf  =  -0.09289
     CDsurf  =   0.00191     Cnsurf  =   0.00002
     CDisurf =   0.00191     CDvsurf =   0.00000

  Forces referred to Ssurf, Cave about hinge axis thru LE
     CLsurf  =   0.32243     CDsurf  =   0.02475
     Deflect =

 Strip Forces referred to Strip Area, Chord
    j      Yle    Chord     Area     c cl      ai      cl_norm  cl       cd       cdv    cm_c/4    cm_LE  C.P.x/c
   181  -0.0017   6.4035   0.0424   1.6911   0.0836   0.0973   0.0757   1.5501   0.0000  -0.0154   0.0686    0.454
   182  -0.0149   6.3980   0.1269   1.6948   0.0838   0.3132   0.2439   0.1873   0.0000  -0.0151   0.0685    0.312
   183  -0.0413   6.3870   0.2107   1.6952   0.0841   0.3311   0.2577   0.0792   0.0000  -0.0151   0.0686    0.309
   184  -0.0808   6.3705   0.2934   1.6950   0.0844   0.3365   0.2619   0.0502   0.0000  -0.0150   0.0686    0.307
   185  -0.1334   6.3486   0.3745   1.6948   0.0849   0.3395   0.2643   0.0378   0.0000  -0.0148   0.0686    0.306
   186  -0.1988   6.3213   0.4537   1.6969   0.0854   0.3424   0.2665   0.0321   0.0000  -0.0145   0.0687    0.305
   187  -0.2769   6.2888   0.5305   1.6971   0.0859   0.3446   0.2683   0.0294   0.0000  -0.0141   0.0687    0.303
   188  -0.3674   6.2510   0.6045   1.6978   0.0864   0.3470   0.2701   0.0286   0.0000  -0.0136   0.0686    0.300
   189  -0.4702   6.2082   0.6754   1.6974   0.0868   0.3497   0.2722   0.0267   0.0000  -0.0130   0.0685    0.298
   190  -0.5850   6.1604   0.7429   1.6968   0.0872   0.3523   0.2742   0.0266   0.0000  -0.0124   0.0684    0.295
   191  -0.7113   6.1077   0.8065   1.6984   0.0876   0.3558   0.2770   0.0259   0.0000  -0.0115   0.0682    0.292
   192  -0.8490   6.0503   0.8661   1.6979   0.0880   0.3592   0.2796   0.0253   0.0000  -0.0108   0.0681    0.289
   193  -1.0027   5.9862   0.9844   1.6957   0.0883   0.3625   0.2822   0.0261   0.0000  -0.0099   0.0680    0.285
   194  -1.1727   5.9153   1.0378   1.6950   0.0886   0.3669   0.2856   0.0250   0.0000  -0.0091   0.0679    0.282
   195  -1.3535   5.8400   1.0860   1.6928   0.0889   0.3712   0.2889   0.0253   0.0000  -0.0082   0.0679    0.278
   196  -1.5445   5.7604   1.1288   1.6903   0.0892   0.3758   0.2925   0.0253   0.0000  -0.0074   0.0680    0.275
   197  -1.7453   5.6767   1.1661   1.6864   0.0894   0.3808   0.2964   0.0238   0.0000  -0.0065   0.0680    0.272
   198  -1.9552   5.5892   1.1979   1.6820   0.0896   0.3857   0.3002   0.0244   0.0000  -0.0058   0.0682    0.269
   199  -2.1737   5.4981   1.2240   1.6786   0.0897   0.3913   0.3046   0.0242   0.0000  -0.0050   0.0685    0.267
   200  -2.4003   5.4037   1.2446   1.6709   0.0899   0.3964   0.3086   0.0239   0.0000  -0.0044   0.0688    0.264
   201  -2.6343   5.3061   1.2597   1.6606   0.0900   0.4013   0.3124   0.0238   0.0000  -0.0038   0.0691    0.262
   202  -2.8750   5.2058   1.2693   1.6518   0.0901   0.4070   0.3168   0.0236   0.0000  -0.0032   0.0695    0.260
   203  -3.1217   5.1030   1.2736   1.6408   0.0901   0.4123   0.3210   0.0243   0.0000  -0.0026   0.0699    0.258
   204  -3.3739   4.9978   1.2727   1.6284   0.0902   0.4179   0.3253   0.0243   0.0000  -0.0021   0.0704    0.257
   205  -3.6309   4.8907   1.2668   1.6145   0.0902   0.4237   0.3298   0.0226   0.0000  -0.0017   0.0709    0.255
   206  -3.8918   4.7820   1.2561   1.5986   0.0903   0.4290   0.3339   0.0233   0.0000  -0.0012   0.0714    0.254
   207  -4.1560   4.6718   1.2409   1.5837   0.0903   0.4352   0.3388   0.0223   0.0000  -0.0008   0.0720    0.252
   208  -4.4228   4.5606   1.2215   1.5874   0.0904   0.4466   0.3476   0.0248   0.0000  -0.0029   0.0757    0.258
   209  -4.6915   4.4486   1.1980   1.5449   0.0904   0.4460   0.3471   0.0223   0.0000   0.0002   0.0729    0.249
   210  -4.9613   4.3362   1.1710   1.5199   0.0905   0.4503   0.3505   0.0218   0.0000   0.0004   0.0734    0.249
   211  -5.2314   4.2236   1.1406   1.4969   0.0906   0.4551   0.3542   0.0233   0.0000   0.0009   0.0738    0.247
   212  -5.5012   4.1111   1.1072   1.4770   0.0907   0.4614   0.3592   0.0226   0.0000   0.0014   0.0744    0.246
   213  -5.7698   3.9992   1.0711   1.4444   0.0909   0.4642   0.3613   0.0210   0.0000   0.0018   0.0745    0.245
   214  -6.0367   3.8879   1.0327   1.4172   0.0911   0.4683   0.3646   0.0218   0.0000   0.0023   0.0747    0.244
   215  -6.3009   3.7778   0.9923   1.5732   0.0914   0.5346   0.4161   0.0282   0.0000  -0.0197   0.1042    0.297
   216  -6.5618   3.6690   0.9503   1.3567   0.0918   0.4751   0.3698   0.0220   0.0000   0.0035   0.0749    0.241
   217  -6.8188   3.5619   0.9070   1.3227   0.0922   0.4774   0.3716   0.0208   0.0000   0.0042   0.0747    0.239
   218  -7.0710   3.4568   0.8627   1.2759   0.0928   0.4748   0.3696   0.0183   0.0000   0.0065   0.0723    0.233
   219  -7.3177   3.3540   0.8178   1.2513   0.0934   0.4797   0.3734   0.0204   0.0000   0.0056   0.0738    0.235
   220  -7.5584   3.2536   0.7724   1.2122   0.0941   0.4790   0.3729   0.0205   0.0000   0.0066   0.0729    0.232
   221  -7.7924   3.1561   0.7270   1.1726   0.0949   0.4779   0.3720   0.0189   0.0000   0.0077   0.0717    0.229
   222  -8.0189   3.0617   0.6816   1.1304   0.0957   0.4748   0.3696   0.0197   0.0000   0.0088   0.0703    0.226
   223  -8.2375   2.9706   0.6366   1.0851   0.0967   0.4698   0.3657   0.0190   0.0000   0.0100   0.0685    0.223
   224  -8.4474   2.8831   0.5922   1.0371   0.0977   0.4629   0.3604   0.0166   0.0000   0.0114   0.0661    0.218
   225  -8.6482   2.7994   0.5486   0.9918   0.0988   0.4559   0.3548   0.0171   0.0000   0.0129   0.0637    0.214
   226  -8.8392   2.7198   0.5057   0.9461   0.0998   0.4478   0.3486   0.0155   0.0000   0.0137   0.0617    0.211
   227  -9.0200   2.6444   0.4639   0.8862   0.1009   0.4313   0.3358   0.0154   0.0000   0.0160   0.0571    0.202
   228  -9.1900   2.5736   0.4232   0.8322   0.1020   0.4164   0.3241   0.0136   0.0000   0.0176   0.0533    0.196
   229  -9.3488   2.5074   0.3837   0.7732   0.1031   0.3973   0.3093   0.0112   0.0000   0.0188   0.0491    0.189
   230  -9.4948   2.4465   0.3399   0.7167   0.1041   0.3775   0.2938   0.0105   0.0000   0.0201   0.0447    0.182
   231  -9.6277   2.3911   0.3034   0.6548   0.1050   0.3532   0.2749   0.0083   0.0000   0.0209   0.0400    0.174
   232  -9.7485   2.3408   0.2680   0.5909   0.1059   0.3257   0.2535   0.0065   0.0000   0.0213   0.0352    0.166
   233  -9.8566   2.2957   0.2336   0.5269   0.1067   0.2961   0.2305   0.0061   0.0000   0.0213   0.0304    0.158
   234  -9.9519   2.2560   0.2003   0.4785   0.1074   0.2739   0.2132   0.0044   0.0000   0.0166   0.0307    0.172
   235 -10.0341   2.2217   0.1678   0.3922   0.1080   0.2283   0.1777   0.0016   0.0000   0.0191   0.0211    0.142
   236 -10.1029   2.1930   0.1361   0.3229   0.1085   0.1906   0.1484  -0.0005   0.0000   0.0169   0.0167    0.136
   237 -10.1582   2.1700   0.1052   0.2524   0.1089   0.1511   0.1176  -0.0035   0.0000   0.0140   0.0127    0.131
   238 -10.1998   2.1526   0.0747   0.1808   0.1092   0.1096   0.0853  -0.0060   0.0000   0.0104   0.0089    0.128
   239 -10.2276   2.1410   0.0447   0.1085   0.1094   0.0669   0.0521  -0.0082   0.0000   0.0064   0.0053    0.127
   240 -10.2416   2.1352   0.0149   0.0362   0.1094   0.0231   0.0179  -0.0070   0.0000   0.0022   0.0017    0.130

  Surface # 5     vertical_stabilizer                     
     # Chordwise =  5   # Spanwise = 60     First strip =241
     Surface area =  102.378899       Ave. chord =    8.848652
     CLsurf  =   0.00000     Clsurf  =  -0.00000
     CYsurf  =  -0.00000     Cmsurf  =  -0.00000
     CDsurf  =  -0.00000     Cnsurf  =   0.00000
     CDisurf =  -0.00000     CDvsurf =   0.00000

  Forces referred to Ssurf, Cave about hinge axis thru LE
     CLsurf  =   0.00000     CDsurf  =  -0.00000
     Deflect =

 Strip Forces referred to Strip Area, Chord
    j      Yle    Chord     Area     c cl      ai      cl_norm  cl       cd       cdv    cm_c/4    cm_LE  C.P.x/c
   241   0.0000   9.4977   0.3694  -0.0000   0.0000  -0.0000  -0.0000   0.0000   0.0000  -0.0000  -0.0000   -0.157
   242   0.0000   9.4916   0.5095  -0.0000   0.0000  -0.0000  -0.0000   0.0000   0.0000  -0.0000  -0.0000   -0.148
   243   0.0000   9.4835   0.6485  -0.0000   0.0000  -0.0000  -0.0000  -0.0000   0.0000  -0.0000   0.0000   -0.097
   244   0.0000   9.4735   0.7860  -0.0000  -0.0000  -0.0000  -0.0000  -0.0000   0.0000  -0.0000   0.0000   -0.086
   245   0.0000   9.4616   0.9215  -0.0000   0.0000  -0.0000  -0.0000  -0.0000   0.0000  -0.0000  -0.0000   -0.135
   246   0.0000   9.4478   1.0544  -0.0000  -0.0000  -0.0000  -0.0000  -0.0000   0.0000  -0.0000  -0.0000   -0.171
   247   0.0000   9.4321   1.1845  -0.0000  -0.0000  -0.0000  -0.0000  -0.0000   0.0000  -0.0000  -0.0000   -0.191
   248   0.0000   9.4149   1.2715  -0.0000  -0.0000  -0.0000  -0.0000  -0.0000   0.0000  -0.0000  -0.0000   -0.218
   249   0.0000   9.3962   1.3909  -0.0000   0.0000  -0.0000  -0.0000  -0.0000   0.0000  -0.0000  -0.0000   -0.342
   250   0.0000   9.3758   1.5062  -0.0000  -0.0000  -0.0000  -0.0000  -0.0000   0.0000  -0.0000  -0.0000   -0.392
   251   0.0000   9.3538   1.6173  -0.0000  -0.0000  -0.0000  -0.0000  -0.0000   0.0000  -0.0000  -0.0000   -0.384
   252   0.0000   9.3301   1.7236  -0.0000  -0.0000  -0.0000  -0.0000  -0.0000   0.0000  -0.0000  -0.0000   -0.447
   253   0.0000   9.3050   1.8249  -0.0000  -0.0000  -0.0000  -0.0000   0.0000   0.0000  -0.0000  -0.0000   -0.518
   254   0.0000   9.2783   1.9209  -0.0000  -0.0000  -0.0000  -0.0000  -0.0000   0.0000  -0.0000  -0.0000   -0.568
   255   0.0000   9.2503   2.0113  -0.0000  -0.0000  -0.0000  -0.0000   0.0000   0.0000  -0.0000  -0.0000   -0.931
   256   0.0000   9.2209   2.0959  -0.0000  -0.0000  -0.0000  -0.0000   0.0000   0.0000  -0.0000  -0.0000
   257   0.0000   9.1902   2.1743  -0.0000  -0.0000  -0.0000  -0.0000  -0.0000   0.0000  -0.0000  -0.0000
   258   0.0000   9.1584   2.2465  -0.0000  -0.0000  -0.0000  -0.0000   0.0000   0.0000  -0.0000  -0.0000
   259   0.0000   9.1254   2.3123   0.0000  -0.0000   0.0000   0.0000   0.0000   0.0000  -0.0000  -0.0000
   260   0.0000   9.0915   2.3714   0.0000  -0.0000   0.0000   0.0000  -0.0000   0.0000  -0.0000  -0.0000    1.654
   261   0.0000   9.0566   2.4238   0.0000  -0.0000   0.0000   0.0000   0.0000   0.0000  -0.0000  -0.0000    1.042
   262   0.0000   9.0208   2.4694   0.0000  -0.0000   0.0000   0.0000  -0.0000   0.0000  -0.0000  -0.0000    0.819
   263   0.0000   8.9842   2.5080   0.0000  -0.0000   0.0000   0.0000  -0.0000   0.0000  -0.0000  -0.0000    0.665
   264   0.0000   8.9470   2.5397   0.0000  -0.0000   0.0000   0.0000  -0.0000   0.0000  -0.0000  -0.0000    0.580
   265   0.0000   8.9093   2.5643   0.0000  -0.0000   0.0000   0.0000  -0.0000   0.0000  -0.0000  -0.0000    0.484
   266   0.0000   8.8710   2.5820   0.0000  -0.0000   0.0000   0.0000   0.0000   0.0000  -0.0000  -0.0000    0.462
   267   0.0000   8.8324   2.5928   0.0000  -0.0000   0.0000   0.0000  -0.0000   0.0000  -0.0000  -0.0000    0.451
   268   0.0000   8.7935   2.5966   0.0000  -0.0000   0.0000   0.0000  -0.0000   0.0000  -0.0000  -0.0000    0.431
   269   0.0000   8.7544   2.5935   0.0000  -0.0000   0.0000   0.0000  -0.0000   0.0000  -0.0000  -0.0000    0.418
   270   0.0000   8.7152   2.5837   0.0000  -0.0000   0.0000   0.0000  -0.0000   0.0000  -0.0000  -0.0000    0.402
   271   0.0000   8.6761   2.5672   0.0000  -0.0000   0.0000   0.0000  -0.0000   0.0000  -0.0000  -0.0000    0.379
   272   0.0000   8.6371   2.5441   0.0000  -0.0000   0.0000   0.0000  -0.0000   0.0000  -0.0000  -0.0000    0.367
   273   0.0000   8.5983   2.5147   0.0000  -0.0000   0.0000   0.0000  -0.0000   0.0000  -0.0000  -0.0000    0.358
   274   0.0000   8.5598   2.4789   0.0000  -0.0000   0.0000   0.0000  -0.0000   0.0000  -0.0000  -0.0000    0.348
   275   0.0000   8.5218   2.4372   0.0000  -0.0000   0.0000   0.0000  -0.0000   0.0000  -0.0000  -0.0000    0.334
   276   0.0000   8.4843   2.3895   0.0000  -0.0000   0.0000   0.0000  -0.0000   0.0000  -0.0000  -0.0000    0.319
   277   0.0000   8.4474   2.3361   0.0000  -0.0000   0.0000   0.0000   0.0000   0.0000  -0.0000  -0.0000    0.297
   278   0.0000   8.4112   2.2772   0.0000  -0.0000   0.0000   0.0000  -0.0000   0.0000  -0.0000  -0.0000    0.288
   279   0.0000   8.3759   2.2130   0.0000  -0.0000   0.0000   0.0000  -0.0000   0.0000  -0.0000  -0.0000    0.281
   280   0.0000   8.3415   2.1438   0.0000  -0.0000   0.0000   0.0000  -0.0000   0.0000  -0.0000  -0.0000    0.268
   281   0.0000   8.3161   1.0586   0.0000  -0.0000   0.0000   0.0000  -0.0000   0.0000  -0.0000  -0.0000    0.260
   282   0.0000   8.3408   2.0186   0.0000  -0.0000   0.0000   0.0000  -0.0000   0.0000  -0.0000  -0.0000    0.291
   283   0.0000   8.4051   1.9566   0.0000  -0.0000   0.0000   0.0000  -0.0000   0.0000  -0.0000  -0.0000    0.290
   284   0.0000   8.4668   1.8878   0.0000  -0.0000   0.0000   0.0000  -0.0000   0.0000  -0.0000  -0.0000    0.288
   285   0.0000   8.5257   1.8121   0.0000  -0.0000   0.0000   0.0000  -0.0000   0.0000  -0.0000  -0.0000    0.286
   286   0.0000   8.5817   1.7299   0.0000  -0.0000   0.0000   0.0000  -0.0000   0.0000  -0.0000  -0.0000    0.282
   287   0.0000   8.6348   1.6413   0.0000  -0.0000   0.0000   0.0000  -0.0000   0.0000  -0.0000  -0.0000    0.276
   288   0.0000   8.6846   1.5465   0.0000  -0.0000   0.0000   0.0000   0.0000   0.0000  -0.0000  -0.0000    0.269
   289   0.0000   8.7311   1.4459   0.0000  -0.0000   0.0000   0.0000  -0.0000   0.0000  -0.0000  -0.0000    0.261
   290   0.0000   8.7742   1.3399   0.0000  -0.0000   0.0000   0.0000  -0.0000   0.0000  -0.0000  -0.0000    0.258
   291   0.0000   8.8137   1.2286   0.0000  -0.0000   0.0000   0.0000  -0.0000   0.0000  -0.0000  -0.0000    0.255
   292   0.0000   8.8496   1.1127   0.0000   0.0000   0.0000   0.0000  -0.0000   0.0000  -0.0000  -0.0000    0.256
   293   0.0000   8.8817   0.9923   0.0000   0.0000   0.0000   0.0000  -0.0000   0.0000  -0.0000  -0.0000    0.256
   294   0.0000   8.9100   0.8681   0.0000  -0.0000   0.0000   0.0000  -0.0000   0.0000  -0.0000  -0.0000    0.259
   295   0.0000   8.9344   0.7405   0.0000  -0.0000   0.0000   0.0000  -0.0000   0.0000  -0.0000  -0.0000    0.260
   296   0.0000   8.9548   0.6099   0.0000   0.0000   0.0000   0.0000  -0.0000   0.0000  -0.0000  -0.0000    0.259
   297   0.0000   8.9713   0.4769   0.0000   0.0000   0.0000   0.0000  -0.0000   0.0000  -0.0000  -0.0000    0.264
   298   0.0000   8.9836   0.3420   0.0000   0.0000   0.0000   0.0000  -0.0000   0.0000  -0.0000  -0.0000    0.273
   299   0.0000   8.9919   0.2058   0.0000   0.0000   0.0000   0.0000  -0.0000   0.0000  -0.0000  -0.0000    0.263
   300   0.0000   8.9960   0.0687   0.0000   0.0000   0.0000   0.0000   0.0000   0.0000  -0.0000  -0.0000    0.263
 ---------------------------------------------------------------
